# Code_Saturne plot output (1D profile)
#
# Iteration output: 2273
# Time output:      2.30017e+01
#
#COLUMN_TITLES: Distance | X | Y | Z | diameter_Field2 | temp_Field1 | temp_Field2 | Velocity_Field1[Z] | Velocity_Field2[Z] | vol_f_Field2 | mass_trans_Field1 | Xd_Field2 | BK | COAL | COMP | NUCL | W1 | MT | SMBR | ALPBB | CONDNUM | GAMA | GAMANUC | epsilon_Field1
 4.56474e-03  1.39645e-04  0.00000e+00  3.47944e+00  6.60842e-05  3.58674e+02  3.60048e+02  4.24495e+00  4.25418e+00  9.94747e-03  7.14112e+01  5.27441e+02  3.53176e-06 -2.36753e+05  2.58858e+03  0.00000e+00 -2.34165e+05  6.58742e+05  4.24577e+05  9.94956e-03  1.00000e+00 -7.14038e+01  0.00000e+00  3.31605e-01 
 4.57812e-03  3.76525e-04  4.25872e-21  3.47944e+00  7.88116e-05  3.58679e+02  3.60048e+02  4.24444e+00  4.25623e+00  1.02689e-02  5.79056e+01  4.42264e+02  9.37024e-03 -1.81564e+05  2.16747e+03  0.00000e+00 -1.79397e+05  4.33902e+05  2.54505e+05  1.02708e-02  1.00000e+00 -5.78997e+01  0.00000e+00  3.35184e-01 
 4.60371e-03  6.13858e-04  0.00000e+00  3.47944e+00  8.94174e-05  3.58689e+02  3.60048e+02  4.24292e+00  4.25676e+00  1.08689e-02  5.17168e+01  3.89807e+02  7.60520e-01 -1.55883e+05  1.90968e+03  0.00000e+00 -1.53972e+05  3.22716e+05  1.68744e+05  1.08709e-02  1.00000e+00 -5.17114e+01  0.00000e+00  3.42243e-01 
 4.64138e-03  8.51483e-04  0.00000e+00  3.47944e+00  9.82577e-05  3.58704e+02  3.60048e+02  4.24068e+00  4.25616e+00  1.17467e-02  4.91913e+01  3.54736e+02  1.22426e+01 -1.44749e+05  1.73727e+03  0.00000e+00 -1.42999e+05  2.58470e+05  1.15471e+05  1.17488e-02  1.00000e+00 -4.91861e+01  0.00000e+00  3.52890e-01 
 4.69084e-03  1.08931e-03  0.00000e+00  3.47944e+00  1.06045e-04  3.58724e+02  3.60048e+02  4.23767e+00  4.25457e+00  1.29192e-02  4.86319e+01  3.28687e+02  9.01914e+01 -1.41457e+05  1.60907e+03  0.00000e+00 -1.39758e+05  2.15282e+05  7.55244e+04  1.29214e-02  1.00000e+00 -4.86267e+01  0.00000e+00  3.67307e-01 
 4.75174e-03  1.32727e-03  1.05001e-20  3.47944e+00  1.13138e-04  3.58749e+02  3.60048e+02  4.23391e+00  4.25206e+00  1.44143e-02  4.93438e+01  3.08081e+02  4.22472e+02 -1.43419e+05  1.50749e+03  0.00000e+00 -1.41489e+05  1.83506e+05  4.20177e+04  1.44166e-02  1.00000e+00 -4.93385e+01  0.00000e+00  3.85732e-01 
 4.82366e-03  1.56534e-03  0.00000e+00  3.47944e+00  1.19711e-04  3.58778e+02  3.60048e+02  4.22937e+00  4.24868e+00  1.62677e-02  5.10008e+01  2.91165e+02  1.46610e+03 -1.49559e+05  1.42389e+03  0.00000e+00 -1.46669e+05  1.58833e+05  1.21642e+04  1.62702e-02  1.00000e+00 -5.09951e+01  0.00000e+00  4.08486e-01 
 4.90611e-03  1.80349e-03  8.81027e-21  3.47944e+00  1.25832e-04  3.58813e+02  3.60048e+02  4.22406e+00  4.24442e+00  1.85240e-02  5.34456e+01  2.77000e+02  4.08708e+03 -1.59526e+05  1.35364e+03  0.00000e+00 -1.54085e+05  1.39064e+05 -1.50215e+04  1.85268e-02  1.00000e+00 -5.34395e+01  0.00000e+00  4.35970e-01 
 4.99859e-03  2.04170e-03  0.00000e+00  3.47944e+00  1.31507e-04  3.58852e+02  3.60048e+02  4.21793e+00  4.23924e+00  2.12341e-02  5.66032e+01  2.65047e+02  9.60798e+03 -1.73374e+05  1.29408e+03  0.00000e+00 -1.62472e+05  1.22939e+05 -3.95336e+04  2.12372e-02  1.00000e+00 -5.65965e+01  0.00000e+00  4.68682e-01 
 5.10055e-03  2.27996e-03  7.58893e-21  3.47944e+00  1.36705e-04  3.58895e+02  3.60048e+02  4.21096e+00  4.23312e+00  2.44569e-02  6.04463e+01  2.54970e+02  1.96853e+04 -1.91454e+05  1.24354e+03  0.00000e+00 -1.70525e+05  1.09653e+05 -6.08724e+04  2.44604e-02  1.00000e+00 -6.04389e+01  0.00000e+00  5.07217e-01 
 5.21143e-03  2.51826e-03  7.09702e-21  3.47944e+00  1.41388e-04  3.58941e+02  3.60048e+02  4.20311e+00  4.22597e+00  2.82577e-02  6.49665e+01  2.46524e+02  3.60505e+04 -2.14338e+05  1.20081e+03  0.00000e+00 -1.77086e+05  9.86221e+04 -7.84641e+04  2.82618e-02  1.00000e+00 -6.49583e+01  0.00000e+00  5.52291e-01 
 5.33068e-03  2.75659e-03  1.33300e-20  3.47944e+00  1.45537e-04  3.58991e+02  3.60048e+02  4.19432e+00  4.21777e+00  3.27080e-02  7.01537e+01  2.39496e+02  6.02574e+04 -2.42772e+05  1.16481e+03  0.00000e+00 -1.81350e+05  8.93840e+04 -9.19655e+04  3.27126e-02  1.00000e+00 -7.01444e+01  0.00000e+00  6.04755e-01 
 5.45775e-03  2.99495e-03  1.25651e-20  3.47944e+00  1.49162e-04  3.59044e+02  3.60048e+02  4.18454e+00  4.20845e+00  3.78836e-02  7.59784e+01  2.33676e+02  9.35639e+04 -2.77632e+05  1.13449e+03  0.00000e+00 -1.82933e+05  8.15488e+04 -1.01385e+05  3.78888e-02  1.00000e+00 -7.59678e+01  0.00000e+00  6.65620e-01 
 5.59212e-03  3.23333e-03  0.00000e+00  3.47944e+00  1.52310e-04  3.59100e+02  3.60048e+02  4.17369e+00  4.19796e+00  4.38624e-02  8.23757e+01  2.28847e+02  1.36960e+05 -3.19868e+05  1.10877e+03  0.00000e+00 -1.81799e+05  7.47852e+04 -1.07014e+05  4.38683e-02  1.00000e+00 -8.23636e+01  0.00000e+00  7.36083e-01 
 5.73326e-03  3.47172e-03  0.00000e+00  3.47944e+00  1.55058e-04  3.59157e+02  3.60048e+02  4.16170e+00  4.18623e+00  5.07230e-02  8.92391e+01  2.24792e+02  1.91258e+05 -3.70464e+05  1.08659e+03  0.00000e+00 -1.78119e+05  6.88168e+04 -1.09302e+05  5.07294e-02  1.00000e+00 -8.92252e+01  0.00000e+00  8.17565e-01 
 5.88069e-03  3.71014e-03 -5.35987e-21  3.47944e+00  1.57504e-04  3.59215e+02  3.60048e+02  4.14846e+00  4.17318e+00  5.85405e-02  9.64116e+01  2.21301e+02  2.57149e+05 -4.30363e+05  1.06689e+03  0.00000e+00 -1.72146e+05  6.34189e+04 -1.08727e+05  5.85475e-02  1.00000e+00 -9.63956e+01  0.00000e+00  9.11754e-01 
 6.03395e-03  3.94857e-03  5.10973e-21  3.47944e+00  1.59760e-04  3.59274e+02  3.60048e+02  4.13386e+00  4.15873e+00  6.73817e-02  1.03009e+02  2.18176e+02  3.35179e+05 -5.00372e+05  1.04867e+03  0.00000e+00 -1.64144e+05  5.80362e+04 -1.06108e+05  6.73893e-02  1.00000e+00 -1.02990e+02  0.00000e+00  1.02065e+00 
 6.19261e-03  4.18701e-03  0.00000e+00  3.47944e+00  1.61936e-04  3.59333e+02  3.60048e+02  4.11774e+00  4.14276e+00  7.72957e-02  1.08605e+02  2.15244e+02  4.25604e+05 -5.81063e+05  1.03109e+03  0.00000e+00 -1.54427e+05  5.26242e+04 -1.01803e+05  7.73037e-02  1.00000e+00 -1.08585e+02  0.00000e+00  1.14662e+00 
 6.35626e-03  4.42546e-03  0.00000e+00  3.47944e+00  1.64134e-04  3.59391e+02  3.60048e+02  4.09991e+00  4.12508e+00  8.83099e-02  1.13391e+02  2.12362e+02  5.28203e+05 -6.72687e+05  1.01340e+03  0.00000e+00 -1.43470e+05  4.74463e+04 -9.60240e+04  8.83181e-02  1.00000e+00 -1.13368e+02  0.00000e+00  1.29242e+00 
 6.52453e-03  4.66392e-03 -8.96437e-21  3.47944e+00  1.66456e-04  3.59448e+02  3.60048e+02  4.08017e+00  4.10536e+00  1.00413e-01  1.17022e+02  2.09399e+02  6.42228e+05 -7.74888e+05  9.94981e+02  0.00000e+00 -1.31665e+05  4.24625e+04 -8.92026e+04  1.00421e-01  1.00000e+00 -1.16996e+02  0.00000e+00  1.46128e+00 
 6.69707e-03  4.90238e-03  1.72236e-20  3.47944e+00  1.69004e-04  3.59504e+02  3.60048e+02  4.05824e+00  4.08350e+00  1.13588e-01  1.19220e+02  2.06242e+02  7.66153e+05 -8.86847e+05  9.75222e+02  0.00000e+00 -1.19719e+05  3.76653e+04 -8.20534e+04  1.13596e-01  1.00000e+00 -1.19190e+02  0.00000e+00  1.65688e+00 
 6.87356e-03  5.14086e-03  8.28595e-21  3.47944e+00  1.71864e-04  3.59558e+02  3.60048e+02  4.03383e+00  4.05917e+00  1.27719e-01  1.19697e+02  2.02811e+02  8.97830e+05 -1.00663e+06  9.53723e+02  0.00000e+00 -1.07848e+05  3.30719e+04 -7.47764e+04  1.27727e-01  1.00000e+00 -1.19664e+02  0.00000e+00  1.88357e+00 
 7.05370e-03  5.37934e-03 -1.59677e-20  3.47944e+00  1.75108e-04  3.59609e+02  3.60048e+02  4.00658e+00  4.03202e+00  1.42734e-01  1.18332e+02  1.99054e+02  1.03411e+06 -1.13217e+06  9.30232e+02  0.00000e+00 -9.71370e+04  2.87130e+04 -6.84240e+04  1.42742e-01  1.00000e+00 -1.18296e+02  0.00000e+00  2.14591e+00 
 7.23722e-03  5.61783e-03  0.00000e+00  3.47944e+00  1.78771e-04  3.59658e+02  3.60048e+02  3.97616e+00  4.00173e+00  1.58400e-01  1.15033e+02  1.94976e+02  1.17180e+06 -1.26023e+06  9.04713e+02  0.00000e+00 -8.75273e+04  2.46361e+04 -6.28912e+04  1.58407e-01  1.00000e+00 -1.14994e+02  0.00000e+00  2.44954e+00 
 7.42387e-03  5.85632e-03  0.00000e+00  3.47944e+00  1.82860e-04  3.59703e+02  3.60048e+02  3.94218e+00  3.96789e+00  1.74594e-01  1.09937e+02  1.90616e+02  1.30713e+06 -1.38835e+06  8.77402e+02  0.00000e+00 -8.03358e+04  2.08825e+04 -5.94533e+04  1.74601e-01  1.00000e+00 -1.09896e+02  0.00000e+00  2.79990e+00 
 7.61342e-03  6.09482e-03  0.00000e+00  3.47944e+00  1.87309e-04  3.59746e+02  3.60048e+02  3.90431e+00  3.93017e+00  1.90975e-01  1.03200e+02  1.86090e+02  1.43781e+06 -1.51347e+06  8.48743e+02  0.00000e+00 -7.48079e+04  1.74953e+04 -5.73126e+04  1.90980e-01  1.00000e+00 -1.03157e+02  0.00000e+00  3.20451e+00 
 7.80566e-03  6.33332e-03  0.00000e+00  3.47944e+00  1.92021e-04  3.59787e+02  3.60048e+02  3.86221e+00  3.88822e+00  2.07430e-01  9.51834e+01  1.81524e+02  1.56156e+06 -1.63481e+06  8.19426e+02  0.00000e+00 -7.24342e+04  1.44909e+04 -5.79433e+04  2.07435e-01  1.00000e+00 -9.51374e+01  0.00000e+00  3.67030e+00 
 8.00039e-03  6.57182e-03  0.00000e+00  3.47944e+00  1.96788e-04  3.59824e+02  3.60048e+02  3.81567e+00  3.84181e+00  2.23586e-01  8.61971e+01  1.77126e+02  1.67951e+06 -1.75207e+06  7.90254e+02  0.00000e+00 -7.17711e+04  1.18790e+04 -5.98921e+04  2.23589e-01  1.00000e+00 -8.61491e+01  0.00000e+00  4.20912e+00 
 8.19744e-03  6.81033e-03  1.31016e-20  3.47944e+00  2.01409e-04  3.59859e+02  3.60049e+02  3.76429e+00  3.79050e+00  2.39442e-01  7.66230e+01  1.73063e+02  1.79260e+06 -1.86814e+06  7.62080e+02  0.00000e+00 -7.47747e+04  9.63330e+03 -6.51414e+04  2.39445e-01  1.00000e+00 -7.65731e+01  0.00000e+00  4.83262e+00 
 8.39664e-03  7.04884e-03  0.00000e+00  3.47944e+00  2.05533e-04  3.59892e+02  3.60049e+02  3.70793e+00  3.73413e+00  2.54642e-01  6.67099e+01  1.69591e+02  1.90717e+06 -1.98719e+06  7.35773e+02  0.00000e+00 -7.92867e+04  7.72737e+03 -7.15593e+04  2.54642e-01  1.00000e+00 -6.66583e+01  0.00000e+00  5.56448e+00 
 8.59784e-03  7.28736e-03  0.00000e+00  3.47944e+00  2.08905e-04  3.59922e+02  3.60049e+02  3.64567e+00  3.67174e+00  2.69402e-01  5.66387e+01  1.66855e+02  2.02732e+06 -2.11675e+06  7.11958e+02  0.00000e+00 -8.87202e+04  6.10015e+03 -8.26201e+04  2.69407e-01  1.00000e+00 -5.65852e+01  0.00000e+00  6.42884e+00 
 8.80092e-03  7.52587e-03  0.00000e+00  3.47944e+00  2.11055e-04  3.59952e+02  3.60049e+02  3.57743e+00  3.60321e+00  2.83382e-01  4.64111e+01  1.65156e+02  2.16630e+06 -2.26711e+06  6.91350e+02  0.00000e+00 -1.00115e+05  4.70252e+03 -9.54124e+04  2.83384e-01  1.00000e+00 -4.63556e+01  0.00000e+00  7.48046e+00 
 9.00573e-03  7.76439e-03 -1.17014e-20  3.47944e+00  2.11734e-04  3.59980e+02  3.60049e+02  3.50046e+00  3.52575e+00  2.97000e-01  3.58308e+01  1.64627e+02  2.33195e+06 -2.45191e+06  6.74317e+02  0.00000e+00 -1.19282e+05  3.45149e+03 -1.15831e+05  2.97004e-01  1.00000e+00 -3.57730e+01  0.00000e+00  8.77464e+00 
 9.21216e-03  8.00291e-03  0.00000e+00  3.47944e+00  2.10361e-04  3.60008e+02  3.60050e+02  3.41585e+00  3.44036e+00  3.09998e-01  2.44521e+01  1.65702e+02  2.55065e+06 -2.69515e+06  6.61528e+02  0.00000e+00 -1.43835e+05  2.26943e+03 -1.41565e+05  3.09999e-01  1.00000e+00 -2.43913e+01  0.00000e+00  1.04536e+01 
 9.42012e-03  8.24144e-03  0.00000e+00  3.47944e+00  2.06671e-04  3.60037e+02  3.60050e+02  3.31506e+00  3.33857e+00  3.22815e-01  1.12867e+01  1.68662e+02  2.84309e+06 -3.02686e+06  6.53179e+02  0.00000e+00 -1.83121e+05  1.02059e+03 -1.82100e+05  3.22819e-01  1.00000e+00 -1.12221e+01  0.00000e+00  1.26735e+01 
 9.62949e-03  8.47996e-03  0.00000e+00  3.47944e+00  1.99894e-04  3.60068e+02  3.60050e+02  3.20374e+00  3.22593e+00  3.35355e-01 -1.22728e+01  1.74382e+02  3.27791e+06 -3.51587e+06  6.50593e+02  0.00000e+00 -2.37309e+05 -1.12261e+03 -2.38432e+05  3.35357e-01  1.00000e+00  1.24028e+01  0.00000e+00  1.58951e+01 
 9.84019e-03  8.71849e-03  0.00000e+00  3.47944e+00  1.89604e-04  3.60106e+02  3.60051e+02  3.05672e+00  3.07748e+00  3.47914e-01 -6.79493e+01  1.83846e+02  3.94375e+06 -4.26857e+06  6.53543e+02  0.00000e+00 -3.24164e+05 -6.26287e+03 -3.30427e+05  3.47920e-01  1.00000e+00  6.80900e+01  0.00000e+00  2.07920e+01 
 1.00521e-02  8.95702e-03  0.00000e+00  3.47944e+00  1.74483e-04  3.60164e+02  3.60051e+02  2.88570e+00  2.90484e+00  3.60374e-01 -1.77090e+02  1.99780e+02  5.14246e+06 -5.58176e+06  6.65445e+02  0.00000e+00 -4.38635e+05 -1.71030e+04 -4.55738e+05  3.60379e-01  1.00000e+00  1.77247e+02  0.00000e+00  2.97469e+01 
 1.02653e-02  9.19555e-03  0.00000e+00  3.47944e+00  1.54525e-04  3.60285e+02  3.60052e+02  2.61480e+00  2.63140e+00  3.73919e-01 -4.74618e+02  2.25586e+02  7.54884e+06 -8.08813e+06  6.75161e+02  0.00000e+00 -5.38608e+05 -4.98564e+04 -5.88465e+05  3.73933e-01  1.00000e+00  4.74796e+02  0.00000e+00  4.94926e+01 
 1.04795e-02  9.43408e-03  0.00000e+00  3.47944e+00  1.31623e-04  3.60700e+02  3.60053e+02  2.18539e+00  2.19622e+00  3.89416e-01 -4.93752e+03  2.64842e+02  1.40480e+07 -1.32304e+07  6.88924e+02  1.11579e+06  1.93411e+06 -2.00937e+06 -7.52601e+04  3.89426e-01  1.00000e+00  4.93772e+03  3.14297e+03  1.25250e+02 
