# Code_Saturne plot output (1D profile)
#
# Iteration output: 4659
# Time output:      2.30009e+01
#
#COLUMN_TITLES: Distance | X | Y | Z | diameter_Field2 | temp_Field1 | temp_Field2 | Velocity_Field1[Z] | Velocity_Field2[Z] | vol_f_Field2 | mass_trans_Field1 | Xd_Field2 | BK | COAL | COMP | NUCL | W1 | MT | SMBR | ALPBB | CONDNUM | GAMA | GAMANUC | epsilon_Field1
 4.56474e-03  1.39645e-04  0.00000e+00  3.47944e+00  2.64482e-04  3.59930e+02  3.60056e+02  5.18046e+00  5.24263e+00  1.81878e-01  2.40366e+01  1.31728e+02  5.45116e+05 -8.21186e+05  9.54138e+02  0.00000e+00 -2.75115e+05  5.70976e+03 -2.69405e+05  1.81886e-01  1.00000e+00 -2.38927e+01  0.00000e+00  8.24106e-01 
 4.57812e-03  3.76525e-04  4.25872e-21  3.47944e+00  2.74063e-04  3.59930e+02  3.60056e+02  5.17958e+00  5.24446e+00  1.83147e-01  2.29896e+01  1.27123e+02  5.53761e+05 -7.79702e+05  9.20880e+02  0.00000e+00 -2.25020e+05  5.23354e+03 -2.19786e+05  1.83155e-01  1.00000e+00 -2.28511e+01  0.00000e+00  8.34491e-01 
 4.60371e-03  6.13858e-04  0.00000e+00  3.47944e+00  2.79399e-04  3.59932e+02  3.60056e+02  5.17762e+00  5.24379e+00  1.85308e-01  2.24702e+01  1.24695e+02  5.65994e+05 -7.68024e+05  9.03367e+02  0.00000e+00 -2.01126e+05  4.95883e+03 -1.96167e+05  1.85315e-01  1.00000e+00 -2.23334e+01  0.00000e+00  8.54842e-01 
 4.64138e-03  8.51483e-04  0.00000e+00  3.47944e+00  2.82765e-04  3.59934e+02  3.60056e+02  5.17467e+00  5.24143e+00  1.88428e-01  2.21786e+01  1.23211e+02  5.83158e+05 -7.72632e+05  8.92525e+02  0.00000e+00 -1.88581e+05  4.75567e+03 -1.83826e+05  1.88435e-01  1.00000e+00 -2.20413e+01  0.00000e+00  8.85581e-01 
 4.69084e-03  1.08931e-03  0.00000e+00  3.47944e+00  2.85474e-04  3.59937e+02  3.60056e+02  5.17063e+00  5.23765e+00  1.92520e-01  2.19556e+01  1.22041e+02  6.05323e+05 -7.86768e+05  8.83846e+02  0.00000e+00 -1.80561e+05  4.56345e+03 -1.75997e+05  1.92527e-01  1.00000e+00 -2.18166e+01  0.00000e+00  9.27307e-01 
 4.75174e-03  1.32727e-03  1.05001e-20  3.47944e+00  2.88117e-04  3.59941e+02  3.60056e+02  5.16543e+00  5.23255e+00  1.97549e-01  2.17237e+01  1.20922e+02  6.32202e+05 -8.07371e+05  8.75426e+02  0.00000e+00 -1.74294e+05  4.35915e+03 -1.69934e+05  1.97556e-01  1.00000e+00 -2.15822e+01  0.00000e+00  9.80860e-01 
 4.82366e-03  1.56534e-03  0.00000e+00  3.47944e+00  2.91005e-04  3.59946e+02  3.60056e+02  5.15896e+00  5.22614e+00  2.03493e-01  2.14372e+01  1.19722e+02  6.63243e+05 -8.32728e+05  8.66317e+02  0.00000e+00 -1.68618e+05  4.13364e+03 -1.64484e+05  2.03500e-01  1.00000e+00 -2.12928e+01  0.00000e+00  1.04725e+00 
 4.90611e-03  1.80349e-03  8.81027e-21  3.47944e+00  2.94310e-04  3.59951e+02  3.60056e+02  5.15111e+00  5.21833e+00  2.10283e-01  2.10630e+01  1.18378e+02  6.97753e+05 -8.61514e+05  8.56045e+02  0.00000e+00 -1.62905e+05  3.88514e+03 -1.59020e+05  2.10289e-01  1.00000e+00 -2.09152e+01  0.00000e+00  1.12768e+00 
 4.99859e-03  2.04170e-03  0.00000e+00  3.47944e+00  2.98144e-04  3.59957e+02  3.60056e+02  5.14172e+00  5.20903e+00  2.17857e-01  2.05779e+01  1.16855e+02  7.34824e+05 -8.92612e+05  8.44348e+02  0.00000e+00 -1.56943e+05  3.61537e+03 -1.53328e+05  2.17863e-01  1.00000e+00 -2.04267e+01  0.00000e+00  1.22347e+00 
 5.10055e-03  2.27996e-03  7.58893e-21  3.47944e+00  3.02566e-04  3.59963e+02  3.60056e+02  5.13066e+00  5.19810e+00  2.26109e-01  1.99650e+01  1.15147e+02  7.73475e+05 -9.24870e+05  8.31151e+02  0.00000e+00 -1.50565e+05  3.32896e+03 -1.47236e+05  2.26114e-01  1.00000e+00 -1.98103e+01  0.00000e+00  1.33611e+00 
 5.21143e-03  2.51826e-03  7.09702e-21  3.47944e+00  3.07602e-04  3.59969e+02  3.60056e+02  5.11777e+00  5.18539e+00  2.34945e-01  1.92170e+01  1.13262e+02  8.12615e+05 -9.57263e+05  8.16497e+02  0.00000e+00 -1.43832e+05  3.03178e+03 -1.40800e+05  2.34950e-01  1.00000e+00 -1.90588e+01  0.00000e+00  1.46712e+00 
 5.33068e-03  2.75659e-03  1.33300e-20  3.47944e+00  3.13232e-04  3.59976e+02  3.60056e+02  5.10289e+00  5.17075e+00  2.44229e-01  1.83337e+01  1.11227e+02  8.51253e+05 -9.88789e+05  8.00551e+02  0.00000e+00 -1.36736e+05  2.73092e+03 -1.34005e+05  2.44235e-01  1.00000e+00 -1.81724e+01  0.00000e+00  1.61812e+00 
 5.45775e-03  2.99495e-03  1.25651e-20  3.47944e+00  3.19406e-04  3.59983e+02  3.60056e+02  5.08587e+00  5.15402e+00  2.53884e-01  1.73258e+01  1.09077e+02  8.88382e+05 -1.01877e+06  7.83561e+02  0.00000e+00 -1.29608e+05  2.43300e+03 -1.27175e+05  2.53888e-01  1.00000e+00 -1.71616e+01  0.00000e+00  1.79056e+00 
 5.59212e-03  3.23333e-03  0.00000e+00  3.47944e+00  3.26015e-04  3.59990e+02  3.60056e+02  5.06658e+00  5.13505e+00  2.63716e-01  1.62064e+01  1.06866e+02  9.23524e+05 -1.04651e+06  7.65816e+02  0.00000e+00 -1.22224e+05  2.14482e+03 -1.20079e+05  2.63717e-01  1.00000e+00 -1.60396e+01  0.00000e+00  1.98621e+00 
 5.73326e-03  3.47172e-03  0.00000e+00  3.47944e+00  3.32931e-04  3.59998e+02  3.60056e+02  5.04493e+00  5.11374e+00  2.73691e-01  1.49997e+01  1.04646e+02  9.56078e+05 -1.07201e+06  7.47804e+02  0.00000e+00 -1.15188e+05  1.87121e+03 -1.13317e+05  2.73689e-01  1.00000e+00 -1.48307e+01  0.00000e+00  2.20615e+00 
 5.88069e-03  3.71014e-03 -5.35987e-21  3.47944e+00  3.39952e-04  3.60005e+02  3.60056e+02  5.02089e+00  5.09002e+00  2.83604e-01  1.37258e+01  1.02485e+02  9.86468e+05 -1.09528e+06  7.29802e+02  0.00000e+00 -1.08083e+05  1.61637e+03 -1.06467e+05  2.83600e-01  1.00000e+00 -1.35547e+01  0.00000e+00  2.45257e+00 
 6.03395e-03  3.94857e-03  5.10973e-21  3.47944e+00  3.46874e-04  3.60012e+02  3.60056e+02  4.99443e+00  5.06385e+00  2.93382e-01  1.24105e+01  1.00440e+02  1.01486e+06 -1.11680e+06  7.12465e+02  0.00000e+00 -1.01226e+05  1.38250e+03 -9.98434e+04  2.93380e-01  1.00000e+00 -1.22374e+01  0.00000e+00  2.72634e+00 
 6.19261e-03  4.18701e-03  0.00000e+00  3.47944e+00  3.53455e-04  3.60020e+02  3.60056e+02  4.96556e+00  5.03517e+00  3.02916e-01  1.10722e+01  9.85699e+01  1.04219e+06 -1.13741e+06  6.96108e+02  0.00000e+00 -9.45266e+04  1.17013e+03 -9.33565e+04  3.02919e-01  1.00000e+00 -1.08972e+01  0.00000e+00  3.02964e+00 
 6.35626e-03  4.42546e-03  0.00000e+00  3.47944e+00  3.59485e-04  3.60027e+02  3.60056e+02  4.93429e+00  5.00397e+00  3.12210e-01  9.73120e+00  9.69170e+01  1.06930e+06 -1.15829e+06  6.81115e+02  0.00000e+00 -8.83149e+04  9.78668e+02 -8.73363e+04  3.12216e-01  1.00000e+00 -9.55412e+00  0.00000e+00  3.36466e+00 
 6.52453e-03  4.66392e-03 -8.96437e-21  3.47944e+00  3.64737e-04  3.60034e+02  3.60056e+02  4.90060e+00  4.97018e+00  3.21242e-01  8.39670e+00  9.55215e+01  1.09746e+06 -1.18082e+06  6.67591e+02  0.00000e+00 -8.26899e+04  8.06286e+02 -8.18836e+04  3.21249e-01  1.00000e+00 -8.21730e+00  0.00000e+00  3.73512e+00 
 6.69707e-03  4.90238e-03  1.72236e-20  3.47944e+00  3.69054e-04  3.60041e+02  3.60056e+02  4.86442e+00  4.93370e+00  3.30014e-01  7.07513e+00  9.44045e+01  1.12762e+06 -1.20613e+06  6.55797e+02  0.00000e+00 -7.78585e+04  6.50672e+02 -7.72079e+04  3.30020e-01  1.00000e+00 -6.89298e+00  0.00000e+00  4.14390e+00 
 6.87356e-03  5.14086e-03  8.28595e-21  3.47944e+00  3.72260e-04  3.60047e+02  3.60057e+02  4.82570e+00  4.89445e+00  3.38477e-01  5.76518e+00  9.35917e+01  1.16127e+06 -1.23560e+06  6.45777e+02  0.00000e+00 -7.36779e+04  5.09122e+02 -7.31688e+04  3.38483e-01  1.00000e+00 -5.57979e+00  0.00000e+00  4.59672e+00 
 7.05370e-03  5.37934e-03 -1.59677e-20  3.47944e+00  3.74292e-04  3.60054e+02  3.60057e+02  4.78426e+00  4.85228e+00  3.46657e-01  4.46409e+00  9.30841e+01  1.19930e+06 -1.27025e+06  6.37579e+02  0.00000e+00 -7.03074e+04  3.78783e+02 -6.99287e+04  3.46663e-01  1.00000e+00 -4.27482e+00  0.00000e+00  5.09850e+00 
 7.23722e-03  5.61783e-03  0.00000e+00  3.47944e+00  3.75037e-04  3.60060e+02  3.60057e+02  4.73999e+00  4.80699e+00  3.54521e-01  3.16458e+00  9.28995e+01  1.24339e+06 -1.31160e+06  6.31169e+02  0.00000e+00 -6.75717e+04  2.56882e+02 -6.73149e+04  3.54526e-01  1.00000e+00 -2.97073e+00  0.00000e+00  5.65863e+00 
 7.42387e-03  5.85632e-03  0.00000e+00  3.47944e+00  3.74529e-04  3.60066e+02  3.60057e+02  4.69255e+00  4.75831e+00  3.62157e-01  1.85737e+00  9.30259e+01  1.29419e+06 -1.36071e+06  6.26476e+02  0.00000e+00 -6.58923e+04  1.40547e+02 -6.57517e+04  3.62164e-01  1.00000e+00 -1.65812e+00  0.00000e+00  6.28475e+00 
 7.61342e-03  6.09482e-03  0.00000e+00  3.47944e+00  3.72674e-04  3.60072e+02  3.60057e+02  4.64185e+00  4.70609e+00  3.69483e-01  5.31221e-01  9.34893e+01  1.35408e+06 -1.41945e+06  6.23463e+02  0.00000e+00 -6.47549e+04  2.71908e+01 -6.47277e+04  3.69490e-01  1.00000e+00 -3.25653e-01  0.00000e+00  6.99303e+00 
 7.80566e-03  6.33332e-03  0.00000e+00  3.47944e+00  3.69583e-04  3.60077e+02  3.60057e+02  4.58722e+00  4.64972e+00  3.76651e-01 -1.96451e+00  9.42718e+01  1.42357e+06 -1.48915e+06  6.22021e+02  0.00000e+00 -6.49550e+04 -2.00744e+02 -6.51557e+04  3.76660e-01  1.00000e+00  2.43054e+00  0.00000e+00  7.79531e+00 
 8.00039e-03  6.57182e-03  0.00000e+00  3.47944e+00  3.65118e-04  3.60083e+02  3.60058e+02  4.52879e+00  4.58929e+00  3.83530e-01 -5.17904e+00  9.54250e+01  1.50658e+06 -1.57287e+06  6.22193e+02  0.00000e+00 -6.56675e+04 -4.64953e+02 -6.61324e+04  3.83539e-01  1.00000e+00  5.66304e+00  0.00000e+00  8.72074e+00 
 8.19744e-03  6.81033e-03  1.31016e-20  3.47944e+00  3.59414e-04  3.60088e+02  3.60058e+02  4.46498e+00  4.52327e+00  3.90296e-01 -8.66633e+00  9.69400e+01  1.60414e+06 -1.67283e+06  6.23858e+02  0.00000e+00 -6.80633e+04 -7.51666e+02 -6.88149e+04  3.90308e-01  1.00000e+00  9.17108e+00  0.00000e+00  9.78954e+00 
 8.39664e-03  7.04884e-03  0.00000e+00  3.47944e+00  3.52252e-04  3.60093e+02  3.60058e+02  4.39693e+00  4.45272e+00  3.96843e-01 -1.25925e+01  9.89118e+01  1.72277e+06 -1.79496e+06  6.27375e+02  0.00000e+00 -7.15611e+04 -1.07922e+03 -7.26403e+04  3.96855e-01  1.00000e+00  1.31215e+01  0.00000e+00  1.10552e+01 
 8.59784e-03  7.28736e-03  0.00000e+00  3.47944e+00  3.43768e-04  3.60099e+02  3.60059e+02  4.32039e+00  4.37349e+00  4.03361e-01 -1.72152e+01  1.01353e+02  1.86552e+06 -1.94382e+06  6.32058e+02  0.00000e+00 -7.76650e+04 -1.47363e+03 -7.91386e+04  4.03376e-01  1.00000e+00  1.77726e+01  0.00000e+00  1.25618e+01 
 8.80092e-03  7.52587e-03  0.00000e+00  3.47944e+00  3.33589e-04  3.60105e+02  3.60059e+02  4.24011e+00  4.29030e+00  4.09676e-01 -2.29442e+01  1.04447e+02  2.04563e+06 -2.13155e+06  6.38988e+02  0.00000e+00 -8.52882e+04 -1.98004e+03 -8.72683e+04  4.09692e-01  1.00000e+00  2.35356e+01  0.00000e+00  1.44250e+01 
 9.00573e-03  7.76439e-03 -1.17014e-20  3.47944e+00  3.21883e-04  3.60113e+02  3.60059e+02  4.14383e+00  4.19083e+00  4.16075e-01 -3.04570e+01  1.08246e+02  2.26941e+06 -2.36874e+06  6.47872e+02  0.00000e+00 -9.86839e+04 -2.66893e+03 -1.01353e+05  4.16093e-01  1.00000e+00  3.10888e+01  0.00000e+00  1.67229e+01 
 9.21216e-03  8.00291e-03  0.00000e+00  3.47944e+00  3.07963e-04  3.60122e+02  3.60060e+02  4.04735e+00  4.09087e+00  4.22402e-01 -4.10002e+01  1.13140e+02  2.56973e+06 -2.68579e+06  6.60046e+02  0.00000e+00 -1.15391e+05 -3.68414e+03 -1.19076e+05  4.22422e-01  1.00000e+00  4.16828e+01  0.00000e+00  1.97776e+01 
 9.42012e-03  8.24144e-03  0.00000e+00  3.47944e+00  2.92024e-04  3.60134e+02  3.60060e+02  3.91416e+00  3.95335e+00  4.28894e-01 -5.68743e+01  1.19316e+02  2.96522e+06 -3.11291e+06  6.75760e+02  0.00000e+00 -1.47012e+05 -5.28942e+03 -1.52301e+05  4.28918e-01  1.00000e+00  5.76197e+01  0.00000e+00  2.37576e+01 
 9.62949e-03  8.47996e-03  0.00000e+00  3.47944e+00  2.72775e-04  3.60152e+02  3.60061e+02  3.79110e+00  3.82639e+00  4.35449e-01 -8.32670e+01  1.27737e+02  3.55148e+06 -3.74403e+06  6.97790e+02  0.00000e+00 -1.91850e+05 -8.14060e+03 -1.99991e+05  4.35474e-01  1.00000e+00  8.40973e+01  0.00000e+00  2.96324e+01 
 9.84019e-03  8.71849e-03  0.00000e+00  3.47944e+00  2.50102e-04  3.60182e+02  3.60061e+02  3.59642e+00  3.62755e+00  4.42209e-01 -1.32410e+02  1.39319e+02  4.43961e+06 -4.71764e+06  7.23073e+02  0.00000e+00 -2.77304e+05 -1.38644e+04 -2.91169e+05  4.42236e-01  1.00000e+00  1.33355e+02  0.00000e+00  3.84352e+01 
 1.00521e-02  8.95702e-03  0.00000e+00  3.47944e+00  2.21261e-04  3.60236e+02  3.60062e+02  3.40921e+00  3.43629e+00  4.49240e-01 -2.43440e+02  1.57481e+02  6.07908e+06 -6.49934e+06  7.67941e+02  0.00000e+00 -4.19496e+05 -2.82939e+04 -4.47790e+05  4.49264e-01  1.00000e+00  2.44568e+02  0.00000e+00  5.48270e+01 
 1.02653e-02  9.19555e-03  0.00000e+00  3.47944e+00  1.85300e-04  3.60363e+02  3.60063e+02  3.06163e+00  3.08449e+00  4.56832e-01 -5.73958e+02  1.88046e+02  9.57449e+06 -1.02678e+07  8.16711e+02  0.00000e+00 -6.92477e+05 -7.81618e+04 -7.70639e+05  4.56854e-01  1.00000e+00  5.75388e+02  0.00000e+00  9.07087e+01 
 1.04795e-02  9.43408e-03  0.00000e+00  3.47944e+00  1.39817e-04  3.60809e+02  3.60064e+02  2.56918e+00  2.58270e+00  4.67956e-01 -5.75579e+03  2.49224e+02  2.07737e+07 -2.08862e+07  9.37489e+02  2.29655e+06  2.18503e+06 -2.24394e+06 -5.89093e+04  4.67956e-01  1.00000e+00  5.75782e+03  3.47014e+03  2.29393e+02 
