# Code_Saturne plot output (1D profile)
#
# Iteration output: 1593
# Time output:      2.30051e+01
#
#COLUMN_TITLES: Distance | X | Y | Z | diameter_Field2 | temp_Field1 | temp_Field2 | Velocity_Field1[Z] | Velocity_Field2[Z] | vol_f_Field2 | mass_trans_Field1 | Xd_Field2 | BK | COAL | COMP | NUCL | W1 | MT | SMBR | ALPBB | CONDNUM | GAMA | GAMANUC | epsilon_Field1
 4.56474e-03  1.39645e-04  0.00000e+00  3.47944e+00  1.00000e-05  3.56353e+02  3.60048e+02  3.67667e+00  3.67709e+00  4.30163e-18  9.94034e-11  3.48629e+03  0.00000e+00 -5.78547e-07  1.08614e+04  0.00000e+00  1.08614e+04  1.44343e-01 -2.63348e+04  1.12730e-15  1.12730e-09 -9.94034e-11  0.00000e+00  2.39303e-01 
 4.57812e-03  3.76525e-04  4.25872e-21  3.47944e+00  1.00000e-05  3.56360e+02  3.60048e+02  3.67611e+00  3.67653e+00  5.35995e-18  9.78966e-11  3.48629e+03  0.00000e+00 -5.71117e-07  1.14236e+04  0.00000e+00  1.14236e+04  1.42154e-01 -2.70203e+04  1.10945e-15  1.10945e-09 -9.78966e-11  0.00000e+00  2.41522e-01 
 4.60371e-03  6.13858e-04  0.00000e+00  3.47944e+00  1.00000e-05  3.56373e+02  3.60048e+02  3.67456e+00  3.67497e+00  1.38055e-17  9.62302e-11  3.48630e+03  0.00000e+00 -5.64343e-07  9.75648e+03  0.00000e+00  9.75648e+03  1.39735e-01 -2.78631e+04  1.08982e-15  1.08982e-09 -9.62302e-11  0.00000e+00  2.45901e-01 
 4.64138e-03  8.51483e-04  0.00000e+00  3.47944e+00  1.00000e-05  3.56393e+02  3.60048e+02  3.67229e+00  3.67271e+00  8.19348e-17  9.32783e-11  3.48630e+03  0.00000e+00 -5.51200e-07  9.15423e+03  0.00000e+00  9.15423e+03  1.35448e-01 -2.98544e+04  1.05520e-15  1.05520e-09 -9.32783e-11  0.00000e+00  2.52496e-01 
 4.69084e-03  1.08931e-03  0.00000e+00  3.47944e+00  1.00000e-05  3.56420e+02  3.60048e+02  3.66926e+00  3.66968e+00  6.13446e-16  1.25976e-10  3.48630e+03  0.00000e+00 -7.53115e-07  9.04185e+03  0.00000e+00  9.04185e+03  1.82929e-01 -3.71957e+04  1.42539e-15  1.42539e-09 -1.25976e-10  0.00000e+00  2.61399e-01 
 4.75174e-03  1.32727e-03  1.05001e-20  3.47944e+00  1.00000e-05  3.56453e+02  3.60048e+02  3.66549e+00  3.66591e+00  4.76765e-15  7.57192e-10  3.48629e+03  0.00000e+00 -4.63363e-06  9.08104e+03  0.00000e+00  9.08104e+03  1.09951e+00 -6.20090e+03  8.64829e-15  8.64829e-09 -7.57192e-10  0.00000e+00  2.72719e-01 
 4.82366e-03  1.56534e-03  0.00000e+00  3.47944e+00  1.00001e-05  3.56493e+02  3.60048e+02  3.66096e+00  3.66137e+00  3.70608e-14  5.45661e-09  3.48625e+03  0.00000e+00 -3.44138e-05  9.16017e+03  0.00000e+00  9.16017e+03  7.92349e+00 -8.53311e+02  6.31901e-14  6.31901e-08 -5.45661e-09  0.00000e+00  2.86592e-01 
 4.90611e-03  1.80349e-03  8.81027e-21  3.47944e+00  1.00002e-05  3.56540e+02  3.60048e+02  3.65564e+00  3.65597e+00  2.88683e-13  4.07016e-08  3.48624e+03  0.00000e+00 -2.61525e-04  9.03775e+03  0.00000e+00  9.03775e+03  5.91024e+01 -1.13803e+02  4.71396e-13  4.71396e-07 -4.07016e-08  0.00000e+00  3.03181e-01 
 4.99859e-03  2.04170e-03  0.00000e+00  3.47944e+00  1.00000e-05  3.56593e+02  3.60048e+02  3.64953e+00  3.64977e+00  2.35959e-12  3.18833e-07  3.48630e+03  0.00000e+00 -2.04926e-03  8.98616e+03  0.00000e+00  8.98615e+03  4.62975e+02 -1.43415e+01  3.61881e-12  3.61881e-06 -3.18833e-07  0.00000e+00  3.22672e-01 
 5.10055e-03  2.27996e-03  7.58893e-21  3.47944e+00  1.00000e-05  3.56653e+02  3.60048e+02  3.64260e+00  3.64278e+00  2.01858e-11  2.59359e-06  3.48630e+03  0.00000e+00 -1.70070e-02  8.92087e+03  0.00000e+00  8.92085e+03  3.76615e+03 -1.29587e+00  2.93714e-11  2.93714e-05 -2.59360e-06  0.00000e+00  3.45277e-01 
 5.21143e-03  2.51826e-03  7.09702e-21  3.47944e+00  1.00000e-05  3.56720e+02  3.60048e+02  3.63482e+00  3.63500e+00  1.70057e-10  2.08017e-05  3.48630e+03  0.00000e+00 -1.40168e-01  9.16566e+03  0.00000e+00  9.16552e+03  3.02062e+04  3.93718e+04  2.36371e-10  2.36371e-04 -2.08019e-05  0.00000e+00  3.71229e-01 
 5.33068e-03  2.75659e-03  1.33300e-20  3.47944e+00  1.00000e-05  3.56793e+02  3.60048e+02  3.62614e+00  3.62631e+00  1.41361e-09  1.63673e-04  3.48629e+03 4.19488e-281 -1.13544e+00  9.91348e+03  0.00000e+00  9.91235e+03  2.37670e+05  2.47582e+05  1.86711e-09  1.86711e-03 -1.63675e-04  0.00000e+00  4.00793e-01 
 5.45775e-03  2.99495e-03  1.25651e-20  3.47944e+00  1.00000e-05  3.56872e+02  3.60046e+02  3.61657e+00  3.61673e+00  1.15237e-08  1.26222e-03  3.48622e+03 4.81499e-266 -9.03056e+00  9.11333e+03  0.00000e+00  9.10429e+03  1.83283e+06  1.84193e+06  1.44635e-08  1.44635e-02 -1.26223e-03  0.00000e+00  4.34256e-01 
 5.59212e-03  3.23333e-03  0.00000e+00  3.47944e+00  1.00000e-05  3.56959e+02  3.60046e+02  3.60604e+00  3.60620e+00  9.18039e-08  9.51483e-03  3.48617e+03 3.05847e-251 -7.03237e+01  8.83511e+03  0.00000e+00  8.76479e+03  1.38160e+07  1.38248e+07  1.09594e-07  1.09594e-01 -9.51492e-03  0.00000e+00  4.71947e-01 
 5.73326e-03  3.47172e-03  0.00000e+00  3.47944e+00  1.00000e-05  3.57051e+02  3.60046e+02  3.59455e+00  3.59470e+00  7.12677e-07  7.12658e-02  3.48617e+03 8.15325e-237 -5.31439e+02  8.68041e+03  0.00000e+00  8.14897e+03  1.03481e+08  1.03490e+08  8.05190e-07  8.05190e-01 -7.12665e-02  0.00000e+00  5.14232e-01 
 5.88069e-03  3.71014e-03 -5.35987e-21  3.47944e+00  1.00000e-05  3.57150e+02  3.60046e+02  3.58207e+00  3.58221e+00  5.43636e-06  5.12033e-01  3.48617e+03 7.50915e-223 -3.95863e+03  8.58449e+03  0.00000e+00  4.62587e+03  1.27596e+08  1.27601e+08  5.82695e-06  1.00000e+00 -5.12038e-01  0.00000e+00  5.61541e-01 
 6.03395e-03  3.94857e-03  5.10973e-21  3.47944e+00  1.04174e-05  3.57254e+02  3.60046e+02  3.56859e+00  3.56876e+00  3.61764e-05  3.32841e+00  3.34650e+03 8.67100e-182 -2.35509e+04  8.40650e+03  0.00000e+00 -1.51444e+04  1.15721e+08  1.15706e+08  3.85339e-05  1.00000e+00 -3.32844e+00  0.00000e+00  6.14382e-01 
 6.19261e-03  4.18701e-03  0.00000e+00  3.47944e+00  1.50139e-05  3.57364e+02  3.60046e+02  3.55410e+00  3.55441e+00  1.52679e-04  1.41810e+01  2.32197e+03  2.11252e-90 -5.59588e+04  6.27322e+03  0.00000e+00 -4.96856e+04  8.31824e+07  8.31327e+07  1.60648e-04  1.00000e+00 -1.41812e+01  0.00000e+00  6.73368e-01 
 6.35626e-03  4.42546e-03  0.00000e+00  3.47944e+00  2.17081e-05  3.57479e+02  3.60046e+02  3.53866e+00  3.53931e+00  4.60544e-04  4.11354e+01  1.60594e+03  1.41117e-42 -9.35601e+04  4.64610e+03  0.00000e+00 -8.89140e+04  5.73461e+07  5.72572e+07  4.74136e-04  1.00000e+00 -4.11358e+01  0.00000e+00  7.39287e-01 
 6.52453e-03  4.66392e-03 -8.96437e-21  3.47944e+00  3.04197e-05  3.57598e+02  3.60046e+02  3.52217e+00  3.52339e+00  1.08507e-03  6.35331e+01  1.14603e+03  2.58842e-19 -1.27794e+05  3.73440e+03  0.00000e+00 -1.24059e+05  2.78677e+07  2.77436e+07  1.08894e-03  1.00000e+00 -6.35339e+01  0.00000e+00  8.13149e-01 
 6.69707e-03  4.90238e-03  1.72236e-20  3.47944e+00  3.93532e-05  3.57720e+02  3.60046e+02  3.50470e+00  3.50674e+00  2.03103e-03  7.80139e+01  8.85873e+02  1.33487e-08 -1.58795e+05  2.92002e+03  0.00000e+00 -1.55875e+05  1.41636e+07  1.40077e+07  2.03298e-03  1.00000e+00 -7.80149e+01  0.00000e+00  8.96395e-01 
 6.87356e-03  5.14086e-03  8.28595e-21  3.47944e+00  4.76610e-05  3.57846e+02  3.60046e+02  3.48598e+00  3.48920e+00  3.29192e-03  8.67507e+01  7.31457e+02  2.27840e-03 -1.91491e+05  2.41174e+03  0.00000e+00 -1.89079e+05  8.02818e+06  7.83910e+06  3.29263e-03  1.00000e+00 -8.67519e+01  0.00000e+00  9.90959e-01 
 7.05370e-03  5.37934e-03 -1.59677e-20  3.47944e+00  5.52037e-05  3.57975e+02  3.60046e+02  3.46596e+00  3.47035e+00  5.06084e-03  9.81766e+01  6.31517e+02  1.84603e+00 -2.36606e+05  2.07620e+03  0.00000e+00 -2.34528e+05  5.10312e+06  4.86859e+06  5.06099e-03  1.00000e+00 -9.81780e+01  0.00000e+00  1.09946e+00 
 7.23722e-03  5.61783e-03  0.00000e+00  3.47944e+00  6.22865e-05  3.58108e+02  3.60046e+02  3.44440e+00  3.44988e+00  7.53924e-03  1.12992e+02  5.59705e+02  1.23707e+02 -2.96560e+05  1.83420e+03  0.00000e+00 -2.94602e+05  3.49429e+06  3.19969e+06  7.53910e-03  1.00000e+00 -1.12994e+02  0.00000e+00  1.22506e+00 
 7.42387e-03  5.85632e-03  0.00000e+00  3.47944e+00  6.91630e-05  3.58245e+02  3.60046e+02  3.42108e+00  3.42761e+00  1.08985e-02  1.29632e+02  5.04057e+02  2.14906e+03 -3.71155e+05  1.64494e+03  0.00000e+00 -3.67361e+05  2.49749e+06  2.13013e+06  1.08982e-02  1.00000e+00 -1.29634e+02  0.00000e+00  1.37194e+00 
 7.61342e-03  6.09482e-03  0.00000e+00  3.47944e+00  7.57750e-05  3.58384e+02  3.60046e+02  3.39568e+00  3.40319e+00  1.53551e-02  1.48122e+02  4.60075e+02  1.57864e+04 -4.63940e+05  1.49357e+03  0.00000e+00 -4.46660e+05  1.84872e+06  1.40206e+06  1.53547e-02  1.00000e+00 -1.48124e+02  0.00000e+00  1.54517e+00 
 7.80566e-03  6.33332e-03  0.00000e+00  3.47944e+00  8.19402e-05  3.58527e+02  3.60046e+02  3.36784e+00  3.37621e+00  2.11568e-02  1.68656e+02  4.25459e+02  6.48554e+04 -5.81035e+05  1.37228e+03  0.00000e+00 -5.14807e+05  1.41279e+06  8.97987e+05  2.11567e-02  1.00000e+00 -1.68659e+02  0.00000e+00  1.75164e+00 
 8.00039e-03  6.57182e-03  0.00000e+00  3.47944e+00  8.74537e-05  3.58671e+02  3.60046e+02  3.33714e+00  3.34624e+00  2.86208e-02  1.91535e+02  3.98637e+02  1.78775e+05 -7.32116e+05  1.27601e+03  0.00000e+00 -5.52065e+05  1.11126e+06  5.59197e+05  2.86205e-02  1.00000e+00 -1.91539e+02  0.00000e+00  1.99947e+00 
 8.19744e-03  6.81033e-03  1.31016e-20  3.47944e+00  9.22155e-05  3.58817e+02  3.60046e+02  3.30309e+00  3.31276e+00  3.80620e-02  2.16395e+02  3.78053e+02  3.77318e+05 -9.28059e+05  1.19903e+03  0.00000e+00 -5.49542e+05  8.95316e+05  3.45774e+05  3.80621e-02  1.00000e+00 -2.16400e+02  0.00000e+00  2.30074e+00 
 8.39664e-03  7.04884e-03  0.00000e+00  3.47944e+00  9.62885e-05  3.58962e+02  3.60046e+02  3.26486e+00  3.27500e+00  4.99037e-02  2.42418e+02  3.62062e+02  6.66756e+05 -1.18228e+06  1.13612e+03  0.00000e+00 -5.14390e+05  7.32657e+05  2.18266e+05  4.99021e-02  1.00000e+00 -2.42424e+02  0.00000e+00  2.66913e+00 
 8.59784e-03  7.28736e-03  0.00000e+00  3.47944e+00  9.98525e-05  3.59106e+02  3.60047e+02  3.22188e+00  3.23243e+00  6.44597e-02  2.66700e+02  3.49140e+02  1.05048e+06 -1.50605e+06  1.08148e+03  0.00000e+00 -4.54487e+05  6.01770e+05  1.47284e+05  6.44565e-02  1.00000e+00 -2.66708e+02  0.00000e+00  3.12902e+00 
 8.80092e-03  7.52587e-03  0.00000e+00  3.47944e+00  1.03138e-04  3.59245e+02  3.60047e+02  3.17235e+00  3.18333e+00  8.21461e-02  2.81166e+02  3.38017e+02  1.52755e+06 -1.91174e+06  1.03124e+03  0.00000e+00 -3.83156e+05  4.81969e+05  9.88129e+04  8.21406e-02  1.00000e+00 -2.81175e+02  0.00000e+00  3.70920e+00 
 9.00573e-03  7.76439e-03 -1.17014e-20  3.47944e+00  1.06259e-04  3.59380e+02  3.60047e+02  3.11572e+00  3.12658e+00  1.03065e-01  2.86406e+02  3.28090e+02  2.09648e+06 -2.40941e+06  9.82319e+02  0.00000e+00 -3.11947e+05  3.79801e+05  6.78534e+04  1.03061e-01  1.00000e+00 -2.86417e+02  0.00000e+00  4.45998e+00 
 9.21216e-03  8.00291e-03  0.00000e+00  3.47944e+00  1.09341e-04  3.59508e+02  3.60047e+02  3.04784e+00  3.05867e+00  1.27180e-01  2.79084e+02  3.18845e+02  2.74626e+06 -3.00468e+06  9.33427e+02  0.00000e+00 -2.57483e+05  2.91467e+05  3.39841e+04  1.27174e-01  1.00000e+00 -2.79097e+02  0.00000e+00  5.44282e+00 
 9.42012e-03  8.24144e-03  0.00000e+00  3.47944e+00  1.12321e-04  3.59629e+02  3.60047e+02  2.96962e+00  2.98022e+00  1.54250e-01  2.57177e+02  3.10387e+02  3.48010e+06 -3.71407e+06  8.82964e+02  0.00000e+00 -2.33086e+05  2.15574e+05 -1.75123e+04  1.54246e-01  1.00000e+00 -2.57192e+02  0.00000e+00  6.78147e+00 
 9.62949e-03  8.47996e-03  0.00000e+00  3.47944e+00  1.14873e-04  3.59744e+02  3.60047e+02  2.87052e+00  2.88089e+00  1.83283e-01  2.18435e+02  3.03491e+02  4.30628e+06 -4.55963e+06  8.33325e+02  0.00000e+00 -2.52518e+05  1.50672e+05 -1.01846e+05  1.83279e-01  1.00000e+00 -2.18451e+02  0.00000e+00  8.65508e+00 
 9.84019e-03  8.71849e-03  0.00000e+00  3.47944e+00  1.16239e-04  3.59857e+02  3.60048e+02  2.75598e+00  2.76582e+00  2.13676e-01  1.60805e+02  2.99927e+02  5.33573e+06 -5.65749e+06  7.86776e+02  0.00000e+00 -3.20977e+05  9.40277e+04 -2.26949e+05  2.13673e-01  1.00000e+00 -1.60823e+02  0.00000e+00  1.15331e+01 
 1.00521e-02  8.95702e-03  0.00000e+00  3.47944e+00  1.15220e-04  3.59978e+02  3.60048e+02  2.59627e+00  2.60575e+00  2.43171e-01  7.19872e+01  3.02580e+02  6.84132e+06 -7.23219e+06  7.45143e+02  0.00000e+00 -3.90121e+05  3.73203e+04 -3.52800e+05  2.43170e-01  1.00000e+00 -7.20069e+01  0.00000e+00  1.64751e+01 
 1.02653e-02  9.19555e-03  0.00000e+00  3.47944e+00  1.11303e-04  3.60138e+02  3.60048e+02  2.38976e+00  2.39778e+00  2.73863e-01 -2.06191e+02  3.13231e+02  9.68986e+06 -9.96648e+06  6.99867e+02  0.00000e+00 -2.75918e+05 -9.82153e+04 -3.74133e+05  2.73856e-01  1.00000e+00  2.06158e+02  0.00000e+00  2.76400e+01 
 1.04795e-02  9.43408e-03  0.00000e+00  3.47944e+00  1.06504e-04  3.60528e+02  3.60049e+02  2.00513e+00  2.01062e+00  3.03784e-01 -4.23258e+03  3.27351e+02  1.68883e+07 -1.49123e+07  6.46169e+02  1.83204e+06  3.80864e+06 -3.93781e+06 -1.29169e+05  3.03766e-01  1.00000e+00  4.23255e+03  2.83685e+03  6.96078e+01 
