# Code_Saturne plot output (1D profile)
#
# Iteration output: 4506
# Time output:      2.30009e+01
#
#COLUMN_TITLES: Distance | X | Y | Z | diameter_Field2 | temp_Field1 | temp_Field2 | Velocity_Field1[Z] | Velocity_Field2[Z] | vol_f_Field2 | mass_trans_Field1 | Xd_Field2 | BK | COAL | COMP | NUCL | W1 | MT | SMBR | ALPBB | CONDNUM | GAMA | GAMANUC | epsilon_Field1
 4.56474e-03  1.39645e-04  0.00000e+00  3.47944e+00  1.01652e-04  3.60008e+02  3.60055e+02  4.95462e+00  4.97517e+00  1.32337e-01  2.68974e+01  3.42767e+02  1.94601e+03 -1.50846e+06  2.27957e+03  0.00000e+00 -1.50423e+06  4.52374e+04 -1.45900e+06  1.32324e-01  1.00000e+00 -2.69562e+01  0.00000e+00  6.68943e-01 
 4.57812e-03  3.76525e-04  4.25872e-21  3.47944e+00  1.45130e-04  3.60008e+02  3.60055e+02  4.95353e+00  4.98522e+00  1.33324e-01  1.67447e+01  2.40080e+02  4.76541e+04 -8.26579e+05  1.59908e+03  0.00000e+00 -7.77326e+05  1.95795e+04 -7.57747e+05  1.33315e-01  1.00000e+00 -1.67817e+01  0.00000e+00  6.77937e-01 
 4.60371e-03  6.13858e-04  0.00000e+00  3.47944e+00  1.75682e-04  3.60008e+02  3.60055e+02  4.95146e+00  4.99093e+00  1.35227e-01  1.30882e+01  1.98329e+02  1.12981e+05 -6.07436e+05  1.32266e+03  0.00000e+00 -4.93132e+05  1.24653e+04 -4.80667e+05  1.35220e-01  1.00000e+00 -1.31175e+01  0.00000e+00  6.95264e-01 
 4.64138e-03  8.51483e-04  0.00000e+00  3.47944e+00  1.96319e-04  3.60009e+02  3.60055e+02  4.94869e+00  4.99332e+00  1.37935e-01  1.13898e+01  1.77480e+02  1.59631e+05 -5.16931e+05  1.18453e+03  0.00000e+00 -3.56116e+05  9.51726e+03 -3.46599e+05  1.37926e-01  1.00000e+00 -1.14157e+01  0.00000e+00  7.21214e-01 
 4.69084e-03  1.08931e-03  0.00000e+00  3.47944e+00  2.10735e-04  3.60011e+02  3.60055e+02  4.94503e+00  4.99310e+00  1.41532e-01  1.04495e+01  1.65339e+02  1.93386e+05 -4.75832e+05  1.10392e+03  0.00000e+00 -2.81342e+05  7.92796e+03 -2.73414e+05  1.41522e-01  1.00000e+00 -1.04738e+01  0.00000e+00  7.56161e-01 
 4.75174e-03  1.32727e-03  1.05001e-20  3.47944e+00  2.21232e-04  3.60013e+02  3.60055e+02  4.94042e+00  4.99079e+00  1.45990e-01  9.85311e+00  1.57494e+02  2.21369e+05 -4.58948e+05  1.05163e+03  0.00000e+00 -2.36527e+05  6.90390e+03 -2.29623e+05  1.45978e-01  1.00000e+00 -9.87671e+00  0.00000e+00  8.00856e-01 
 4.82366e-03  1.56534e-03  0.00000e+00  3.47944e+00  2.29314e-04  3.60015e+02  3.60055e+02  4.93478e+00  4.98671e+00  1.51338e-01  9.41849e+00  1.51943e+02  2.47442e+05 -4.56018e+05  1.01441e+03  0.00000e+00 -2.07562e+05  6.14242e+03 -2.01420e+05  1.51324e-01  1.00000e+00 -9.44197e+00  0.00000e+00  8.56196e-01 
 4.90611e-03  1.80349e-03  8.81027e-21  3.47944e+00  2.35992e-04  3.60017e+02  3.60055e+02  4.92798e+00  4.98101e+00  1.57556e-01  9.04673e+00  1.47643e+02  2.73493e+05 -4.61888e+05  9.85326e+02  0.00000e+00 -1.87409e+05  5.50739e+03 -1.81902e+05  1.57541e-01  1.00000e+00 -9.07042e+00  0.00000e+00  9.23353e-01 
 4.99859e-03  2.04170e-03  0.00000e+00  3.47944e+00  2.41962e-04  3.60020e+02  3.60055e+02  4.91993e+00  4.97378e+00  1.64653e-01  8.67967e+00  1.44001e+02  3.00284e+05 -4.73689e+05  9.60443e+02  0.00000e+00 -1.72444e+05  4.93211e+03 -1.67512e+05  1.64639e-01  1.00000e+00 -8.70378e+00  0.00000e+00  1.00366e+00 
 5.10055e-03  2.27996e-03  7.58893e-21  3.47944e+00  2.47700e-04  3.60024e+02  3.60055e+02  4.91047e+00  4.96498e+00  1.72577e-01  8.27758e+00  1.40665e+02  3.27957e+05 -4.89437e+05  9.37461e+02  0.00000e+00 -1.60542e+05  4.38443e+03 -1.56158e+05  1.72568e-01  1.00000e+00 -8.30225e+00  0.00000e+00  1.09868e+00 
 5.21143e-03  2.51826e-03  7.09702e-21  3.47944e+00  2.53539e-04  3.60028e+02  3.60055e+02  4.89944e+00  4.95454e+00  1.81286e-01  7.81500e+00  1.37425e+02  3.56225e+05 -5.07687e+05  9.14962e+02  0.00000e+00 -1.50547e+05  3.85064e+03 -1.46696e+05  1.81282e-01  1.00000e+00 -7.84031e+00  0.00000e+00  1.21009e+00 
 5.33068e-03  2.75659e-03  1.33300e-20  3.47944e+00  2.59708e-04  3.60031e+02  3.60055e+02  4.88666e+00  4.94233e+00  1.90672e-01  7.27508e+00  1.34161e+02  3.84584e+05 -5.27141e+05  8.92073e+02  0.00000e+00 -1.41665e+05  3.32820e+03 -1.38336e+05  1.90674e-01  1.00000e+00 -7.30105e+00  0.00000e+00  1.33982e+00 
 5.45775e-03  2.99495e-03  1.25651e-20  3.47944e+00  2.66360e-04  3.60036e+02  3.60055e+02  4.87195e+00  4.92821e+00  2.00669e-01  6.65162e+00  1.30811e+02  4.12311e+05 -5.46778e+05  8.68488e+02  0.00000e+00 -1.33599e+05  2.82032e+03 -1.30778e+05  2.00675e-01  1.00000e+00 -6.67824e+00  0.00000e+00  1.48968e+00 
 5.59212e-03  3.23333e-03  0.00000e+00  3.47944e+00  2.73572e-04  3.60040e+02  3.60055e+02  4.85511e+00  4.91201e+00  2.11103e-01  5.94416e+00  1.27362e+02  4.38753e+05 -5.65556e+05  8.43939e+02  0.00000e+00 -1.25960e+05  2.33394e+03 -1.23626e+05  2.11111e-01  1.00000e+00 -5.97137e+00  0.00000e+00  1.66174e+00 
 5.73326e-03  3.47172e-03  0.00000e+00  3.47944e+00  2.81370e-04  3.60044e+02  3.60055e+02  4.83597e+00  4.89356e+00  2.21914e-01  5.16216e+00  1.23833e+02  4.63194e+05 -5.82859e+05  8.18661e+02  0.00000e+00 -1.18846e+05  1.87619e+03 -1.16970e+05  2.21923e-01  1.00000e+00 -5.18989e+00  0.00000e+00  1.85785e+00 
 5.88069e-03  3.71014e-03 -5.35987e-21  3.47944e+00  2.89704e-04  3.60049e+02  3.60055e+02  4.81436e+00  4.87269e+00  2.32927e-01  4.31752e+00  1.20271e+02  4.85227e+05 -5.98100e+05  7.92913e+02  0.00000e+00 -1.12081e+05  1.45367e+03 -1.10627e+05  2.32937e-01  1.00000e+00 -4.34568e+00  0.00000e+00  2.08015e+00 
 6.03395e-03  3.94857e-03  5.10973e-21  3.47944e+00  2.98469e-04  3.60053e+02  3.60055e+02  4.79020e+00  4.84930e+00  2.44048e-01  3.42719e+00  1.16739e+02  5.04522e+05 -6.11091e+05  7.67113e+02  0.00000e+00 -1.05802e+05  1.07090e+03 -1.04731e+05  2.44056e-01  1.00000e+00 -3.45570e+00  0.00000e+00  2.33019e+00 
 6.19261e-03  4.18701e-03  0.00000e+00  3.47944e+00  3.07483e-04  3.60058e+02  3.60055e+02  4.76341e+00  4.82328e+00  2.55060e-01  2.50770e+00  1.13317e+02  5.21306e+05 -6.21766e+05  7.41592e+02  0.00000e+00 -9.97178e+04  7.30064e+02 -9.89877e+04  2.55068e-01  1.00000e+00 -2.53649e+00  0.00000e+00  2.61068e+00 
 6.35626e-03  4.42546e-03  0.00000e+00  3.47944e+00  3.16525e-04  3.60062e+02  3.60055e+02  4.73396e+00  4.79458e+00  2.65926e-01  1.57604e+00  1.10080e+02  5.35756e+05 -6.30591e+05  7.17109e+02  0.00000e+00 -9.41174e+04  4.30442e+02 -9.36869e+04  2.65933e-01  1.00000e+00 -1.60505e+00  0.00000e+00  2.92270e+00 
 6.52453e-03  4.66392e-03 -8.96437e-21  3.47944e+00  3.25312e-04  3.60067e+02  3.60055e+02  4.70186e+00  4.76316e+00  2.76492e-01  6.45298e-01  1.07107e+02  5.48677e+05 -6.38172e+05  6.93978e+02  0.00000e+00 -8.88015e+04  1.69279e+02 -8.86322e+04  2.76498e-01  1.00000e+00 -6.74508e-01  0.00000e+00  3.26967e+00 
 6.69707e-03  4.90238e-03  1.72236e-20  3.47944e+00  3.33573e-04  3.60071e+02  3.60055e+02  4.66709e+00  4.72896e+00  2.86764e-01 -6.83012e-01  1.04455e+02  5.60694e+05 -6.45405e+05  6.72809e+02  0.00000e+00 -8.40381e+04 -1.45947e+02 -8.41840e+04  2.86770e-01  1.00000e+00  6.18457e-01  0.00000e+00  3.65388e+00 
 6.87356e-03  5.14086e-03  8.28595e-21  3.47944e+00  3.41009e-04  3.60075e+02  3.60056e+02  4.62963e+00  4.69188e+00  2.96680e-01 -2.71926e+00  1.02177e+02  5.72837e+05 -6.53262e+05  6.53774e+02  0.00000e+00 -7.97717e+04 -5.92192e+02 -8.03639e+04  2.96686e-01  1.00000e+00  2.65408e+00  0.00000e+00  4.08040e+00 
 7.05370e-03  5.37934e-03 -1.59677e-20  3.47944e+00  3.47375e-04  3.60079e+02  3.60056e+02  4.58940e+00  4.65184e+00  3.06243e-01 -4.75477e+00  1.00305e+02  5.85909e+05 -6.62683e+05  6.37134e+02  0.00000e+00 -7.61375e+04 -9.94953e+02 -7.71325e+04  3.06249e-01  1.00000e+00  4.68881e+00  0.00000e+00  4.55348e+00 
 7.23722e-03  5.61783e-03  0.00000e+00  3.47944e+00  3.52428e-04  3.60083e+02  3.60056e+02  4.54634e+00  4.60868e+00  3.15412e-01 -6.81935e+00  9.88674e+01  6.01014e+05 -6.74698e+05  6.22907e+02  0.00000e+00 -7.30611e+04 -1.37125e+03 -7.44323e+04  3.15417e-01  1.00000e+00  6.75242e+00  0.00000e+00  5.08155e+00 
 7.42387e-03  5.85632e-03  0.00000e+00  3.47944e+00  3.56034e-04  3.60087e+02  3.60056e+02  4.50013e+00  4.56211e+00  3.24266e-01 -8.95979e+00  9.78662e+01  6.18793e+05 -6.90226e+05  6.11145e+02  0.00000e+00 -7.08224e+04 -1.73858e+03 -7.25610e+04  3.24271e-01  1.00000e+00  8.89162e+00  0.00000e+00  5.67163e+00 
 7.61342e-03  6.09482e-03  0.00000e+00  3.47944e+00  3.58033e-04  3.60091e+02  3.60056e+02  4.45070e+00  4.51199e+00  3.32730e-01 -1.12309e+01  9.73204e+01  6.40501e+05 -7.10285e+05  6.01745e+02  0.00000e+00 -6.91820e+04 -2.11498e+03 -7.12970e+04  3.32734e-01  1.00000e+00  1.11612e+01  0.00000e+00  6.33850e+00 
 7.80566e-03  6.33332e-03  0.00000e+00  3.47944e+00  3.58403e-04  3.60095e+02  3.60056e+02  4.39741e+00  4.45772e+00  3.40954e-01 -1.37138e+01  9.72202e+01  6.66648e+05 -7.35889e+05  5.94673e+02  0.00000e+00 -6.86466e+04 -2.52018e+03 -7.11668e+04  3.40956e-01  1.00000e+00  1.36422e+01  0.00000e+00  7.09334e+00 
 8.00039e-03  6.57182e-03  0.00000e+00  3.47944e+00  3.57026e-04  3.60099e+02  3.60057e+02  4.34035e+00  4.39933e+00  3.48826e-01 -1.65080e+01  9.75959e+01  6.98956e+05 -7.68398e+05  5.89768e+02  0.00000e+00 -6.88528e+04 -2.97888e+03 -7.18317e+04  3.48829e-01  1.00000e+00  1.64340e+01  0.00000e+00  7.96284e+00 
 8.19744e-03  6.81033e-03  1.31016e-20  3.47944e+00  3.53950e-04  3.60104e+02  3.60057e+02  4.27807e+00  4.33541e+00  3.56520e-01 -1.97626e+01  9.84445e+01  7.38119e+05 -8.09209e+05  5.87003e+02  0.00000e+00 -7.05031e+04 -3.52169e+03 -7.40248e+04  3.56523e-01  1.00000e+00  1.96859e+01  0.00000e+00  8.96636e+00 
 8.39664e-03  7.04884e-03  0.00000e+00  3.47944e+00  3.49042e-04  3.60108e+02  3.60057e+02  4.21153e+00  4.26687e+00  3.63942e-01 -2.36848e+01  9.98294e+01  7.86841e+05 -8.60756e+05  5.86457e+02  0.00000e+00 -7.33284e+04 -4.19481e+03 -7.75233e+04  3.63944e-01  1.00000e+00  2.36047e+01  0.00000e+00  1.01528e+01 
 8.59784e-03  7.28736e-03  0.00000e+00  3.47944e+00  3.42371e-04  3.60114e+02  3.60057e+02  4.13683e+00  4.18989e+00  3.71269e-01 -2.85947e+01  1.01775e+02  8.46775e+05 -9.25632e+05  5.87589e+02  0.00000e+00 -7.82692e+04 -5.06343e+03 -8.33326e+04  3.71270e-01  1.00000e+00  2.85105e+01  0.00000e+00  1.15643e+01 
 8.80092e-03  7.52587e-03  0.00000e+00  3.47944e+00  3.33715e-04  3.60121e+02  3.60058e+02  4.05818e+00  4.10866e+00  3.78352e-01 -3.49998e+01  1.04416e+02  9.23302e+05 -1.00877e+06  5.91050e+02  0.00000e+00 -8.48725e+04 -6.24188e+03 -9.11144e+04  3.78353e-01  1.00000e+00  3.49106e+01  0.00000e+00  1.33063e+01 
 9.00573e-03  7.76439e-03 -1.17014e-20  3.47944e+00  3.23148e-04  3.60129e+02  3.60058e+02  3.96429e+00  4.01184e+00  3.85490e-01 -4.37330e+01  1.07831e+02  1.01967e+06 -1.11595e+06  5.96774e+02  0.00000e+00 -9.56748e+04 -7.90826e+03 -1.03583e+05  3.85490e-01  1.00000e+00  4.36377e+01  0.00000e+00  1.54550e+01 
 9.21216e-03  8.00291e-03  0.00000e+00  3.47944e+00  3.10238e-04  3.60140e+02  3.60058e+02  3.86949e+00  3.91375e+00  3.92496e-01 -5.63044e+01  1.12319e+02  1.14932e+06 -1.25928e+06  6.05383e+02  0.00000e+00 -1.09352e+05 -1.04197e+04 -1.19772e+05  3.92496e-01  1.00000e+00  5.62016e+01  0.00000e+00  1.83035e+01 
 9.42012e-03  8.24144e-03  0.00000e+00  3.47944e+00  2.95049e-04  3.60156e+02  3.60059e+02  3.74000e+00  3.78014e+00  3.99639e-01 -7.54624e+01  1.18102e+02  1.32104e+06 -1.45369e+06  6.17356e+02  0.00000e+00 -1.32033e+05 -1.44266e+04 -1.46460e+05  3.99637e-01  1.00000e+00  7.53501e+01  0.00000e+00  2.20192e+01 
 9.62949e-03  8.47996e-03  0.00000e+00  3.47944e+00  2.76805e-04  3.60179e+02  3.60059e+02  3.61840e+00  3.65468e+00  4.06800e-01 -1.07201e+02  1.25887e+02  1.57227e+06 -1.73446e+06  6.33989e+02  0.00000e+00 -1.61553e+05 -2.14674e+04 -1.83021e+05  4.06797e-01  1.00000e+00  1.07076e+02  0.00000e+00  2.74824e+01 
 9.84019e-03  8.71849e-03  0.00000e+00  3.47944e+00  2.55494e-04  3.60216e+02  3.60060e+02  3.42858e+00  3.46090e+00  4.14134e-01 -1.65105e+02  1.36389e+02  1.94607e+06 -2.15404e+06  6.51877e+02  0.00000e+00 -2.07318e+05 -3.51967e+04 -2.42514e+05  4.14130e-01  1.00000e+00  1.64963e+02  0.00000e+00  3.56565e+01 
 1.00521e-02  8.95702e-03  0.00000e+00  3.47944e+00  2.29780e-04  3.60284e+02  3.60061e+02  3.24574e+00  3.27455e+00  4.21653e-01 -2.89339e+02  1.51654e+02  2.60060e+06 -2.84869e+06  6.79325e+02  0.00000e+00 -2.47401e+05 -6.73774e+04 -3.14779e+05  4.21649e-01  1.00000e+00  2.89173e+02  0.00000e+00  5.08958e+01 
 1.02653e-02  9.19555e-03  0.00000e+00  3.47944e+00  2.00599e-04  3.60436e+02  3.60062e+02  2.90316e+00  2.92874e+00  4.29822e-01 -6.20436e+02  1.73718e+02  3.84993e+06 -4.03407e+06  6.92258e+02  0.00000e+00 -1.83447e+05 -1.62409e+05 -3.45856e+05  4.29814e-01  1.00000e+00  6.20234e+02  0.00000e+00  8.40431e+01 
 1.04795e-02  9.43408e-03  0.00000e+00  3.47944e+00  1.72845e-04  3.60938e+02  3.60063e+02  2.42475e+00  2.44197e+00  4.40929e-01 -5.12714e+03  2.01616e+02  6.82639e+06 -5.49163e+06  6.91910e+02  1.15615e+06  2.49159e+06 -2.50311e+06 -1.15114e+04  4.40930e-01  1.00000e+00  5.12689e+03  3.22818e+03  2.11776e+02 
