# Code_Saturne plot output (1D profile)
#
# Iteration output: 1874
# Time output:      2.30002e+01
#
#COLUMN_TITLES: Distance | X | Y | Z | diameter_Field2 | temp_Field1 | temp_Field2 | Velocity_Field1[Z] | Velocity_Field2[Z] | vol_f_Field2 | mass_trans_Field1 | Xd_Field2 | BK | COAL | COMP | NUCL | W1 | MT | SMBR | ALPBB | CONDNUM | GAMA | GAMANUC | epsilon_Field1
 4.56474e-03  1.39645e-04  0.00000e+00  3.47944e+00  5.19982e-05  3.58756e+02  3.60049e+02  4.22368e+00  4.22991e+00  1.42532e-02  1.41274e+02  6.70298e+02  1.66640e-09 -9.41852e+05  3.35963e+03  0.00000e+00 -9.38492e+05  2.28033e+06  1.34184e+06  1.42538e-02  1.00000e+00 -1.41281e+02  0.00000e+00  4.35327e-01 
 4.57812e-03  3.76525e-04  4.25872e-21  3.47944e+00  7.30571e-05  3.58758e+02  3.60049e+02  4.22318e+00  4.23350e+00  1.47303e-02  9.10162e+01  4.77083e+02  2.77753e-02 -5.46702e+05  2.38834e+03  0.00000e+00 -5.44313e+05  1.01176e+06  4.67447e+05  1.47311e-02  1.00000e+00 -9.10207e+01  0.00000e+00  4.39758e-01 
 4.60371e-03  6.13858e-04  0.00000e+00  3.47944e+00  9.05061e-05  3.58764e+02  3.60049e+02  4.22159e+00  4.23534e+00  1.55315e-02  7.17155e+01  3.85104e+02  1.50767e+01 -4.02015e+05  1.92793e+03  0.00000e+00 -4.00072e+05  6.10313e+05  2.10242e+05  1.55324e-02  1.00000e+00 -7.17191e+01  0.00000e+00  4.48475e-01 
 4.64138e-03  8.51483e-04  0.00000e+00  3.47944e+00  1.05114e-04  3.58773e+02  3.60049e+02  4.21924e+00  4.23583e+00  1.66402e-02  6.27461e+01  3.31587e+02  3.50474e+02 -3.36255e+05  1.66004e+03  0.00000e+00 -3.34244e+05  4.29140e+05  9.48961e+04  1.66412e-02  1.00000e+00 -6.27493e+01  0.00000e+00  4.61604e-01 
 4.69084e-03  1.08931e-03  0.00000e+00  3.47944e+00  1.17982e-04  3.58786e+02  3.60049e+02  4.21605e+00  4.23513e+00  1.80657e-02  5.81908e+01  2.95421e+02  2.34797e+03 -3.02925e+05  1.47884e+03  0.00000e+00 -2.99098e+05  3.26600e+05  2.75022e+04  1.80668e-02  1.00000e+00 -5.81938e+01  0.00000e+00  4.79371e-01 
 4.75174e-03  1.32727e-03  1.05001e-20  3.47944e+00  1.29547e-04  3.58803e+02  3.60049e+02  4.21204e+00  4.23331e+00  1.98296e-02  5.60955e+01  2.69046e+02  8.37434e+03 -2.87213e+05  1.34648e+03  0.00000e+00 -2.77492e+05  2.61226e+05 -1.62654e+04  1.98308e-02  1.00000e+00 -5.60983e+01  0.00000e+00  5.02078e-01 
 4.82366e-03  1.56534e-03  0.00000e+00  3.47944e+00  1.39991e-04  3.58824e+02  3.60049e+02  4.20720e+00  4.23041e+00  2.19624e-02  5.56317e+01  2.48976e+02  2.06793e+04 -2.83097e+05  1.24549e+03  0.00000e+00 -2.61172e+05  2.16460e+05 -4.47116e+04  2.19636e-02  1.00000e+00 -5.56346e+01  0.00000e+00  5.30129e-01 
 4.90611e-03  1.80349e-03  8.81027e-21  3.47944e+00  1.49417e-04  3.58848e+02  3.60049e+02  4.20149e+00  4.22641e+00  2.45016e-02  5.63805e+01  2.33268e+02  4.04830e+04 -2.87752e+05  1.16617e+03  0.00000e+00 -2.46103e+05  1.84235e+05 -6.18686e+04  2.45029e-02  1.00000e+00 -5.63835e+01  0.00000e+00  5.64022e-01 
 4.99859e-03  2.04170e-03  0.00000e+00  3.47944e+00  1.57949e-04  3.58875e+02  3.60049e+02  4.19490e+00  4.22131e+00  2.74912e-02  5.80901e+01  2.20669e+02  6.79742e+04 -2.99710e+05  1.10223e+03  0.00000e+00 -2.30634e+05  1.60042e+05 -7.05919e+04  2.74926e-02  1.00000e+00 -5.80933e+01  0.00000e+00  6.04370e-01 
 5.10055e-03  2.27996e-03  7.58893e-21  3.47944e+00  1.65753e-04  3.58905e+02  3.60049e+02  4.18736e+00  4.21510e+00  3.09804e-02  6.05769e+01  2.10279e+02  1.02789e+05 -3.18109e+05  1.04918e+03  0.00000e+00 -2.14271e+05  1.41124e+05 -7.31463e+04  3.09818e-02  1.00000e+00 -6.05803e+01  0.00000e+00  6.51905e-01 
 5.21143e-03  2.51826e-03  7.09702e-21  3.47944e+00  1.73042e-04  3.58939e+02  3.60049e+02  4.17884e+00  4.20777e+00  3.50246e-02  6.36845e+01  2.01421e+02  1.44394e+05 -3.42369e+05  1.00365e+03  0.00000e+00 -1.96971e+05  1.25705e+05 -7.12658e+04  3.50260e-02  1.00000e+00 -6.36882e+01  0.00000e+00  7.07485e-01 
 5.33068e-03  2.75659e-03  1.33300e-20  3.47944e+00  1.80061e-04  3.58975e+02  3.60049e+02  4.16925e+00  4.19929e+00  3.96791e-02  6.72519e+01  1.93569e+02  1.92191e+05 -3.71930e+05  9.63001e+02  0.00000e+00 -1.78776e+05  1.12609e+05 -6.61670e+04  3.96806e-02  1.00000e+00 -6.72559e+01  0.00000e+00  7.72131e-01 
 5.45775e-03  2.99495e-03  1.25651e-20  3.47944e+00  1.87073e-04  3.59013e+02  3.60049e+02  4.15853e+00  4.18965e+00  4.50074e-02  7.11157e+01  1.86314e+02  2.45417e+05 -4.06199e+05  9.25198e+02  0.00000e+00 -1.59857e+05  1.01046e+05 -5.88104e+04  4.50090e-02  1.00000e+00 -7.11200e+01  0.00000e+00  8.47017e-01 
 5.59212e-03  3.23333e-03  0.00000e+00  3.47944e+00  1.94354e-04  3.59054e+02  3.60049e+02  4.14657e+00  4.17879e+00  5.10648e-02  7.50770e+01  1.79334e+02  3.02969e+05 -4.44289e+05  8.88649e+02  0.00000e+00 -1.40431e+05  9.04991e+04 -4.99323e+04  5.10663e-02  1.00000e+00 -7.50818e+01  0.00000e+00  9.33529e-01 
 5.73326e-03  3.47172e-03  0.00000e+00  3.47944e+00  2.02195e-04  3.59096e+02  3.60049e+02  4.13328e+00  4.16668e+00  5.79128e-02  7.89281e+01  1.72380e+02  3.63239e+05 -4.85079e+05  8.52126e+02  0.00000e+00 -1.20988e+05  8.06384e+04 -4.03500e+04  5.79144e-02  1.00000e+00 -7.89333e+01  0.00000e+00  1.03325e+00 
 5.88069e-03  3.71014e-03 -5.35987e-21  3.47944e+00  2.10892e-04  3.59139e+02  3.60049e+02  4.11848e+00  4.15321e+00  6.55931e-02  8.20691e+01  1.65272e+02  4.24063e+05 -5.26971e+05  8.14756e+02  0.00000e+00 -1.02093e+05  7.09773e+04 -3.11152e+04  6.55948e-02  1.00000e+00 -8.20748e+01  0.00000e+00  1.14803e+00 
 6.03395e-03  3.94857e-03  5.10973e-21  3.47944e+00  2.20734e-04  3.59183e+02  3.60049e+02  4.10208e+00  4.13834e+00  7.41496e-02  8.39514e+01  1.57903e+02  4.82745e+05 -5.68167e+05  7.76042e+02  0.00000e+00 -8.46464e+04  6.13634e+04 -2.32830e+04  7.41513e-02  1.00000e+00 -8.39576e+01  0.00000e+00  1.27991e+00 
 6.19261e-03  4.18701e-03  0.00000e+00  3.47944e+00  2.31965e-04  3.59228e+02  3.60049e+02  4.08382e+00  4.12186e+00  8.35701e-02  8.48508e+01  1.50258e+02  5.36407e+05 -6.06541e+05  7.35907e+02  0.00000e+00 -6.93974e+04  5.23655e+04 -1.70318e+04  8.35717e-02  1.00000e+00 -8.48573e+01  0.00000e+00  1.43131e+00 
 6.35626e-03  4.42546e-03  0.00000e+00  3.47944e+00  2.44796e-04  3.59273e+02  3.60049e+02  4.06353e+00  4.10356e+00  9.38647e-02  8.46481e+01  1.42382e+02  5.82311e+05 -6.40296e+05  6.94617e+02  0.00000e+00 -5.72905e+04  4.40737e+04 -1.32168e+04  9.38659e-02  1.00000e+00 -8.46549e+01  0.00000e+00  1.60473e+00 
 6.52453e-03  4.66392e-03 -8.96437e-21  3.47944e+00  2.59352e-04  3.59319e+02  3.60049e+02  4.04097e+00  4.08316e+00  1.04936e-01  8.32521e+01  1.34391e+02  6.18480e+05 -6.67506e+05  6.52704e+02  0.00000e+00 -4.83738e+04  3.65977e+04 -1.17761e+04  1.04937e-01  1.00000e+00 -8.32593e+01  0.00000e+00  1.80319e+00 
 6.69707e-03  4.90238e-03  1.72236e-20  3.47944e+00  2.75649e-04  3.59364e+02  3.60049e+02  4.01588e+00  4.06048e+00  1.16749e-01  8.07537e+01  1.26446e+02  6.43746e+05 -6.87430e+05  6.11064e+02  0.00000e+00 -4.30735e+04  3.00213e+04 -1.30522e+04  1.16749e-01  1.00000e+00 -8.07611e+01  0.00000e+00  2.02959e+00 
 6.87356e-03  5.14086e-03  8.28595e-21  3.47944e+00  2.93503e-04  3.59409e+02  3.60049e+02  3.98807e+00  4.03530e+00  1.29086e-01  7.72541e+01  1.18754e+02  6.58471e+05 -6.99488e+05  5.70633e+02  0.00000e+00 -4.04465e+04  2.43957e+04 -1.60508e+04  1.29085e-01  1.00000e+00 -7.72616e+01  0.00000e+00  2.28766e+00 
 7.05370e-03  5.37934e-03 -1.59677e-20  3.47944e+00  3.12545e-04  3.59455e+02  3.60050e+02  3.95726e+00  4.00725e+00  1.41896e-01  7.30311e+01  1.11519e+02  6.63876e+05 -7.04991e+05  5.32461e+02  0.00000e+00 -4.05821e+04  1.97023e+04 -2.08798e+04  1.41894e-01  1.00000e+00 -7.30388e+01  0.00000e+00  2.58055e+00 
 7.23722e-03  5.61783e-03  0.00000e+00  3.47944e+00  3.32109e-04  3.59500e+02  3.60050e+02  3.92343e+00  3.97620e+00  1.54829e-01  6.82875e+01  1.04950e+02  6.62840e+05 -7.05073e+05  4.97456e+02  0.00000e+00 -4.17361e+04  1.58892e+04 -2.58469e+04  1.54827e-01  1.00000e+00 -6.82953e+01  0.00000e+00  2.91350e+00 
 7.42387e-03  5.85632e-03  0.00000e+00  3.47944e+00  3.51433e-04  3.59545e+02  3.60050e+02  3.88629e+00  3.94174e+00  1.67928e-01  6.33389e+01  9.91795e+01  6.58018e+05 -7.02872e+05  4.66305e+02  0.00000e+00 -4.43874e+04  1.28412e+04 -3.15462e+04  1.67925e-01  1.00000e+00 -6.33467e+01  0.00000e+00  3.29051e+00 
 7.61342e-03  6.09482e-03  0.00000e+00  3.47944e+00  3.69522e-04  3.59590e+02  3.60050e+02  3.84602e+00  3.90383e+00  1.80761e-01  5.83106e+01  9.43245e+01  6.53244e+05 -7.00307e+05  4.39365e+02  0.00000e+00 -4.66241e+04  1.04450e+04 -3.61791e+04  1.80758e-01  1.00000e+00 -5.83185e+01  0.00000e+00  3.72076e+00 
 7.80566e-03  6.33332e-03  0.00000e+00  3.47944e+00  3.85626e-04  3.59636e+02  3.60050e+02  3.80236e+00  3.86148e+00  1.93591e-01  5.32885e+01  9.03859e+01  6.50567e+05 -7.00902e+05  4.16691e+02  0.00000e+00 -4.99176e+04  8.54078e+03 -4.13768e+04  1.93587e-01  1.00000e+00 -5.32965e+01  0.00000e+00  4.21175e+00 
 8.00039e-03  6.57182e-03  0.00000e+00  3.47944e+00  3.98869e-04  3.59682e+02  3.60050e+02  3.75532e+00  3.81415e+00  2.05934e-01  4.82682e+01  8.73853e+01  6.53379e+05 -7.06121e+05  3.98052e+02  0.00000e+00 -5.23438e+04  7.03117e+03 -4.53126e+04  2.05930e-01  1.00000e+00 -4.82763e+01  0.00000e+00  4.78300e+00 
 8.19744e-03  6.81033e-03  1.31016e-20  3.47944e+00  4.08968e-04  3.59729e+02  3.60050e+02  3.70307e+00  3.76125e+00  2.18320e-01  4.33836e+01  8.52277e+01  6.61934e+05 -7.18796e+05  3.83065e+02  0.00000e+00 -5.64792e+04  5.81406e+03 -5.06652e+04  2.18314e-01  1.00000e+00 -4.33919e+01  0.00000e+00  5.44472e+00 
 8.39664e-03  7.04884e-03  0.00000e+00  3.47944e+00  4.15323e-04  3.59776e+02  3.60050e+02  3.64643e+00  3.70395e+00  2.30125e-01  3.84296e+01  8.39239e+01  6.79437e+05 -7.39949e+05  3.71466e+02  0.00000e+00 -6.01405e+04  4.81134e+03 -5.53292e+04  2.30120e-01  1.00000e+00 -3.84382e+01  0.00000e+00  6.23014e+00 
 8.59784e-03  7.28736e-03  0.00000e+00  3.47944e+00  4.18054e-04  3.59826e+02  3.60051e+02  3.58260e+00  3.63946e+00  2.41977e-01  3.32154e+01  8.33759e+01  7.05592e+05 -7.72344e+05  3.62792e+02  0.00000e+00 -6.63887e+04  3.92922e+03 -6.24595e+04  2.41970e-01  1.00000e+00 -3.32244e+01  0.00000e+00  7.15711e+00 
 8.80092e-03  7.52587e-03  0.00000e+00  3.47944e+00  4.16625e-04  3.59877e+02  3.60051e+02  3.51438e+00  3.57062e+00  2.53224e-01  2.74411e+01  8.36623e+01  7.45438e+05 -8.18754e+05  3.56932e+02  0.00000e+00 -7.29595e+04  3.11282e+03 -6.98466e+04  2.53219e-01  1.00000e+00 -2.74505e+01  0.00000e+00  8.29925e+00 
 9.00573e-03  7.76439e-03 -1.17014e-20  3.47944e+00  4.11359e-04  3.59931e+02  3.60051e+02  3.43413e+00  3.48975e+00  2.64587e-01  2.06876e+01  8.47338e+01  7.99450e+05 -8.83726e+05  3.53460e+02  0.00000e+00 -8.39232e+04  2.27505e+03 -8.16481e+04  2.64580e-01  1.00000e+00 -2.06977e+01  0.00000e+00  9.69756e+00 
 9.21216e-03  8.00291e-03  0.00000e+00  3.47944e+00  4.01526e-04  3.59989e+02  3.60051e+02  3.35030e+00  3.40520e+00  2.75444e-01  1.23405e+01  8.68095e+01  8.77947e+05 -9.75256e+05  3.52739e+02  0.00000e+00 -9.69563e+04  1.33607e+03 -9.56203e+04  2.75439e-01  1.00000e+00 -1.23515e+01  0.00000e+00  1.15357e+01 
 9.42012e-03  8.24144e-03  0.00000e+00  3.47944e+00  3.87439e-04  3.60052e+02  3.60052e+02  3.24409e+00  3.29786e+00  2.86589e-01  1.29819e+00  8.99664e+01  9.86009e+05 -1.10476e+06  3.54071e+02  0.00000e+00 -1.18394e+05  1.41166e+02 -1.18253e+05  2.86584e-01  1.00000e+00 -1.31019e+00  0.00000e+00  1.39522e+01 
 9.62949e-03  8.47996e-03  0.00000e+00  3.47944e+00  3.67967e-04  3.60125e+02  3.60052e+02  3.13612e+00  3.18641e+00  2.97548e-01 -3.26927e+01  9.47277e+01  1.15133e+06 -1.29630e+06  3.58651e+02  0.00000e+00 -1.44609e+05 -3.56915e+03 -1.48178e+05  2.97546e-01  1.00000e+00  3.26643e+01  0.00000e+00  1.75487e+01 
 9.84019e-03  8.71849e-03  0.00000e+00  3.47944e+00  3.43089e-04  3.60216e+02  3.60052e+02  2.97772e+00  3.02438e+00  3.09097e-01 -8.92090e+01  1.01598e+02  1.40216e+06 -1.59091e+06  3.64974e+02  0.00000e+00 -1.88380e+05 -1.00603e+04 -1.98441e+05  3.09095e-01  1.00000e+00  8.91770e+01  0.00000e+00  2.29770e+01 
 1.00521e-02  8.95702e-03  0.00000e+00  3.47944e+00  3.10561e-04  3.60343e+02  3.60053e+02  2.80988e+00  2.85222e+00  3.20821e-01 -1.95078e+02  1.12240e+02  1.85240e+06 -2.09068e+06  3.77011e+02  0.00000e+00 -2.37902e+05 -2.34194e+04 -2.61321e+05  3.20820e-01  1.00000e+00  1.95041e+02  0.00000e+00  3.30716e+01 
 1.02653e-02  9.19555e-03  0.00000e+00  3.47944e+00  2.71625e-04  3.60563e+02  3.60054e+02  2.51834e+00  2.55414e+00  3.34532e-01 -4.41101e+02  1.28330e+02  2.72099e+06 -2.96705e+06  3.82997e+02  0.00000e+00 -2.45668e+05 -5.80704e+04 -3.03738e+05  3.34524e-01  1.00000e+00  4.41055e+02  0.00000e+00  5.51075e+01 
 1.04795e-02  9.43408e-03  0.00000e+00  3.47944e+00  2.32182e-04  3.61125e+02  3.60055e+02  2.08530e+00  2.10935e+00  3.48881e-01 -4.38674e+03  1.50133e+02  4.86088e+06 -3.97394e+06  3.84713e+02  6.50629e+05  1.53796e+06 -1.55078e+06 -1.28203e+04  3.48890e-01  1.00000e+00  4.38668e+03  3.14714e+03  1.40439e+02 
