# Code_Saturne plot output (1D profile)
#
# Iteration output: 3567
# Time output:      2.30006e+01
#
#COLUMN_TITLES: Distance | X | Y | Z | diameter_Field2 | temp_Field1 | temp_Field2 | Velocity_Field1[Z] | Velocity_Field2[Z] | vol_f_Field2 | mass_trans_Field1 | Xd_Field2 | BK | COAL | COMP | NUCL | W1 | MT | SMBR | ALPBB | CONDNUM | GAMA | GAMANUC | epsilon_Field1
 4.56474e-03  1.39645e-04  0.00000e+00  3.47944e+00  3.21473e-05  3.58475e+02  3.60047e+02  4.17806e+00  4.18099e+00  9.48130e-03  2.28905e+02  1.08428e+03  6.35611e-30 -1.18043e+06  5.09205e+03  0.00000e+00 -1.17534e+06  1.22750e+07  1.10996e+07  9.45606e-03  1.00000e+00 -2.29218e+02  0.00000e+00  4.53701e-01 
 4.57812e-03  3.76525e-04  4.25872e-21  3.47944e+00  5.44344e-05  3.58475e+02  3.60047e+02  4.17747e+00  4.18399e+00  1.02810e-02  1.18616e+02  6.40345e+02  5.63713e-08 -5.24742e+05  2.98901e+03  0.00000e+00 -5.21753e+05  3.46382e+06  2.94207e+06  1.02541e-02  1.00000e+00 -1.18779e+02  0.00000e+00  4.58208e-01 
 4.60371e-03  6.13858e-04  0.00000e+00  3.47944e+00  7.27305e-05  3.58480e+02  3.60047e+02  4.17584e+00  4.18588e+00  1.11532e-02  8.60071e+01  4.79259e+02  3.21514e-02 -3.49191e+05  2.23492e+03  0.00000e+00 -3.46956e+05  1.73260e+06  1.38565e+06  1.11240e-02  1.00000e+00 -8.61255e+01  0.00000e+00  4.67006e-01 
 4.64138e-03  8.51483e-04  0.00000e+00  3.47944e+00  8.81287e-05  3.58488e+02  3.60047e+02  4.17362e+00  4.18662e+00  1.22806e-02  7.28141e+01  3.95521e+02  9.19243e+00 -2.79201e+05  1.84437e+03  0.00000e+00 -2.77348e+05  1.09932e+06  8.21972e+05  1.22489e-02  1.00000e+00 -7.29149e+01  0.00000e+00  4.80234e-01 
 4.69084e-03  1.08931e-03  0.00000e+00  3.47944e+00  1.02137e-04  3.58500e+02  3.60047e+02  4.17042e+00  4.18617e+00  1.36668e-02  6.61531e+01  3.41274e+02  2.17692e+02 -2.44031e+05  1.59127e+03  0.00000e+00 -2.42222e+05  7.74351e+05  5.32129e+05  1.36316e-02  1.00000e+00 -6.62455e+01  0.00000e+00  4.98153e-01 
 4.75174e-03  1.32727e-03  1.05001e-20  3.47944e+00  1.15333e-04  3.58515e+02  3.60047e+02  4.16618e+00  4.18456e+00  1.53374e-02  6.27126e+01  3.02227e+02  1.62514e+03 -2.25397e+05  1.40889e+03  0.00000e+00 -2.22363e+05  5.79298e+05  3.56935e+05  1.52974e-02  1.00000e+00 -6.28010e+01  0.00000e+00  5.21081e-01 
 4.82366e-03  1.56534e-03  0.00000e+00  3.47944e+00  1.27938e-04  3.58535e+02  3.60047e+02  4.16114e+00  4.18198e+00  1.73179e-02  6.11941e+01  2.72450e+02  6.37887e+03 -2.16436e+05  1.26990e+03  0.00000e+00 -2.08788e+05  4.51304e+05  2.42517e+05  1.72726e-02  1.00000e+00 -6.12815e+01  0.00000e+00  5.49380e-01 
 4.90611e-03  1.80349e-03  8.81027e-21  3.47944e+00  1.40039e-04  3.58558e+02  3.60047e+02  4.15532e+00  4.17848e+00  1.96435e-02  6.10026e+01  2.48908e+02  1.68428e+04 -2.14091e+05  1.15980e+03  0.00000e+00 -1.96089e+05  3.62346e+05  1.66257e+05  1.95926e-02  1.00000e+00 -6.10911e+01  0.00000e+00  5.83643e-01 
 4.99859e-03  2.04170e-03  0.00000e+00  3.47944e+00  1.51702e-04  3.58585e+02  3.60047e+02  4.14850e+00  4.17389e+00  2.23576e-02  6.18114e+01  2.29771e+02  3.42876e+04 -2.16744e+05  1.07004e+03  0.00000e+00 -1.81386e+05  2.97786e+05  1.16400e+05  2.22991e-02  1.00000e+00 -6.19027e+01  0.00000e+00  6.24462e-01 
 5.10055e-03  2.27996e-03  7.58893e-21  3.47944e+00  1.63042e-04  3.58615e+02  3.60047e+02  4.14064e+00  4.16816e+00  2.55041e-02  6.33675e+01  2.13790e+02  5.84827e+04 -2.23356e+05  9.94840e+02  0.00000e+00 -1.63879e+05  2.49016e+05  8.51371e+04  2.54370e-02  1.00000e+00 -6.34631e+01  0.00000e+00  6.72551e-01 
 5.21143e-03  2.51826e-03  7.09702e-21  3.47944e+00  1.74251e-04  3.58648e+02  3.60047e+02  4.13179e+00  4.16134e+00  2.91290e-02  6.54709e+01  2.00038e+02  8.81527e+04 -2.33079e+05  9.30065e+02  0.00000e+00 -1.43996e+05  2.10783e+05  6.67870e+04  2.90521e-02  1.00000e+00 -6.55719e+01  0.00000e+00  7.28762e-01 
 5.33068e-03  2.75659e-03  1.33300e-20  3.47944e+00  1.85598e-04  3.58684e+02  3.60047e+02  4.12186e+00  4.15343e+00  3.32985e-02  6.79319e+01  1.87808e+02  1.21553e+05 -2.45247e+05  8.72230e+02  0.00000e+00 -1.22822e+05  1.79633e+05  5.68113e+04  3.32107e-02  1.00000e+00 -6.80394e+01  0.00000e+00  7.94193e-01 
 5.45775e-03  2.99495e-03  1.25651e-20  3.47944e+00  1.97405e-04  3.58723e+02  3.60047e+02  4.11073e+00  4.14436e+00  3.80675e-02  7.05526e+01  1.76575e+02  1.56696e+05 -2.59021e+05  8.19020e+02  0.00000e+00 -1.01506e+05  1.53442e+05  5.19357e+04  3.79668e-02  1.00000e+00 -7.06676e+01  0.00000e+00  8.69967e-01 
 5.59212e-03  3.23333e-03  0.00000e+00  3.47944e+00  2.10030e-04  3.58764e+02  3.60047e+02  4.09830e+00  4.13410e+00  4.34996e-02  7.31136e+01  1.65962e+02  1.91553e+05 -2.73574e+05  7.68584e+02  0.00000e+00 -8.12524e+04  1.30799e+05  4.95470e+04  4.33851e-02  1.00000e+00 -7.32366e+01  0.00000e+00  9.57488e-01 
 5.73326e-03  3.47172e-03  0.00000e+00  3.47944e+00  2.23838e-04  3.58807e+02  3.60047e+02  4.08448e+00  4.12263e+00  4.96457e-02  7.54174e+01  1.55724e+02  2.24072e+05 -2.87931e+05  7.19949e+02  0.00000e+00 -6.31390e+04  1.10934e+05  4.77947e+04  4.95159e-02  1.00000e+00 -7.55486e+01  0.00000e+00  1.05816e+00 
 5.88069e-03  3.71014e-03 -5.35987e-21  3.47944e+00  2.39182e-04  3.58852e+02  3.60047e+02  4.06915e+00  4.10990e+00  5.65628e-02  7.72587e+01  1.45734e+02  2.52485e+05 -3.01207e+05  6.72354e+02  0.00000e+00 -4.80493e+04  9.33555e+04  4.53062e+04  5.64149e-02  1.00000e+00 -7.73981e+01  0.00000e+00  1.17386e+00 
 6.03395e-03  3.94857e-03  5.10973e-21  3.47944e+00  2.56376e-04  3.58898e+02  3.60047e+02  4.05213e+00  4.09579e+00  6.42841e-02  7.83236e+01  1.35960e+02  2.75372e+05 -3.12498e+05  6.25869e+02  0.00000e+00 -3.65002e+04  7.77006e+04  4.12005e+04  6.41141e-02  1.00000e+00 -7.84706e+01  0.00000e+00  1.30644e+00 
 6.19261e-03  4.18701e-03  0.00000e+00  3.47944e+00  2.75649e-04  3.58946e+02  3.60047e+02  4.03327e+00  4.08020e+00  7.28465e-02  7.79057e+01  1.26455e+02  2.91912e+05 -3.21204e+05  5.80513e+02  0.00000e+00 -2.87116e+04  6.34431e+04  3.47315e+04  7.26500e-02  1.00000e+00 -7.80582e+01  0.00000e+00  1.45821e+00 
 6.35626e-03  4.42546e-03  0.00000e+00  3.47944e+00  2.97043e-04  3.58995e+02  3.60047e+02  4.01235e+00  4.06294e+00  8.22402e-02  7.67023e+01  1.17347e+02  3.01921e+05 -3.26993e+05  5.37074e+02  0.00000e+00 -2.45346e+04  5.13489e+04  2.68143e+04  8.20174e-02  1.00000e+00 -7.68594e+01  0.00000e+00  1.63151e+00 
 6.52453e-03  4.66392e-03 -8.96437e-21  3.47944e+00  3.20439e-04  3.59045e+02  3.60047e+02  3.98921e+00  4.04372e+00  9.24719e-02  7.47853e+01  1.08779e+02  3.05888e+05 -3.29976e+05  4.95960e+02  0.00000e+00 -2.35919e+04  4.12766e+04  1.76846e+04  9.22255e-02  1.00000e+00 -7.49461e+01  0.00000e+00  1.82923e+00 
 6.69707e-03  4.90238e-03  1.72236e-20  3.47944e+00  3.45469e-04  3.59096e+02  3.60047e+02  3.96360e+00  4.02202e+00  1.03428e-01  7.22597e+01  1.00898e+02  3.04824e+05 -3.30229e+05  4.58093e+02  0.00000e+00 -2.49474e+04  3.30754e+04  8.12805e+03  1.03157e-01  1.00000e+00 -7.24233e+01  0.00000e+00  2.05388e+00 
 6.87356e-03  5.14086e-03  8.28595e-21  3.47944e+00  3.71517e-04  3.59148e+02  3.60047e+02  3.93561e+00  3.99743e+00  1.14962e-01  6.92409e+01  9.38240e+01  3.00227e+05 -3.28241e+05  4.23685e+02  0.00000e+00 -2.75895e+04  2.65156e+04 -1.07391e+03  1.14664e-01  1.00000e+00 -6.94066e+01  0.00000e+00  2.30932e+00 
 7.05370e-03  5.37934e-03 -1.59677e-20  3.47944e+00  3.97718e-04  3.59201e+02  3.60047e+02  3.90531e+00  3.96774e+00  1.26985e-01  6.54655e+01  8.76432e+01  2.93702e+05 -3.25006e+05  3.93478e+02  0.00000e+00 -3.09105e+04  2.12011e+04 -9.70943e+03  1.26661e-01  1.00000e+00 -6.56320e+01  0.00000e+00  2.59981e+00 
 7.23722e-03  5.61783e-03  0.00000e+00  3.47944e+00  4.23007e-04  3.59254e+02  3.60047e+02  3.87229e+00  3.93386e+00  1.39242e-01  6.16194e+01  8.24038e+01  2.86964e+05 -3.21358e+05  3.67182e+02  0.00000e+00 -3.40273e+04  1.71106e+04 -1.69167e+04  1.38898e-01  1.00000e+00 -6.17866e+01  0.00000e+00  2.93228e+00 
 7.42387e-03  5.85632e-03  0.00000e+00  3.47944e+00  4.46335e-04  3.59309e+02  3.60047e+02  3.83584e+00  3.89646e+00  1.51745e-01  5.79920e+01  7.80971e+01  2.81136e+05 -3.18595e+05  3.45157e+02  0.00000e+00 -3.71137e+04  1.40043e+04 -2.31094e+04  1.51381e-01  1.00000e+00 -5.81610e+01  0.00000e+00  3.31136e+00 
 7.61342e-03  6.09482e-03  0.00000e+00  3.47944e+00  4.66714e-04  3.59365e+02  3.60047e+02  3.79589e+00  3.85555e+00  1.64228e-01  5.45543e+01  7.46871e+01  2.77328e+05 -3.17397e+05  3.26926e+02  0.00000e+00 -3.97427e+04  1.16417e+04 -2.81010e+04  1.63848e-01  1.00000e+00 -5.47263e+01  0.00000e+00  3.74655e+00 
 7.80566e-03  6.33332e-03  0.00000e+00  3.47944e+00  4.83472e-04  3.59422e+02  3.60048e+02  3.75195e+00  3.81070e+00  1.76768e-01  5.13144e+01  7.20986e+01  2.75967e+05 -3.18764e+05  3.12325e+02  0.00000e+00 -4.24845e+04  9.82171e+03 -3.26627e+04  1.76375e-01  1.00000e+00 -5.14909e+01  0.00000e+00  4.24423e+00 
 8.00039e-03  6.57182e-03  0.00000e+00  3.47944e+00  4.96040e-04  3.59481e+02  3.60048e+02  3.70412e+00  3.76196e+00  1.89063e-01  4.81328e+01  7.02722e+01  2.77790e+05 -3.23091e+05  3.00739e+02  0.00000e+00 -4.50002e+04  8.39716e+03 -3.66030e+04  1.88651e-01  1.00000e+00 -4.83154e+01  0.00000e+00  4.82105e+00 
 8.19744e-03  6.81033e-03  1.31016e-20  3.47944e+00  5.04263e-04  3.59541e+02  3.60048e+02  3.65146e+00  3.70844e+00  2.01326e-01  4.49338e+01  6.91265e+01  2.82876e+05 -3.31361e+05  2.91968e+02  0.00000e+00 -4.81931e+04  7.24377e+03 -4.09493e+04  2.00901e-01  1.00000e+00 -4.51246e+01  0.00000e+00  5.48843e+00 
 8.39664e-03  7.04884e-03  0.00000e+00  3.47944e+00  5.07900e-04  3.59604e+02  3.60048e+02  3.59419e+00  3.65035e+00  2.13198e-01  4.15145e+01  6.86317e+01  2.92113e+05 -3.44036e+05  2.85454e+02  0.00000e+00 -5.16369e+04  6.27772e+03 -4.53591e+04  2.12760e-01  1.00000e+00 -4.17155e+01  0.00000e+00  6.27831e+00 
 8.59784e-03  7.28736e-03  0.00000e+00  3.47944e+00  5.07111e-04  3.59669e+02  3.60048e+02  3.53043e+00  3.58579e+00  2.24989e-01  3.76996e+01  6.87389e+01  3.05671e+05 -3.62363e+05  2.81129e+02  0.00000e+00 -5.64104e+04  5.41447e+03 -5.09959e+04  2.24539e-01  1.00000e+00 -3.79134e+01  0.00000e+00  7.21373e+00 
 8.80092e-03  7.52587e-03  0.00000e+00  3.47944e+00  5.01698e-04  3.59737e+02  3.60048e+02  3.46130e+00  3.51594e+00  2.36451e-01  3.32106e+01  6.94807e+01  3.25143e+05 -3.87763e+05  2.78607e+02  0.00000e+00 -6.23423e+04  4.59283e+03 -5.77495e+04  2.35990e-01  1.00000e+00 -3.34402e+01  0.00000e+00  8.36086e+00 
 9.00573e-03  7.76439e-03 -1.17014e-20  3.47944e+00  4.91871e-04  3.59810e+02  3.60049e+02  3.38139e+00  3.43537e+00  2.47847e-01  2.76476e+01  7.08692e+01  3.51493e+05 -4.22531e+05  2.77794e+02  0.00000e+00 -7.07604e+04  3.72792e+03 -6.70325e+04  2.47387e-01  1.00000e+00 -2.78969e+01  0.00000e+00  9.77564e+00 
 9.21216e-03  8.00291e-03  0.00000e+00  3.47944e+00  4.77219e-04  3.59888e+02  3.60049e+02  3.29661e+00  3.35013e+00  2.58954e-01  2.04224e+01  7.30457e+01  3.88502e+05 -4.70355e+05  2.78580e+02  0.00000e+00 -8.15743e+04  2.72791e+03 -7.88464e+04  2.58513e-01  1.00000e+00 -2.06965e+01  0.00000e+00  1.16268e+01 
 9.42012e-03  8.24144e-03  0.00000e+00  3.47944e+00  4.57901e-04  3.59975e+02  3.60049e+02  3.18954e+00  3.24274e+00  2.70221e-01  1.04670e+01  7.61278e+01  4.39172e+05 -5.37253e+05  2.81254e+02  0.00000e+00 -9.78004e+04  1.41811e+03 -9.63823e+04  2.69768e-01  1.00000e+00 -1.07728e+01  0.00000e+00  1.40565e+01 
 9.62949e-03  8.47996e-03  0.00000e+00  3.47944e+00  4.33131e-04  3.60073e+02  3.60050e+02  3.08054e+00  3.13335e+00  2.81464e-01 -9.40562e+00  8.04819e+01  5.14646e+05 -6.33597e+05  2.85734e+02  0.00000e+00 -1.18665e+05 -1.15212e+03 -1.19817e+05  2.81017e-01  1.00000e+00  8.62285e+00  0.00000e+00  1.76398e+01 
 9.84019e-03  8.71849e-03  0.00000e+00  3.47944e+00  4.03170e-04  3.60192e+02  3.60050e+02  2.91809e+00  2.96963e+00  2.93317e-01 -6.23399e+01  8.64635e+01  6.26153e+05 -7.77041e+05  2.91969e+02  0.00000e+00 -1.50596e+05 -8.46123e+03 -1.59057e+05  2.92897e-01  1.00000e+00  6.14327e+01  0.00000e+00  2.29741e+01 
 1.00521e-02  8.95702e-03  0.00000e+00  3.47944e+00  3.65527e-04  3.60352e+02  3.60051e+02  2.75363e+00  2.80252e+00  3.05398e-01 -1.58935e+02  9.53686e+01  8.22118e+05 -1.00777e+06  3.00614e+02  0.00000e+00 -1.85349e+05 -2.30305e+04 -2.08380e+05  3.04996e-01  1.00000e+00  1.57845e+02  0.00000e+00  3.28861e+01 
 1.02653e-02  9.19555e-03  0.00000e+00  3.47944e+00  3.21018e-04  3.60612e+02  3.60051e+02  2.46394e+00  2.50621e+00  3.19605e-01 -3.73772e+02  1.08593e+02  1.19656e+06 -1.38365e+06  3.02275e+02  0.00000e+00 -1.86787e+05 -5.90899e+04 -2.45877e+05  3.19196e-01  1.00000e+00  3.72406e+02  0.00000e+00  5.48805e+01 
 1.04795e-02  9.43408e-03  0.00000e+00  3.47944e+00  2.75027e-04  3.61216e+02  3.60052e+02  2.03264e+00  2.06312e+00  3.36274e-01 -4.12429e+03  1.26754e+02  1.97546e+06 -1.86984e+06  3.01309e+02  1.38144e+06  1.48737e+06 -1.50359e+06 -1.62194e+04  3.35857e-01  1.00000e+00  4.12250e+03  3.09099e+03  1.40251e+02 
