# Code_Saturne plot output (1D profile)
#
# Iteration output: 3727
# Time output:      2.30001e+01
#
#COLUMN_TITLES: Distance | X | Y | Z | diameter_Field2 | temp_Field1 | temp_Field2 | Velocity_Field1[Z] | Velocity_Field2[Z] | vol_f_Field2 | mass_trans_Field1 | Xd_Field2 | BK | COAL | COMP | NUCL | W1 | MT | SMBR | ALPBB | CONDNUM | GAMA | GAMANUC | epsilon_Field1
 4.56474e-03  1.39645e-04  0.00000e+00  3.47944e+00  1.19184e-05  3.58123e+02  3.60049e+02  3.98799e+00  3.98822e+00  3.39293e-08  5.09785e-03  2.92471e+03  0.00000e+00 -6.48873e+00  9.32597e+03  0.00000e+00  9.31948e+03  4.42845e+06  4.43777e+06  3.62631e-08  3.62631e-02 -5.11048e-03  0.00000e+00  2.13395e-01 
 4.57812e-03  3.76525e-04  4.25872e-21  3.47944e+00  1.19644e-05  3.58129e+02  3.60048e+02  3.98767e+00  3.98792e+00  1.95096e-07  3.26775e-02  2.91342e+03  0.00000e+00 -3.72993e+01  7.30666e+03  0.00000e+00  7.26936e+03  2.82482e+07  2.82554e+07  2.09604e-07  2.09604e-01 -3.27587e-02  0.00000e+00  2.15138e-01 
 4.60371e-03  6.13858e-04  0.00000e+00  3.47944e+00  1.25314e-05  3.58141e+02  3.60048e+02  3.98660e+00  3.98690e+00  1.68576e-06  2.56485e-01  2.78159e+03 2.89898e-291 -2.86596e+02  7.23160e+03  0.00000e+00  6.94500e+03  1.24743e+08  1.24750e+08  1.70984e-06  1.00000e+00 -2.57127e-01  0.00000e+00  2.18582e-01 
 4.64138e-03  8.51483e-04  0.00000e+00  3.47944e+00  1.59643e-05  3.58158e+02  3.60048e+02  3.98502e+00  3.98548e+00  1.16778e-05  1.22873e+00  2.18345e+03 9.88569e-189 -1.30931e+03  7.60585e+03  0.00000e+00  6.29654e+03  6.93159e+07  6.93222e+07  1.15971e-05  1.00000e+00 -1.23183e+00  0.00000e+00  2.23792e-01 
 4.69084e-03  1.08931e-03  0.00000e+00  3.47944e+00  1.99488e-05  3.58181e+02  3.60048e+02  3.98290e+00  3.98362e+00  5.57992e-05  4.22084e+00  1.74733e+03 1.97352e-124 -4.37063e+03  6.62084e+03  0.00000e+00  2.25020e+03  3.96953e+07  3.96975e+07  5.56975e-05  1.00000e+00 -4.23162e+00  0.00000e+00  2.30854e-01 
 4.75174e-03  1.32727e-03  1.05001e-20  3.47944e+00  2.45854e-05  3.58213e+02  3.60048e+02  3.98027e+00  3.98138e+00  1.84510e-04  1.00425e+01  1.41780e+03  1.08535e-82 -1.02994e+04  5.64265e+03  0.00000e+00 -4.65671e+03  2.31647e+07  2.31601e+07  1.84286e-04  1.00000e+00 -1.00686e+01  0.00000e+00  2.39876e-01 
 4.82366e-03  1.56534e-03  0.00000e+00  3.47944e+00  2.97408e-05  3.58251e+02  3.60048e+02  3.97713e+00  3.97878e+00  4.56726e-04  1.82261e+01  1.17203e+03  9.29481e-56 -1.87717e+04  4.80816e+03  0.00000e+00 -1.39636e+04  1.40358e+07  1.40218e+07  4.56339e-04  1.00000e+00 -1.82744e+01  0.00000e+00  2.51003e-01 
 4.90611e-03  1.80349e-03  8.81027e-21  3.47944e+00  3.52682e-05  3.58289e+02  3.60048e+02  3.97348e+00  3.97581e+00  9.09267e-04  2.72269e+01  9.88346e+02  3.71386e-38 -2.84996e+04  4.12675e+03  0.00000e+00 -2.43729e+04  8.87998e+06  8.85560e+06  9.08716e-04  1.00000e+00 -2.73006e+01  0.00000e+00  2.64408e-01 
 4.99859e-03  2.04170e-03  0.00000e+00  3.47944e+00  4.10032e-05  3.58333e+02  3.60048e+02  3.96932e+00  3.97246e+00  1.54340e-03  3.55542e+01  8.50107e+02  1.99283e-26 -3.82024e+04  3.58456e+03  0.00000e+00 -3.46179e+04  5.87538e+06  5.84076e+06  1.54276e-03  1.00000e+00 -3.56529e+01  0.00000e+00  2.80315e-01 
 5.10055e-03  2.27996e-03  7.58893e-21  3.47944e+00  4.67931e-05  3.58382e+02  3.60048e+02  3.96460e+00  3.96862e+00  2.33462e-03  4.24638e+01  7.44921e+02  2.00191e-18 -4.71600e+04  3.15790e+03  0.00000e+00 -4.40021e+04  4.06489e+06  4.02089e+06  2.33394e-03  1.00000e+00 -4.25852e+01  0.00000e+00  2.98963e-01 
 5.21143e-03  2.51826e-03  7.09702e-21  3.47944e+00  5.25232e-05  3.58437e+02  3.60048e+02  3.95928e+00  3.96420e+00  3.25693e-03  4.81964e+01  6.63653e+02  8.16506e-13 -5.53000e+04  2.82068e+03  0.00000e+00 -5.24793e+04  2.94645e+06  2.89398e+06  3.25621e-03  1.00000e+00 -4.83387e+01  0.00000e+00  3.20688e-01 
 5.33068e-03  2.75659e-03  1.33300e-20  3.47944e+00  5.81284e-05  3.58496e+02  3.60048e+02  3.95330e+00  3.95939e+00  4.38834e-03  5.25101e+01  5.99658e+02  9.16846e-09 -6.42453e+04  2.55040e+03  0.00000e+00 -6.16949e+04  2.15277e+06  2.09108e+06  4.38789e-03  1.00000e+00 -5.26710e+01  0.00000e+00  3.45907e-01 
 5.45775e-03  2.99495e-03  1.25651e-20  3.47944e+00  6.35405e-05  3.58559e+02  3.60048e+02  3.94662e+00  3.95382e+00  5.86847e-03  5.82993e+01  5.48582e+02  9.02189e-06 -7.57580e+04  2.33172e+03  0.00000e+00 -7.34262e+04  1.63522e+06  1.56179e+06  5.86803e-03  1.00000e+00 -5.84854e+01  0.00000e+00  3.75182e-01 
 5.59212e-03  3.23333e-03  0.00000e+00  3.47944e+00  6.88474e-05  3.58627e+02  3.60048e+02  3.93919e+00  3.94749e+00  7.76894e-03  6.48305e+01  5.06296e+02  1.77300e-03 -8.98901e+04  2.15112e+03  0.00000e+00 -8.77390e+04  1.26798e+06  1.18024e+06  7.76784e-03  1.00000e+00 -6.50472e+01  0.00000e+00  4.09083e-01 
 5.73326e-03  3.47172e-03  0.00000e+00  3.47944e+00  7.41376e-05  3.58699e+02  3.60048e+02  3.93094e+00  3.94034e+00  1.01766e-02  7.19132e+01  4.70169e+02  1.13807e-01 -1.06794e+05  1.99657e+03  0.00000e+00 -1.04797e+05  9.97412e+05  8.92615e+05  1.01738e-02  1.00000e+00 -7.21662e+01  0.00000e+00  4.48360e-01 
 5.88069e-03  3.71014e-03 -5.35987e-21  3.47944e+00  7.94411e-05  3.58775e+02  3.60048e+02  3.92180e+00  3.93228e+00  1.31929e-02  7.94448e+01  4.38781e+02  3.17380e+00 -1.26727e+05  1.86190e+03  0.00000e+00 -1.24862e+05  7.93591e+05  6.68729e+05  1.31832e-02  1.00000e+00 -7.97408e+01  0.00000e+00  4.93882e-01 
 6.03395e-03  3.94857e-03  5.10973e-21  3.47944e+00  8.47385e-05  3.58854e+02  3.60048e+02  3.91168e+00  3.92321e+00  1.69546e-02  8.75865e+01  4.11351e+02  4.55383e+01 -1.50678e+05  1.74253e+03  0.00000e+00 -1.48890e+05  6.38083e+05  4.89194e+05  1.69525e-02  1.00000e+00 -8.79341e+01  0.00000e+00  5.46704e-01 
 6.19261e-03  4.18701e-03  0.00000e+00  3.47944e+00  8.99775e-05  3.58936e+02  3.60048e+02  3.90050e+00  3.91302e+00  2.15768e-02  9.60237e+01  3.87400e+02  3.87008e+02 -1.78950e+05  1.63811e+03  0.00000e+00 -1.76925e+05  5.17671e+05  3.40746e+05  2.15815e-02  1.00000e+00 -9.64324e+01  0.00000e+00  6.07965e-01 
 6.35626e-03  4.42546e-03  0.00000e+00  3.47944e+00  9.50566e-05  3.59020e+02  3.60048e+02  3.88813e+00  3.90156e+00  2.72101e-02  1.04752e+02  3.66700e+02  2.15359e+03 -2.12704e+05  1.54709e+03  0.00000e+00 -2.09003e+05  4.23929e+05  2.14926e+05  2.72220e-02  1.00000e+00 -1.05233e+02  0.00000e+00  6.79551e-01 
 6.52453e-03  4.66392e-03 -8.96437e-21  3.47944e+00  9.98289e-05  3.59106e+02  3.60048e+02  3.87442e+00  3.88866e+00  3.40069e-02  1.13788e+02  3.49170e+02  8.48519e+03 -2.53484e+05  1.46905e+03  0.00000e+00 -2.43530e+05  3.50913e+05  1.07383e+05  3.40278e-02  1.00000e+00 -1.14358e+02  0.00000e+00  7.63676e-01 
 6.69707e-03  4.90238e-03  1.72236e-20  3.47944e+00  1.04107e-04  3.59192e+02  3.60048e+02  3.85920e+00  3.87411e+00  4.21398e-02  1.23149e+02  3.34822e+02  2.52218e+04 -3.03632e+05  1.40427e+03  0.00000e+00 -2.77006e+05  2.93976e+05  1.69708e+04  4.21727e-02  1.00000e+00 -1.23827e+02  0.00000e+00  8.62866e-01 
 6.87356e-03  5.14086e-03  8.28595e-21  3.47944e+00  1.07705e-04  3.59279e+02  3.60048e+02  3.84228e+00  3.85769e+00  5.17726e-02  1.32840e+02  3.23639e+02  5.99080e+04 -3.66214e+05  1.35311e+03  0.00000e+00 -3.04953e+05  2.49617e+05 -5.53365e+04  5.18177e-02  1.00000e+00 -1.33651e+02  0.00000e+00  9.80623e-01 
 7.05370e-03  5.37934e-03 -1.59677e-20  3.47944e+00  1.10495e-04  3.59364e+02  3.60048e+02  3.82341e+00  3.83915e+00  6.30811e-02  1.42604e+02  3.15466e+02  1.19687e+05 -4.45191e+05  1.31385e+03  0.00000e+00 -3.24189e+05  2.14527e+05 -1.09662e+05  6.31383e-02  1.00000e+00 -1.43580e+02  0.00000e+00  1.12145e+00 
 7.23722e-03  5.61783e-03  0.00000e+00  3.47944e+00  1.12439e-04  3.59447e+02  3.60048e+02  3.80228e+00  3.81822e+00  7.61693e-02  1.49718e+02  3.10011e+02  2.09893e+05 -5.44852e+05  1.28542e+03  0.00000e+00 -3.33674e+05  1.83471e+05 -1.50203e+05  7.62391e-02  1.00000e+00 -1.50880e+02  0.00000e+00  1.29029e+00 
 7.42387e-03  5.85632e-03  0.00000e+00  3.47944e+00  1.13560e-04  3.59527e+02  3.60048e+02  3.77854e+00  3.79445e+00  9.11388e-02  1.55369e+02  3.06952e+02  3.34570e+05 -6.70677e+05  1.26575e+03  0.00000e+00 -3.34840e+05  1.57732e+05 -1.77108e+05  9.12241e-02  1.00000e+00 -1.56754e+02  0.00000e+00  1.49406e+00 
 7.61342e-03  6.09482e-03  0.00000e+00  3.47944e+00  1.13950e-04  3.59604e+02  3.60048e+02  3.75174e+00  3.76738e+00  1.07952e-01  1.58716e+02  3.05901e+02  4.96876e+05 -8.27690e+05  1.25342e+03  0.00000e+00 -3.29561e+05  1.35792e+05 -1.93769e+05  1.08033e-01  1.00000e+00 -1.60364e+02  0.00000e+00  1.74033e+00 
 7.80566e-03  6.33332e-03  0.00000e+00  3.47944e+00  1.13740e-04  3.59675e+02  3.60048e+02  3.72135e+00  3.73659e+00  1.26632e-01  1.59166e+02  3.06467e+02  7.01277e+05 -1.02273e+06  1.24633e+03  0.00000e+00 -3.20204e+05  1.16540e+05 -2.03664e+05  1.26709e-01  1.00000e+00 -1.61120e+02  0.00000e+00  2.03961e+00 
 8.00039e-03  6.57182e-03  0.00000e+00  3.47944e+00  1.13057e-04  3.59740e+02  3.60048e+02  3.68672e+00  3.70144e+00  1.47022e-01  1.56058e+02  3.08318e+02  9.51860e+05 -1.26179e+06  1.24316e+03  0.00000e+00 -3.08686e+05  9.92720e+04 -2.09414e+05  1.47089e-01  1.00000e+00 -1.58361e+02  0.00000e+00  2.40310e+00 
 8.19744e-03  6.81033e-03  1.31016e-20  3.47944e+00  1.12009e-04  3.59800e+02  3.60048e+02  3.64717e+00  3.66132e+00  1.68952e-01  1.49093e+02  3.11204e+02  1.25455e+06 -1.55223e+06  1.24192e+03  0.00000e+00 -2.96440e+05  8.35849e+04 -2.12855e+05  1.69015e-01  1.00000e+00 -1.51789e+02  0.00000e+00  2.84722e+00 
 8.39664e-03  7.04884e-03  0.00000e+00  3.47944e+00  1.10685e-04  3.59852e+02  3.60049e+02  3.60185e+00  3.61536e+00  1.92054e-01  1.38154e+02  3.14926e+02  1.61281e+06 -1.89966e+06  1.24225e+03  0.00000e+00 -2.85608e+05  6.92671e+04 -2.16341e+05  1.92109e-01  1.00000e+00 -1.41282e+02  0.00000e+00  3.38821e+00 
 8.59784e-03  7.28736e-03  0.00000e+00  3.47944e+00  1.09130e-04  3.59898e+02  3.60049e+02  3.55001e+00  3.56277e+00  2.16123e-01  1.23756e+02  3.19416e+02  2.03572e+06 -2.31441e+06  1.24194e+03  0.00000e+00 -2.77446e+05  5.62774e+04 -2.21168e+05  2.16182e-01  1.00000e+00 -1.27354e+02  0.00000e+00  4.05505e+00 
 8.80092e-03  7.52587e-03  0.00000e+00  3.47944e+00  1.07362e-04  3.59937e+02  3.60049e+02  3.49040e+00  3.50234e+00  2.40540e-01  1.06411e+02  3.24678e+02  2.52720e+06 -2.80271e+06  1.24157e+03  0.00000e+00 -2.74269e+05  4.46003e+04 -2.29669e+05  2.40601e-01  1.00000e+00 -1.10509e+02  0.00000e+00  4.87485e+00 
 9.00573e-03  7.76439e-03 -1.17014e-20  3.47944e+00  1.05341e-04  3.59970e+02  3.60049e+02  3.42252e+00  3.43359e+00  2.65328e-01  8.72093e+01  3.30908e+02  3.10529e+06 -3.38667e+06  1.24015e+03  0.00000e+00 -2.80139e+05  3.42495e+04 -2.45890e+05  2.65389e-01  1.00000e+00 -9.18425e+01  0.00000e+00  5.90571e+00 
 9.21216e-03  8.00291e-03  0.00000e+00  3.47944e+00  1.02971e-04  3.59997e+02  3.60049e+02  3.34332e+00  3.35349e+00  2.89770e-01  6.68366e+01  3.38525e+02  3.78700e+06 -4.08721e+06  1.23927e+03  0.00000e+00 -2.98974e+05  2.51655e+04 -2.73809e+05  2.89823e-01  1.00000e+00 -7.20393e+01  0.00000e+00  7.21233e+00 
 9.42012e-03  8.24144e-03  0.00000e+00  3.47944e+00  1.00080e-04  3.60020e+02  3.60049e+02  3.25363e+00  3.26276e+00  3.14492e-01  4.60110e+01  3.48305e+02  4.63163e+06 -4.97471e+06  1.23863e+03  0.00000e+00 -3.41844e+05  1.71719e+04 -3.24672e+05  3.14511e-01  1.00000e+00 -5.18475e+01  0.00000e+00  8.95840e+00 
 9.62949e-03  8.47996e-03  0.00000e+00  3.47944e+00  9.63859e-05  3.60038e+02  3.60050e+02  3.14215e+00  3.14995e+00  3.38534e-01  2.41677e+01  3.61657e+02  5.70910e+06 -6.13607e+06  1.24358e+03  0.00000e+00 -4.25719e+05  9.81675e+03 -4.15902e+05  3.38502e-01  1.00000e+00 -3.07245e+01  0.00000e+00  1.13498e+01 
 9.84019e-03  8.71849e-03  0.00000e+00  3.47944e+00  9.14676e-05  3.60054e+02  3.60050e+02  3.01444e+00  3.02107e+00  3.63235e-01 -1.03059e+00  3.81106e+02  7.23900e+06 -7.83606e+06  1.25406e+03  0.00000e+00 -5.95814e+05  2.01665e+03 -5.93797e+05  3.63191e-01  1.00000e+00 -6.42584e+00  0.00000e+00  1.49701e+01 
 1.00521e-02  8.95702e-03  0.00000e+00  3.47944e+00  8.45460e-05  3.60072e+02  3.60050e+02  2.84486e+00  2.85028e+00  3.87138e-01 -7.72995e+01  4.12310e+02  9.75987e+06 -1.06250e+07  1.27576e+03  0.00000e+00 -8.63871e+05 -1.99008e+04 -8.83772e+05  3.87048e-01  1.00000e+00  6.24613e+01  0.00000e+00  2.11883e+01 
 1.02653e-02  9.19555e-03  0.00000e+00  3.47944e+00  7.50290e-05  3.60111e+02  3.60051e+02  2.61730e+00  2.62113e+00  4.13732e-01 -3.17393e+02  4.64613e+02  1.50525e+07 -1.62463e+07  1.30592e+03  0.00000e+00 -1.19249e+06 -1.00863e+05 -1.29335e+06  4.13642e-01  1.00000e+00  3.00230e+02  0.00000e+00  3.51215e+01 
 1.04795e-02  9.43408e-03  0.00000e+00  3.47944e+00  6.30656e-05  3.60327e+02  3.60052e+02  2.21581e+00  2.21723e+00  4.46349e-01 -5.33685e+03  5.52757e+02  3.15997e+07 -3.08812e+07  1.36857e+03  3.64071e+06  4.36053e+06 -4.56710e+06 -2.06577e+05  4.46280e-01  1.00000e+00  5.31655e+03  3.14511e+03  8.71047e+01 
