# Code_Saturne plot output (1D profile)
#
# Iteration output: 4636
# Time output:      2.30004e+01
#
#COLUMN_TITLES: Distance | X | Y | Z | diameter_Field2 | temp_Field1 | temp_Field2 | Velocity_Field1[Z] | Velocity_Field2[Z] | vol_f_Field2 | mass_trans_Field1 | Xd_Field2 | BK | COAL | COMP | NUCL | W1 | MT | SMBR | ALPBB | CONDNUM | GAMA | GAMANUC | epsilon_Field1
 4.56474e-03  1.39645e-04  0.00000e+00  3.47944e+00  1.50547e-04  3.60014e+02  3.60054e+02  5.09575e+00  5.12827e+00  1.44892e-01  1.55654e+01  2.31439e+02  9.50716e+04 -1.15841e+06  1.58320e+03  0.00000e+00 -1.06175e+06  1.61390e+04 -1.04561e+06  1.44855e-01  1.00000e+00 -1.53627e+01  0.00000e+00  6.12853e-01 
 4.57812e-03  3.76525e-04  4.25872e-21  3.47944e+00  1.92521e-04  3.60015e+02  3.60054e+02  5.10477e+00  5.15155e+00  1.45943e-01  1.12828e+01  1.80980e+02  2.59666e+05 -7.66332e+05  1.24094e+03  0.00000e+00 -5.05425e+05  9.08323e+03 -4.96342e+05  1.45896e-01  1.00000e+00 -1.11344e+01  0.00000e+00  6.21689e-01 
 4.60371e-03  6.13858e-04  0.00000e+00  3.47944e+00  2.14569e-04  3.60016e+02  3.60054e+02  5.09391e+00  5.14408e+00  1.48211e-01  9.76700e+00  1.62383e+02  3.42231e+05 -6.50112e+05  1.11783e+03  0.00000e+00 -3.06763e+05  6.94523e+03 -2.99818e+05  1.48171e-01  1.00000e+00 -9.63633e+00  0.00000e+00  6.38055e-01 
 4.64138e-03  8.51483e-04  0.00000e+00  3.47944e+00  2.25678e-04  3.60017e+02  3.60054e+02  5.09391e+00  5.14322e+00  1.51332e-01  9.10180e+00  1.54390e+02  3.89839e+05 -6.15234e+05  1.07114e+03  0.00000e+00 -2.24324e+05  6.02337e+03 -2.18301e+05  1.51325e-01  1.00000e+00 -8.97695e+00  0.00000e+00  6.62500e-01 
 4.69084e-03  1.08931e-03  0.00000e+00  3.47944e+00  2.31381e-04  3.60019e+02  3.60054e+02  5.09027e+00  5.13710e+00  1.55446e-01  8.74462e+00  1.50584e+02  4.28651e+05 -6.14266e+05  1.04854e+03  0.00000e+00 -1.84566e+05  5.49148e+03 -1.79075e+05  1.55463e-01  1.00000e+00 -8.62041e+00  0.00000e+00  6.95879e-01 
 4.75174e-03  1.32727e-03  1.05001e-20  3.47944e+00  2.34251e-04  3.60021e+02  3.60054e+02  5.09214e+00  5.14428e+00  1.60523e-01  8.58504e+00  1.48740e+02  4.68534e+05 -6.32358e+05  1.03205e+03  0.00000e+00 -1.62791e+05  5.15414e+03 -1.57637e+05  1.60520e-01  1.00000e+00 -8.45754e+00  0.00000e+00  7.39712e-01 
 4.82366e-03  1.56534e-03  0.00000e+00  3.47944e+00  2.35650e-04  3.60024e+02  3.60054e+02  5.09007e+00  5.14557e+00  1.66624e-01  8.44073e+00  1.47856e+02  5.13152e+05 -6.63841e+05  1.01353e+03  0.00000e+00 -1.49676e+05  4.84922e+03 -1.44826e+05  1.66605e-01  1.00000e+00 -8.30815e+00  0.00000e+00  7.94837e-01 
 4.90611e-03  1.80349e-03  8.81027e-21  3.47944e+00  2.36348e-04  3.60027e+02  3.60054e+02  5.08378e+00  5.13830e+00  1.74096e-01  8.25136e+00  1.47420e+02  5.63044e+05 -7.07038e+05  1.01273e+03  0.00000e+00 -1.42982e+05  4.51818e+03 -1.38464e+05  1.74086e-01  1.00000e+00 -8.11260e+00  0.00000e+00  8.61517e-01 
 4.99859e-03  2.04170e-03  0.00000e+00  3.47944e+00  2.36666e-04  3.60031e+02  3.60054e+02  5.06698e+00  5.12129e+00  1.82534e-01  8.00840e+00  1.47222e+02  6.17583e+05 -7.59047e+05  1.00336e+03  0.00000e+00 -1.40461e+05  4.17017e+03 -1.36290e+05  1.82542e-01  1.00000e+00 -7.86219e+00  0.00000e+00  9.39209e-01 
 5.10055e-03  2.27996e-03  7.58893e-21  3.47944e+00  2.36808e-04  3.60034e+02  3.60054e+02  5.06138e+00  5.10866e+00  1.91232e-01  7.63324e+00  1.47134e+02  6.78476e+05 -8.16811e+05  1.02029e+03  0.00000e+00 -1.37315e+05  3.78424e+03 -1.33531e+05  1.91262e-01  1.00000e+00 -7.47992e+00  0.00000e+00  1.03056e+00 
 5.21143e-03  2.51826e-03  7.09702e-21  3.47944e+00  2.37113e-04  3.60038e+02  3.60054e+02  5.05988e+00  5.11189e+00  2.00924e-01  7.25068e+00  1.46944e+02  7.49117e+05 -8.83042e+05  1.00766e+03  0.00000e+00 -1.32918e+05  3.40851e+03 -1.29510e+05  2.00958e-01  1.00000e+00 -7.08795e+00  0.00000e+00  1.14296e+00 
 5.33068e-03  2.75659e-03  1.33300e-20  3.47944e+00  2.37656e-04  3.60042e+02  3.60054e+02  5.04333e+00  5.09525e+00  2.11670e-01  6.73128e+00  1.46608e+02  8.25873e+05 -9.56829e+05  1.00031e+03  0.00000e+00 -1.29956e+05  2.98739e+03 -1.26969e+05  2.11690e-01  1.00000e+00 -6.55903e+00  0.00000e+00  1.27457e+00 
 5.45775e-03  2.99495e-03  1.25651e-20  3.47944e+00  2.38407e-04  3.60046e+02  3.60054e+02  5.03020e+00  5.08019e+00  2.22831e-01  6.09436e+00  1.46147e+02  9.06548e+05 -1.03504e+06  9.98800e+02  0.00000e+00 -1.27490e+05  2.55006e+03 -1.24940e+05  2.22851e-01  1.00000e+00 -5.91265e+00  0.00000e+00  1.42483e+00 
 5.59212e-03  3.23333e-03  0.00000e+00  3.47944e+00  2.39453e-04  3.60051e+02  3.60054e+02  5.01443e+00  5.06458e+00  2.34423e-01  5.36237e+00  1.45509e+02  9.91836e+05 -1.11736e+06  9.90248e+02  0.00000e+00 -1.24531e+05  2.11065e+03 -1.22421e+05  2.34437e-01  1.00000e+00 -5.17086e+00  0.00000e+00  1.59888e+00 
 5.73326e-03  3.47172e-03  0.00000e+00  3.47944e+00  2.40824e-04  3.60055e+02  3.60054e+02  4.99432e+00  5.04337e+00  2.46388e-01  4.53202e+00  1.44681e+02  1.07947e+06 -1.20251e+06  9.82057e+02  0.00000e+00 -1.22054e+05  1.67237e+03 -1.20382e+05  2.46403e-01  1.00000e+00 -4.33093e+00  0.00000e+00  1.79746e+00 
 5.88069e-03  3.71014e-03 -5.35987e-21  3.47944e+00  2.42496e-04  3.60058e+02  3.60054e+02  4.97313e+00  5.02094e+00  2.58404e-01  3.62694e+00  1.43683e+02  1.16838e+06 -1.28837e+06  9.73520e+02  0.00000e+00 -1.19017e+05  1.24927e+03 -1.17768e+05  2.58423e-01  1.00000e+00 -3.41665e+00  0.00000e+00  2.02288e+00 
 6.03395e-03  3.94857e-03  5.10973e-21  3.47944e+00  2.44471e-04  3.60062e+02  3.60054e+02  4.95043e+00  4.99771e+00  2.70456e-01  2.67359e+00  1.42522e+02  1.25805e+06 -1.37434e+06  9.63084e+02  0.00000e+00 -1.15322e+05  8.50525e+02 -1.14471e+05  2.70474e-01  1.00000e+00 -2.45443e+00  0.00000e+00  2.27943e+00 
 6.19261e-03  4.18701e-03  0.00000e+00  3.47944e+00  2.46699e-04  3.60066e+02  3.60054e+02  4.92402e+00  4.97112e+00  2.82474e-01  1.69457e+00  1.41235e+02  1.34732e+06 -1.45968e+06  9.49459e+02  0.00000e+00 -1.11404e+05  4.82324e+02 -1.10922e+05  2.82489e-01  1.00000e+00 -1.46696e+00  0.00000e+00  2.56971e+00 
 6.35626e-03  4.42546e-03  0.00000e+00  3.47944e+00  2.49099e-04  3.60069e+02  3.60054e+02  4.89340e+00  4.93964e+00  2.94329e-01  7.15274e-01  1.39875e+02  1.43412e+06 -1.54320e+06  9.35969e+02  0.00000e+00 -1.08148e+05  1.49947e+02 -1.07998e+05  2.94343e-01  1.00000e+00 -4.79816e-01  0.00000e+00  2.89276e+00 
 6.52453e-03  4.66392e-03 -8.96437e-21  3.47944e+00  2.51562e-04  3.60072e+02  3.60054e+02  4.86095e+00  4.90643e+00  3.05816e-01 -6.01461e-01  1.38506e+02  1.51882e+06 -1.62447e+06  9.22148e+02  0.00000e+00 -1.04727e+05 -3.32677e+02 -1.05059e+05  3.05834e-01  1.00000e+00  1.11704e+00  0.00000e+00  3.25191e+00 
 6.69707e-03  4.90238e-03  1.72236e-20  3.47944e+00  2.53995e-04  3.60074e+02  3.60054e+02  4.82602e+00  4.87094e+00  3.16904e-01 -2.58483e+00  1.37180e+02  1.60189e+06 -1.70395e+06  9.08112e+02  0.00000e+00 -1.01156e+05 -8.86666e+02 -1.02042e+05  3.16924e-01  1.00000e+00  3.11500e+00  0.00000e+00  3.65103e+00 
 6.87356e-03  5.14086e-03  8.28595e-21  3.47944e+00  2.56269e-04  3.60077e+02  3.60054e+02  4.78792e+00  4.83231e+00  3.27514e-01 -4.45597e+00  1.35963e+02  1.68461e+06 -1.78264e+06  8.93850e+02  0.00000e+00 -9.71364e+04 -1.36491e+03 -9.85013e+04  3.27531e-01  1.00000e+00  5.00001e+00  0.00000e+00  4.09509e+00 
 7.05370e-03  5.37934e-03 -1.59677e-20  3.47944e+00  2.58284e-04  3.60079e+02  3.60054e+02  4.74659e+00  4.79036e+00  3.37697e-01 -6.21547e+00  1.34903e+02  1.76743e+06 -1.86189e+06  8.80234e+02  0.00000e+00 -9.35749e+04 -1.77921e+03 -9.53541e+04  3.37715e-01  1.00000e+00  6.77315e+00  0.00000e+00  4.58717e+00 
 7.23722e-03  5.61783e-03  0.00000e+00  3.47944e+00  2.59897e-04  3.60080e+02  3.60055e+02  4.70223e+00  4.74527e+00  3.47439e-01 -7.87114e+00  1.34066e+02  1.85252e+06 -1.94387e+06  8.67618e+02  0.00000e+00 -9.04779e+04 -2.14218e+03 -9.26201e+04  3.47456e-01  1.00000e+00  8.44252e+00  0.00000e+00  5.13489e+00 
 7.42387e-03  5.85632e-03  0.00000e+00  3.47944e+00  2.61014e-04  3.60082e+02  3.60055e+02  4.65474e+00  4.69700e+00  3.56764e-01 -9.44776e+00  1.33493e+02  1.94158e+06 -2.03058e+06  8.56247e+02  0.00000e+00 -8.81378e+04 -2.46873e+03 -9.06066e+04  3.56782e-01  1.00000e+00  1.00335e+01  0.00000e+00  5.74570e+00 
 7.61342e-03  6.09482e-03  0.00000e+00  3.47944e+00  2.61488e-04  3.60083e+02  3.60055e+02  4.60393e+00  4.64531e+00  3.65654e-01 -1.09768e+01  1.33251e+02  2.03813e+06 -2.12529e+06  8.46348e+02  0.00000e+00 -8.63121e+04 -2.77445e+03 -8.90866e+04  3.65671e-01  1.00000e+00  1.15778e+01  0.00000e+00  6.43350e+00 
 7.80566e-03  6.33332e-03  0.00000e+00  3.47944e+00  2.61263e-04  3.60085e+02  3.60055e+02  4.54932e+00  4.58973e+00  3.74188e-01 -1.25095e+01  1.33367e+02  2.14425e+06 -2.23071e+06  8.38068e+02  0.00000e+00 -8.56243e+04 -3.07671e+03 -8.87010e+04  3.74205e-01  1.00000e+00  1.31273e+01  0.00000e+00  7.21080e+00 
 8.00039e-03  6.57182e-03  0.00000e+00  3.47944e+00  2.60183e-04  3.60086e+02  3.60055e+02  4.49080e+00  4.53007e+00  3.82330e-01 -1.41087e+01  1.33921e+02  2.26529e+06 -2.35172e+06  8.31583e+02  0.00000e+00 -8.56021e+04 -3.39646e+03 -8.89986e+04  3.82345e-01  1.00000e+00  1.47455e+01  0.00000e+00  8.10257e+00 
 8.19744e-03  6.81033e-03  1.31016e-20  3.47944e+00  2.58232e-04  3.60087e+02  3.60056e+02  4.42726e+00  4.46527e+00  3.90211e-01 -1.58708e+01  1.34934e+02  2.40388e+06 -2.49222e+06  8.27026e+02  0.00000e+00 -8.75169e+04 -3.75867e+03 -9.12756e+04  3.90227e-01  1.00000e+00  1.65292e+01  0.00000e+00  9.12986e+00 
 8.39664e-03  7.04884e-03  0.00000e+00  3.47944e+00  2.55221e-04  3.60088e+02  3.60056e+02  4.35920e+00  4.39576e+00  3.97777e-01 -1.79293e+01  1.36526e+02  2.56909e+06 -2.66054e+06  8.24624e+02  0.00000e+00 -9.06208e+04 -4.20100e+03 -9.48218e+04  3.97792e-01  1.00000e+00  1.86128e+01  0.00000e+00  1.03418e+01 
 8.59784e-03  7.28736e-03  0.00000e+00  3.47944e+00  2.51158e-04  3.60090e+02  3.60056e+02  4.28356e+00  4.31853e+00  4.05162e-01 -2.04985e+01  1.38735e+02  2.76590e+06 -2.86336e+06  8.24387e+02  0.00000e+00 -9.66423e+04 -4.77635e+03 -1.01419e+05  4.05175e-01  1.00000e+00  2.12113e+01  0.00000e+00  1.17791e+01 
 8.80092e-03  7.52587e-03  0.00000e+00  3.47944e+00  2.45789e-04  3.60092e+02  3.60057e+02  4.20315e+00  4.23630e+00  4.12334e-01 -2.39151e+01  1.41767e+02  3.01098e+06 -3.11706e+06  8.27073e+02  0.00000e+00 -1.05255e+05 -5.57632e+03 -1.10832e+05  4.12348e-01  1.00000e+00  2.46632e+01  0.00000e+00  1.35430e+01 
 9.00573e-03  7.76439e-03 -1.17014e-20  3.47944e+00  2.39113e-04  3.60095e+02  3.60057e+02  4.10890e+00  4.14006e+00  4.19427e-01 -2.87747e+01  1.45726e+02  3.31670e+06 -3.43677e+06  8.31899e+02  0.00000e+00 -1.19242e+05 -6.75511e+03 -1.25997e+05  4.19441e-01  1.00000e+00  2.95650e+01  0.00000e+00  1.57292e+01 
 9.21216e-03  8.00291e-03  0.00000e+00  3.47944e+00  2.30708e-04  3.60099e+02  3.60057e+02  4.01189e+00  4.04085e+00  4.26460e-01 -3.61623e+01  1.51036e+02  3.72280e+06 -3.86201e+06  8.40568e+02  0.00000e+00 -1.38363e+05 -8.61878e+03 -1.46982e+05  4.26475e-01  1.00000e+00  3.70057e+01  0.00000e+00  1.86040e+01 
 9.42012e-03  8.24144e-03  0.00000e+00  3.47944e+00  2.20575e-04  3.60105e+02  3.60058e+02  3.88300e+00  3.90901e+00  4.33574e-01 -4.82589e+01  1.57977e+02  4.25839e+06 -4.43264e+06  8.53979e+02  0.00000e+00 -1.73398e+05 -1.17811e+04 -1.85179e+05  4.33592e-01  1.00000e+00  4.91680e+01  0.00000e+00  2.23669e+01 
 9.62949e-03  8.47996e-03  0.00000e+00  3.47944e+00  2.07889e-04  3.60115e+02  3.60058e+02  3.75817e+00  3.78158e+00  4.40786e-01 -6.99248e+01  1.67618e+02  5.04344e+06 -5.26840e+06  8.74179e+02  0.00000e+00 -2.24080e+05 -1.77355e+04 -2.41816e+05  4.40806e-01  1.00000e+00  7.09220e+01  0.00000e+00  2.78584e+01 
 9.84019e-03  8.71849e-03  0.00000e+00  3.47944e+00  1.92423e-04  3.60134e+02  3.60059e+02  3.57070e+00  3.59132e+00  4.48125e-01 -1.13596e+02  1.81093e+02  6.22850e+06 -6.54314e+06  8.98669e+02  0.00000e+00 -3.13742e+05 -3.04841e+04 -3.44226e+05  4.48149e-01  1.00000e+00  1.14711e+02  0.00000e+00  3.61046e+01 
 1.00521e-02  8.95702e-03  0.00000e+00  3.47944e+00  1.72429e-04  3.60173e+02  3.60060e+02  3.38439e+00  3.40272e+00  4.55755e-01 -2.19651e+02  2.02093e+02  8.38245e+06 -8.81874e+06  9.41201e+02  0.00000e+00 -4.35351e+05 -6.44249e+04 -4.99776e+05  4.55780e-01  1.00000e+00  2.20948e+02  0.00000e+00  5.13976e+01 
 1.02653e-02  9.19555e-03  0.00000e+00  3.47944e+00  1.47703e-04  3.60274e+02  3.60060e+02  3.04572e+00  3.06098e+00  4.63898e-01 -5.58697e+02  2.35929e+02  1.27994e+07 -1.33376e+07  9.83704e+02  0.00000e+00 -5.37170e+05 -1.87375e+05 -7.24545e+05  4.63927e-01  1.00000e+00  5.60273e+02  0.00000e+00  8.47136e+01 
 1.04795e-02  9.43408e-03  0.00000e+00  3.47944e+00  1.19217e-04  3.60675e+02  3.60062e+02  2.56336e+00  2.57291e+00  4.75475e-01 -5.66885e+03  2.92309e+02  2.53329e+07 -2.36878e+07  1.05782e+03  1.92350e+06  3.56969e+06 -3.65034e+06 -8.06484e+04  4.75489e-01  1.00000e+00  5.67088e+03  3.31196e+03  2.12418e+02 
