# Code_Saturne plot output (1D profile)
#
# Iteration output: 10729
# Time output:      2.30000e+01
#
#COLUMN_TITLES: Distance | X | Y | Z | diameter_Field2 | temp_Field1 | temp_Field2 | Velocity_Field1[Z] | Velocity_Field2[Z] | vol_f_Field2 | mass_trans_Field1 | Xd_Field2 | BK | COAL | COMP | NUCL | W1 | MT | SMBR | ALPBB | CONDNUM | GAMA | GAMANUC | epsilon_Field1
 4.56474e-03  1.39645e-04  0.00000e+00  3.47944e+00  9.28105e-04  3.60307e+02  3.60119e+02  8.16098e+00  8.33623e+00  6.48564e-01 -3.19572e+01  3.74243e+01  1.62655e+05 -1.59679e+05  9.52623e+02  0.00000e+00  3.92810e+03 -1.04767e+03  2.88043e+03  6.48563e-01  1.00000e+00  3.19517e+01  0.00000e+00  9.62876e+00 
 4.57812e-03  3.76525e-04  4.25872e-21  3.47944e+00  9.26365e-04  3.60307e+02  3.60119e+02  8.16045e+00  8.33578e+00  6.48618e-01 -3.20156e+01  3.74946e+01  1.63367e+05 -1.60498e+05  9.52254e+02  0.00000e+00  3.82150e+03 -1.05147e+03  2.77003e+03  6.48617e-01  1.00000e+00  3.20100e+01  0.00000e+00  9.66951e+00 
 4.60371e-03  6.13858e-04  0.00000e+00  3.47944e+00  9.22986e-04  3.60307e+02  3.60119e+02  8.15642e+00  8.33139e+00  6.48666e-01 -3.21100e+01  3.76318e+01  1.64793e+05 -1.62080e+05  9.55378e+02  0.00000e+00  3.66755e+03 -1.05835e+03  2.60920e+03  6.48665e-01  1.00000e+00  3.21044e+01  0.00000e+00  9.74990e+00 
 4.64138e-03  8.51483e-04  0.00000e+00  3.47944e+00  9.18072e-04  3.60306e+02  3.60119e+02  8.15083e+00  8.32496e+00  6.48750e-01 -3.22323e+01  3.78333e+01  1.66901e+05 -1.64405e+05  9.59961e+02  0.00000e+00  3.45693e+03 -1.06793e+03  2.38900e+03  6.48750e-01  1.00000e+00  3.22266e+01  0.00000e+00  9.87025e+00 
 4.69084e-03  1.08931e-03  0.00000e+00  3.47944e+00  9.11667e-04  3.60306e+02  3.60119e+02  8.14297e+00  8.31578e+00  6.48877e-01 -3.23828e+01  3.80991e+01  1.69710e+05 -1.67488e+05  9.65927e+02  0.00000e+00  3.18820e+03 -1.08024e+03  2.10796e+03  6.48878e-01  1.00000e+00  3.23771e+01  0.00000e+00  1.00320e+01 
 4.75174e-03  1.32727e-03  1.05001e-20  3.47944e+00  9.03844e-04  3.60305e+02  3.60119e+02  8.13323e+00  8.30431e+00  6.49061e-01 -3.25637e+01  3.84289e+01  1.73233e+05 -1.71343e+05  9.73312e+02  0.00000e+00  2.86307e+03 -1.09536e+03  1.76770e+03  6.49062e-01  1.00000e+00  3.25579e+01  0.00000e+00  1.02370e+01 
 4.82366e-03  1.56534e-03  0.00000e+00  3.47944e+00  8.94672e-04  3.60304e+02  3.60119e+02  8.12141e+00  8.29043e+00  6.49299e-01 -3.27761e+01  3.88229e+01  1.77501e+05 -1.75996e+05  9.82034e+02  0.00000e+00  2.48690e+03 -1.11340e+03  1.37350e+03  6.49300e-01  1.00000e+00  3.27702e+01  0.00000e+00  1.04874e+01 
 4.90611e-03  1.80349e-03  8.81027e-21  3.47944e+00  8.84240e-04  3.60303e+02  3.60119e+02  8.10754e+00  8.27418e+00  6.49617e-01 -3.30201e+01  3.92810e+01  1.82540e+05 -1.81470e+05  9.92020e+02  0.00000e+00  2.06148e+03 -1.13437e+03  9.27114e+02  6.49618e-01  1.00000e+00  3.30141e+01  0.00000e+00  1.07868e+01 
 4.99859e-03  2.04170e-03  0.00000e+00  3.47944e+00  8.72635e-04  3.60301e+02  3.60119e+02  8.09153e+00  8.25552e+00  6.49980e-01 -3.32950e+01  3.98034e+01  1.88401e+05 -1.87806e+05  1.00337e+03  0.00000e+00  1.59776e+03 -1.15838e+03  4.39387e+02  6.49981e-01  1.00000e+00  3.32890e+01  0.00000e+00  1.11371e+01 
 5.10055e-03  2.27996e-03  7.58893e-21  3.47944e+00  8.59958e-04  3.60300e+02  3.60119e+02  8.07332e+00  8.23438e+00  6.50457e-01 -3.36006e+01  4.03903e+01  1.95109e+05 -1.95035e+05  1.01589e+03  0.00000e+00  1.08991e+03 -1.18537e+03 -9.54578e+01  6.50458e-01  1.00000e+00  3.35944e+01  0.00000e+00  1.15445e+01 
 5.21143e-03  2.51826e-03  7.09702e-21  3.47944e+00  8.46298e-04  3.60298e+02  3.60119e+02  8.05282e+00  8.21075e+00  6.50984e-01 -3.39369e+01  4.10423e+01  2.02742e+05 -2.03215e+05  1.02975e+03  0.00000e+00  5.56915e+02 -1.21558e+03 -6.58662e+02  6.50986e-01  1.00000e+00  3.39307e+01  0.00000e+00  1.20114e+01 
 5.33068e-03  2.75659e-03  1.33300e-20  3.47944e+00  8.31756e-04  3.60296e+02  3.60119e+02  8.02997e+00  8.18455e+00  6.51635e-01 -3.43033e+01  4.17601e+01  2.11338e+05 -2.12399e+05  1.04487e+03  0.00000e+00 -1.59976e+01 -1.24893e+03 -1.26493e+03  6.51637e-01  1.00000e+00  3.42968e+01  0.00000e+00  1.25453e+01 
 5.45775e-03  2.99495e-03  1.25651e-20  3.47944e+00  8.16418e-04  3.60294e+02  3.60119e+02  8.00459e+00  8.15564e+00  6.52356e-01 -3.47008e+01  4.25447e+01  2.20991e+05 -2.22663e+05  1.06127e+03  0.00000e+00 -6.10921e+02 -1.28572e+03 -1.89664e+03  6.52359e-01  1.00000e+00  3.46942e+01  0.00000e+00  1.31505e+01 
 5.59212e-03  3.23333e-03  0.00000e+00  3.47944e+00  8.00384e-04  3.60292e+02  3.60120e+02  7.97667e+00  8.12401e+00  6.53228e-01 -3.51277e+01  4.33972e+01  2.31748e+05 -2.34082e+05  1.07890e+03  0.00000e+00 -1.25452e+03 -1.32584e+03 -2.58035e+03  6.53231e-01  1.00000e+00  3.51210e+01  0.00000e+00  1.38364e+01 
 5.73326e-03  3.47172e-03  0.00000e+00  3.47944e+00  7.83731e-04  3.60290e+02  3.60120e+02  7.94591e+00  8.08941e+00  6.54177e-01 -3.55872e+01  4.43196e+01  2.43739e+05 -2.46763e+05  1.09776e+03  0.00000e+00 -1.92600e+03 -1.36973e+03 -3.29573e+03  6.54180e-01  1.00000e+00  3.55802e+01  0.00000e+00  1.46085e+01 
 5.88069e-03  3.71014e-03 -5.35987e-21  3.47944e+00  7.66551e-04  3.60288e+02  3.60120e+02  7.91239e+00  8.05192e+00  6.55299e-01 -3.60765e+01  4.53131e+01  2.57024e+05 -2.60794e+05  1.11783e+03  0.00000e+00 -2.65277e+03 -1.41726e+03 -4.07002e+03  6.55303e-01  1.00000e+00  3.60693e+01  0.00000e+00  1.54798e+01 
 6.03395e-03  3.94857e-03  5.10973e-21  3.47944e+00  7.48907e-04  3.60285e+02  3.60120e+02  7.87562e+00  8.01106e+00  6.56489e-01 -3.66013e+01  4.63809e+01  2.71778e+05 -2.76343e+05  1.13910e+03  0.00000e+00 -3.42633e+03 -1.46908e+03 -4.89541e+03  6.56493e-01  1.00000e+00  3.65939e+01  0.00000e+00  1.64561e+01 
 6.19261e-03  4.18701e-03  0.00000e+00  3.47944e+00  7.30870e-04  3.60283e+02  3.60121e+02  7.83589e+00  7.96711e+00  6.57871e-01 -3.71585e+01  4.75258e+01  2.88082e+05 -2.93533e+05  1.16159e+03  0.00000e+00 -4.28886e+03 -1.52504e+03 -5.81390e+03  6.57877e-01  1.00000e+00  3.71508e+01  0.00000e+00  1.75560e+01 
 6.35626e-03  4.42546e-03  0.00000e+00  3.47944e+00  7.12449e-04  3.60280e+02  3.60121e+02  7.79246e+00  7.91937e+00  6.59259e-01 -3.77619e+01  4.87551e+01  3.06253e+05 -3.12646e+05  1.18532e+03  0.00000e+00 -5.20758e+03 -1.58653e+03 -6.79410e+03  6.59269e-01  1.00000e+00  3.77539e+01  0.00000e+00  1.87868e+01 
 6.52453e-03  4.66392e-03 -8.96437e-21  3.47944e+00  6.93718e-04  3.60278e+02  3.60122e+02  7.74587e+00  7.86839e+00  6.60804e-01 -3.84084e+01  5.00719e+01  3.26406e+05 -3.33835e+05  1.21049e+03  0.00000e+00 -6.21843e+03 -1.65338e+03 -7.87182e+03  6.60816e-01  1.00000e+00  3.84001e+01  0.00000e+00  2.01744e+01 
 6.69707e-03  4.90238e-03  1.72236e-20  3.47944e+00  6.74702e-04  3.60275e+02  3.60122e+02  7.69469e+00  7.81276e+00  6.62292e-01 -3.91187e+01  5.14836e+01  3.48953e+05 -3.57431e+05  1.23685e+03  0.00000e+00 -7.24110e+03 -1.72753e+03 -8.96864e+03  6.62307e-01  1.00000e+00  3.91101e+01  0.00000e+00  2.17289e+01 
 6.87356e-03  5.14086e-03  8.28595e-21  3.47944e+00  6.55480e-04  3.60272e+02  3.60122e+02  7.64038e+00  7.75394e+00  6.63962e-01 -3.98897e+01  5.29938e+01  3.73972e+05 -3.83672e+05  1.26501e+03  0.00000e+00 -8.43480e+03 -1.80868e+03 -1.02435e+04  6.63978e-01  1.00000e+00  3.98807e+01  0.00000e+00  2.34836e+01 
 7.05370e-03  5.37934e-03 -1.59677e-20  3.47944e+00  6.36030e-04  3.60270e+02  3.60123e+02  7.58010e+00  7.68908e+00  6.65570e-01 -4.07555e+01  5.46150e+01  4.02068e+05 -4.13065e+05  1.29400e+03  0.00000e+00 -9.70342e+03 -1.89986e+03 -1.16033e+04  6.65585e-01  1.00000e+00  4.07460e+01  0.00000e+00  2.54559e+01 
 7.23722e-03  5.61783e-03  0.00000e+00  3.47944e+00  6.16419e-04  3.60267e+02  3.60123e+02  7.51724e+00  7.62162e+00  6.67472e-01 -4.17172e+01  5.63530e+01  4.33356e+05 -4.45856e+05  1.32450e+03  0.00000e+00 -1.11762e+04 -2.00087e+03 -1.31770e+04  6.67483e-01  1.00000e+00  4.17073e+01  0.00000e+00  2.77081e+01 
 7.42387e-03  5.85632e-03  0.00000e+00  3.47944e+00  5.96594e-04  3.60265e+02  3.60124e+02  7.44580e+00  7.54552e+00  6.69200e-01 -4.28359e+01  5.82264e+01  4.68788e+05 -4.83035e+05  1.35589e+03  0.00000e+00 -1.28911e+04 -2.11735e+03 -1.50084e+04  6.69208e-01  1.00000e+00  4.28256e+01  0.00000e+00  3.02404e+01 
 7.61342e-03  6.09482e-03  0.00000e+00  3.47944e+00  5.76590e-04  3.60262e+02  3.60125e+02  7.37368e+00  7.46871e+00  6.71308e-01 -4.41210e+01  6.02472e+01  5.08575e+05 -5.24899e+05  1.38994e+03  0.00000e+00 -1.49341e+04 -2.24948e+03 -1.71836e+04  6.71313e-01  1.00000e+00  4.41102e+01  0.00000e+00  3.31688e+01 
 7.80566e-03  6.33332e-03  0.00000e+00  3.47944e+00  5.56324e-04  3.60260e+02  3.60125e+02  7.28759e+00  7.37783e+00  6.73127e-01 -4.56929e+01  6.24428e+01  5.54282e+05 -5.73020e+05  1.42435e+03  0.00000e+00 -1.73140e+04 -2.40799e+03 -1.97220e+04  6.73130e-01  1.00000e+00  4.56815e+01  0.00000e+00  3.64903e+01 
 8.00039e-03  6.57182e-03  0.00000e+00  3.47944e+00  5.35773e-04  3.60259e+02  3.60126e+02  7.20614e+00  7.29163e+00  6.75401e-01 -4.75786e+01  6.48389e+01  6.06429e+05 -6.28055e+05  1.46369e+03  0.00000e+00 -2.01619e+04 -2.59481e+03 -2.27567e+04  6.75403e-01  1.00000e+00  4.75666e+01  0.00000e+00  4.04042e+01 
 8.19744e-03  6.81033e-03  1.31016e-20  3.47944e+00  5.14873e-04  3.60257e+02  3.60127e+02  7.09926e+00  7.17976e+00  6.77265e-01 -5.00222e+01  6.74720e+01  6.67397e+05 -6.92679e+05  1.50154e+03  0.00000e+00 -2.37799e+04 -2.83106e+03 -2.66110e+04  6.77266e-01  1.00000e+00  5.00094e+01  0.00000e+00  4.48890e+01 
 8.39664e-03  7.04884e-03  0.00000e+00  3.47944e+00  4.93421e-04  3.60257e+02  3.60128e+02  7.00917e+00  7.08482e+00  6.79809e-01 -5.31149e+01  7.04065e+01  7.38839e+05 -7.68184e+05  1.54847e+03  0.00000e+00 -2.77973e+04 -3.12511e+03 -3.09224e+04  6.79810e-01  1.00000e+00  5.31014e+01  0.00000e+00  5.03758e+01 
 8.59784e-03  7.28736e-03  0.00000e+00  3.47944e+00  4.71490e-04  3.60257e+02  3.60129e+02  6.87137e+00  6.94175e+00  6.81697e-01 -5.73905e+01  7.36829e+01  8.24468e+05 -8.59644e+05  1.59000e+03  0.00000e+00 -3.35861e+04 -3.52406e+03 -3.71102e+04  6.81698e-01  1.00000e+00  5.73761e+01  0.00000e+00  5.67387e+01 
 8.80092e-03  7.52587e-03  0.00000e+00  3.47944e+00  4.48528e-04  3.60259e+02  3.60130e+02  6.77356e+00  6.83895e+00  6.84425e-01 -6.31710e+01  7.74562e+01  9.29184e+05 -9.70976e+05  1.65108e+03  0.00000e+00 -4.01407e+04 -4.06144e+03 -4.42021e+04  6.84427e-01  1.00000e+00  6.31555e+01  0.00000e+00  6.48863e+01 
 9.00573e-03  7.76439e-03 -1.17014e-20  3.47944e+00  4.24841e-04  3.60262e+02  3.60131e+02  6.58805e+00  6.64768e+00  6.86434e-01 -7.17713e+01  8.17768e+01  1.05924e+06 -1.11131e+06  1.69592e+03  0.00000e+00 -5.03684e+04 -4.85762e+03 -5.52260e+04  6.86437e-01  1.00000e+00  7.17546e+01  0.00000e+00  7.46785e+01 
 9.21216e-03  8.00291e-03  0.00000e+00  3.47944e+00  3.99257e-04  3.60269e+02  3.60132e+02  6.48167e+00  6.53615e+00  6.89425e-01 -8.45534e+01  8.70184e+01  1.22992e+06 -1.29363e+06  1.77945e+03  0.00000e+00 -6.19354e+04 -6.06330e+03 -6.79987e+04  6.89431e-01  1.00000e+00  8.45353e+01  0.00000e+00  8.81324e+01 
 9.42012e-03  8.24144e-03  0.00000e+00  3.47944e+00  3.72465e-04  3.60281e+02  3.60133e+02  6.21636e+00  6.26394e+00  6.91666e-01 -1.05522e+02  9.32807e+01  1.45441e+06 -1.54055e+06  1.83153e+03  0.00000e+00 -8.43087e+04 -8.08569e+03 -9.23944e+04  6.91674e-01  1.00000e+00  1.05502e+02  0.00000e+00  1.05203e+02 
 9.62949e-03  8.47996e-03  0.00000e+00  3.47944e+00  3.42275e-04  3.60301e+02  3.60134e+02  6.08774e+00  6.13020e+00  6.95124e-01 -1.41744e+02  1.01510e+02  1.78250e+06 -1.89968e+06  1.95445e+03  0.00000e+00 -1.15232e+05 -1.17613e+04 -1.26993e+05  6.95132e-01  1.00000e+00  1.41721e+02  0.00000e+00  1.31179e+02 
 9.84019e-03  8.71849e-03  0.00000e+00  3.47944e+00  3.09248e-04  3.60339e+02  3.60136e+02  5.69896e+00  5.73369e+00  6.97732e-01 -2.13139e+02  1.12356e+02  2.27898e+06 -2.45626e+06  2.02456e+03  0.00000e+00 -1.75263e+05 -1.95035e+04 -1.94767e+05  6.97738e-01  1.00000e+00  2.13113e+02  0.00000e+00  1.69274e+02 
 1.00521e-02  8.95702e-03  0.00000e+00  3.47944e+00  2.69482e-04  3.60416e+02  3.60138e+02  5.49198e+00  5.52249e+00  7.02349e-01 -3.80230e+02  1.28938e+02  3.18236e+06 -3.45415e+06  2.22825e+03  0.00000e+00 -2.69556e+05 -3.96704e+04 -3.09226e+05  7.02343e-01  1.00000e+00  3.80200e+02  0.00000e+00  2.42207e+02 
 1.02653e-02  9.19555e-03  0.00000e+00  3.47944e+00  2.21335e-04  3.60608e+02  3.60140e+02  4.84260e+00  4.86579e+00  7.05062e-01 -9.11940e+02  1.56994e+02  5.18610e+06 -5.61730e+06  2.37280e+03  0.00000e+00 -4.28828e+05 -1.15404e+05 -5.44233e+05  7.05041e-01  1.00000e+00  9.11902e+02  0.00000e+00  4.02259e+02 
 1.04795e-02  9.43408e-03  0.00000e+00  3.47944e+00  1.62312e-04  3.61331e+02  3.60143e+02  4.13643e+00  4.15267e+00  7.12816e-01 -8.38353e+03  2.14094e+02  1.15959e+07 -1.09127e+07  2.81069e+03  1.64865e+06  2.33465e+06 -2.33296e+06  1.68664e+03  7.12799e-01  1.00000e+00  8.38348e+03  4.50655e+03  1.02355e+03 
