# Code_Saturne plot output (1D profile)
#
# Iteration output: 3581
# Time output:      2.30008e+01
#
#COLUMN_TITLES: Distance | X | Y | Z | diameter_Field2 | temp_Field1 | temp_Field2 | Velocity_Field1[Z] | Velocity_Field2[Z] | vol_f_Field2 | mass_trans_Field1 | Xd_Field2 | BK | COAL | COMP | NUCL | W1 | MT | SMBR | ALPBB | CONDNUM | GAMA | GAMANUC | epsilon_Field1
 4.56474e-03  1.39645e-04  0.00000e+00  3.47944e+00  2.53303e-05  3.58888e+02  3.60049e+02  4.23893e+00  4.24106e+00  1.20845e-02  3.13754e+02  1.37600e+03  6.65221e-49 -2.03571e+06  6.59951e+03  0.00000e+00 -2.02911e+06  1.89226e+07  1.68935e+07  1.20987e-02  1.00000e+00 -3.13300e+02  0.00000e+00  4.47171e-01 
 4.57812e-03  3.76525e-04  4.25872e-21  3.47944e+00  4.67748e-05  3.58887e+02  3.60049e+02  4.23879e+00  4.24406e+00  1.34133e-02  1.46365e+02  7.45154e+02  2.04771e-12 -8.01277e+05  3.55334e+03  0.00000e+00 -7.97724e+05  4.30918e+06  3.51145e+06  1.34242e-02  1.00000e+00 -1.46151e+02  0.00000e+00  4.51469e-01 
 4.60371e-03  6.13858e-04  0.00000e+00  3.47944e+00  6.50513e-05  3.58888e+02  3.60049e+02  4.23748e+00  4.24638e+00  1.45367e-02  9.92132e+01  5.35798e+02  4.87072e-04 -4.97910e+05  2.55533e+03  0.00000e+00 -4.95355e+05  1.93863e+06  1.44327e+06  1.45462e-02  1.00000e+00 -9.90679e+01  0.00000e+00  4.59668e-01 
 4.64138e-03  8.51483e-04  0.00000e+00  3.47944e+00  8.04648e-05  3.58894e+02  3.60049e+02  4.23538e+00  4.24739e+00  1.59635e-02  8.12415e+01  4.33163e+02  9.84024e-01 -3.83380e+05  2.06755e+03  0.00000e+00 -3.81311e+05  1.16893e+06  7.87619e+05  1.59723e-02  1.00000e+00 -8.11219e+01  0.00000e+00  4.72058e-01 
 4.69084e-03  1.08931e-03  0.00000e+00  3.47944e+00  9.43206e-05  3.58902e+02  3.60049e+02  4.23247e+00  4.24730e+00  1.76920e-02  7.22737e+01  3.69531e+02  5.59940e+01 -3.27233e+05  1.76508e+03  0.00000e+00 -3.25412e+05  8.00583e+05  4.75171e+05  1.77005e-02  1.00000e+00 -7.21665e+01  0.00000e+00  4.88859e-01 
 4.75174e-03  1.32727e-03  1.05001e-20  3.47944e+00  1.07321e-04  3.58915e+02  3.60049e+02  4.22875e+00  4.24623e+00  1.97509e-02  6.73702e+01  3.24769e+02  6.82184e+02 -2.96700e+05  1.55205e+03  0.00000e+00 -2.94465e+05  5.87559e+05  2.93093e+05  1.97594e-02  1.00000e+00 -6.72692e+01  0.00000e+00  5.10414e-01 
 4.82366e-03  1.56534e-03  0.00000e+00  3.47944e+00  1.19731e-04  3.58930e+02  3.60049e+02  4.22421e+00  4.24421e+00  2.21707e-02  6.47799e+01  2.91106e+02  3.64164e+03 -2.80394e+05  1.39164e+03  0.00000e+00 -2.75361e+05  4.51174e+05  1.75813e+05  2.21793e-02  1.00000e+00 -6.46814e+01  0.00000e+00  5.37138e-01 
 4.90611e-03  1.80349e-03  8.81027e-21  3.47944e+00  1.31602e-04  3.58949e+02  3.60049e+02  4.21882e+00  4.24120e+00  2.49968e-02  6.37358e+01  2.64847e+02  1.17826e+04 -2.73635e+05  1.26623e+03  0.00000e+00 -2.60586e+05  3.58223e+05  9.76369e+04  2.50056e-02  1.00000e+00 -6.36373e+01  0.00000e+00  5.69594e-01 
 4.99859e-03  2.04170e-03  0.00000e+00  3.47944e+00  1.42902e-04  3.58972e+02  3.60049e+02  4.21256e+00  4.23717e+00  2.82675e-02  6.38585e+01  2.43904e+02  2.75174e+04 -2.74062e+05  1.16601e+03  0.00000e+00 -2.45379e+05  2.92301e+05  4.69224e+04  2.82768e-02  1.00000e+00 -6.37578e+01  0.00000e+00  6.08430e-01 
 5.10055e-03  2.27996e-03  7.58893e-21  3.47944e+00  1.53627e-04  3.58997e+02  3.60049e+02  4.20537e+00  4.23204e+00  3.20428e-02  6.48967e+01  2.26876e+02  5.16131e+04 -2.80479e+05  1.08422e+03  0.00000e+00 -2.27781e+05  2.43767e+05  1.59853e+04  3.20526e-02  1.00000e+00 -6.47920e+01  0.00000e+00  6.54457e-01 
 5.21143e-03  2.51826e-03  7.09702e-21  3.47944e+00  1.63858e-04  3.59025e+02  3.60049e+02  4.19720e+00  4.22580e+00  3.63673e-02  6.66562e+01  2.12712e+02  8.32947e+04 -2.91878e+05  1.01599e+03  0.00000e+00 -2.07567e+05  2.06832e+05 -7.34727e+02  3.63779e-02  1.00000e+00 -6.65458e+01  0.00000e+00  7.08606e-01 
 5.33068e-03  2.75659e-03  1.33300e-20  3.47944e+00  1.73775e-04  3.59055e+02  3.60049e+02  4.18798e+00  4.21837e+00  4.13151e-02  6.89347e+01  2.00572e+02  1.21023e+05 -3.07557e+05  9.57172e+02  0.00000e+00 -1.85577e+05  1.77540e+05 -8.03681e+03  4.13266e-02  1.00000e+00 -6.88171e+01  0.00000e+00  7.72000e-01 
 5.45775e-03  2.99495e-03  1.25651e-20  3.47944e+00  1.83637e-04  3.59088e+02  3.60049e+02  4.17761e+00  4.20975e+00  4.69307e-02  7.15310e+01  1.89801e+02  1.63011e+05 -3.26536e+05  9.04841e+02  0.00000e+00 -1.62621e+05  1.53469e+05 -9.15223e+03  4.69434e-02  1.00000e+00 -7.14050e+01  0.00000e+00  8.45923e-01 
 5.59212e-03  3.23333e-03  0.00000e+00  3.47944e+00  1.93759e-04  3.59123e+02  3.60049e+02  4.16598e+00  4.19988e+00  5.32964e-02  7.42227e+01  1.79886e+02  2.07375e+05 -3.47984e+05  8.56360e+02  0.00000e+00 -1.39753e+05  1.32893e+05 -6.85957e+03  5.33102e-02  1.00000e+00 -7.40872e+01  0.00000e+00  9.31880e-01 
 5.73326e-03  3.47172e-03  0.00000e+00  3.47944e+00  2.04476e-04  3.59159e+02  3.60049e+02  4.15297e+00  4.18869e+00  6.04417e-02  7.67798e+01  1.70458e+02  2.52091e+05 -3.70605e+05  8.10205e+02  0.00000e+00 -1.17704e+05  1.14860e+05 -2.84378e+03  6.04570e-02  1.00000e+00 -7.66340e+01  0.00000e+00  1.03158e+00 
 5.88069e-03  3.71014e-03 -5.35987e-21  3.47944e+00  2.16139e-04  3.59197e+02  3.60049e+02  4.13843e+00  4.17613e+00  6.84485e-02  7.83330e+01  1.61260e+02  2.95003e+05 -3.93324e+05  7.64933e+02  0.00000e+00 -9.75565e+04  9.78859e+04  3.29422e+02  6.84653e-02  1.00000e+00 -7.81779e+01  0.00000e+00  1.14702e+00 
 6.03395e-03  3.94857e-03  5.10973e-21  3.47944e+00  2.29042e-04  3.59236e+02  3.60049e+02  4.12216e+00  4.16207e+00  7.73051e-02  7.89656e+01  1.52176e+02  3.33946e+05 -4.14643e+05  7.20250e+02  0.00000e+00 -7.99769e+04  8.24426e+04  2.46565e+03  7.73237e-02  1.00000e+00 -7.88019e+01  0.00000e+00  1.28037e+00 
 6.19261e-03  4.18701e-03  0.00000e+00  3.47944e+00  2.43415e-04  3.59276e+02  3.60049e+02  4.10398e+00  4.14633e+00  8.70571e-02  7.87616e+01  1.43190e+02  3.67051e+05 -4.33627e+05  6.75832e+02  0.00000e+00 -6.58994e+04  6.87006e+04  2.80112e+03  8.70774e-02  1.00000e+00 -7.85902e+01  0.00000e+00  1.43414e+00 
 6.35626e-03  4.42546e-03  0.00000e+00  3.47944e+00  2.59405e-04  3.59317e+02  3.60049e+02  4.08363e+00  4.12861e+00  9.76222e-02  7.76387e+01  1.34364e+02  3.93026e+05 -4.49033e+05  6.32253e+02  0.00000e+00 -5.53744e+04  5.66636e+04  1.28918e+03  9.76444e-02  1.00000e+00 -7.74607e+01  0.00000e+00  1.61093e+00 
 6.52453e-03  4.66392e-03 -8.96437e-21  3.47944e+00  2.77054e-04  3.59358e+02  3.60049e+02  4.06091e+00  4.10871e+00  1.08986e-01  7.56162e+01  1.25805e+02  4.11313e+05 -4.60446e+05  5.89743e+02  0.00000e+00 -4.85434e+04  4.62789e+04 -2.26451e+03  1.09010e-01  1.00000e+00 -7.54328e+01  0.00000e+00  1.81377e+00 
 6.69707e-03  4.90238e-03  1.72236e-20  3.47944e+00  2.96224e-04  3.59399e+02  3.60049e+02  4.03556e+00  4.08632e+00  1.21002e-01  7.27897e+01  1.17663e+02  4.22120e+05 -4.67500e+05  5.49329e+02  0.00000e+00 -4.48301e+04  3.75238e+04 -7.30632e+03  1.21027e-01  1.00000e+00 -7.26022e+01  0.00000e+00  2.04551e+00 
 6.87356e-03  5.14086e-03  8.28595e-21  3.47944e+00  3.16579e-04  3.59441e+02  3.60049e+02  4.00741e+00  4.06122e+00  1.33538e-01  6.93021e+01  1.10098e+02  4.26498e+05 -4.70608e+05  5.11436e+02  0.00000e+00 -4.35988e+04  3.02866e+04 -1.33121e+04  1.33564e-01  1.00000e+00 -6.91118e+01  0.00000e+00  2.30988e+00 
 7.05370e-03  5.37934e-03 -1.59677e-20  3.47944e+00  3.37554e-04  3.59483e+02  3.60049e+02  3.97625e+00  4.03315e+00  1.46415e-01  6.53719e+01  1.03257e+02  4.26001e+05 -4.70591e+05  4.77002e+02  0.00000e+00 -4.41129e+04  2.44332e+04 -1.96797e+04  1.46443e-01  1.00000e+00 -6.51795e+01  0.00000e+00  2.60999e+00 
 7.23722e-03  5.61783e-03  0.00000e+00  3.47944e+00  3.58379e-04  3.59526e+02  3.60049e+02  3.94203e+00  4.00183e+00  1.59412e-01  6.11693e+01  9.72572e+01  4.22749e+05 -4.68663e+05  4.46298e+02  0.00000e+00 -4.54684e+04  1.97746e+04 -2.56938e+04  1.59440e-01  1.00000e+00 -6.09753e+01  0.00000e+00  2.95112e+00 
 7.42387e-03  5.85632e-03  0.00000e+00  3.47944e+00  3.78204e-04  3.59568e+02  3.60049e+02  3.90479e+00  3.96701e+00  1.72443e-01  5.68962e+01  9.21595e+01  4.18622e+05 -4.66496e+05  4.19708e+02  0.00000e+00 -4.74545e+04  1.61082e+04 -3.13462e+04  1.72473e-01  1.00000e+00 -5.67002e+01  0.00000e+00  3.33785e+00 
 7.61342e-03  6.09482e-03  0.00000e+00  3.47944e+00  3.96123e-04  3.59612e+02  3.60050e+02  3.86474e+00  3.92716e+00  1.85262e-01  5.23827e+01  8.79908e+01  4.15776e+05 -4.65479e+05  3.97150e+02  0.00000e+00 -4.93057e+04  1.31760e+04 -3.61297e+04  1.85294e-01  1.00000e+00 -5.21853e+01  0.00000e+00  3.78136e+00 
 7.80566e-03  6.33332e-03  0.00000e+00  3.47944e+00  4.11453e-04  3.59655e+02  3.60050e+02  3.82082e+00  3.88252e+00  1.98005e-01  4.80605e+01  8.47125e+01  4.15292e+05 -4.67346e+05  3.78552e+02  0.00000e+00 -5.16745e+04  1.08855e+04 -4.07891e+04  1.98038e-01  1.00000e+00 -4.78603e+01  0.00000e+00  4.28958e+00 
 8.00039e-03  6.57182e-03  0.00000e+00  3.47944e+00  4.23543e-04  3.59700e+02  3.60050e+02  3.77272e+00  3.83354e+00  2.10387e-01  4.38584e+01  8.22947e+01  4.18664e+05 -4.72987e+05  3.63461e+02  0.00000e+00 -5.39595e+04  9.07800e+03 -4.48815e+04  2.10421e-01  1.00000e+00 -4.36537e+01  0.00000e+00  4.87939e+00 
 8.19744e-03  6.81033e-03  1.31016e-20  3.47944e+00  4.32124e-04  3.59745e+02  3.60050e+02  3.71956e+00  3.77952e+00  2.22636e-01  3.96958e+01  8.06609e+01  4.26224e+05 -4.83774e+05  3.51718e+02  0.00000e+00 -5.71989e+04  7.60537e+03 -4.95936e+04  2.22674e-01  1.00000e+00 -3.94846e+01  0.00000e+00  5.56146e+00 
 8.39664e-03  7.04884e-03  0.00000e+00  3.47944e+00  4.36824e-04  3.59791e+02  3.60050e+02  3.66184e+00  3.72097e+00  2.34412e-01  3.53892e+01  7.97935e+01  4.39568e+05 -5.00638e+05  3.42768e+02  0.00000e+00 -6.07270e+04  6.36486e+03 -5.43621e+04  2.34451e-01  1.00000e+00 -3.51693e+01  0.00000e+00  6.36810e+00 
 8.59784e-03  7.28736e-03  0.00000e+00  3.47944e+00  4.37692e-04  3.59839e+02  3.60050e+02  3.59733e+00  3.65568e+00  2.46018e-01  3.07482e+01  7.96355e+01  4.59034e+05 -5.25252e+05  3.36530e+02  0.00000e+00 -6.58814e+04  5.25206e+03 -6.06294e+04  2.46058e-01  1.00000e+00 -3.05170e+01  0.00000e+00  7.32139e+00 
 8.80092e-03  7.52587e-03  0.00000e+00  3.47944e+00  4.34468e-04  3.59889e+02  3.60051e+02  3.52782e+00  3.58538e+00  2.57243e-01  2.55002e+01  8.02268e+01  4.87131e+05 -5.59841e+05  3.32622e+02  0.00000e+00 -7.23775e+04  4.18765e+03 -6.81898e+04  2.57284e-01  1.00000e+00 -2.52545e+01  0.00000e+00  8.48943e+00 
 9.00573e-03  7.76439e-03 -1.17014e-20  3.47944e+00  4.27293e-04  3.59942e+02  3.60051e+02  3.44700e+00  3.50387e+00  2.68387e-01  1.92380e+01  8.15743e+01  5.25255e+05 -6.07512e+05  3.30798e+02  0.00000e+00 -8.19266e+04  3.06628e+03 -7.88603e+04  2.68432e-01  1.00000e+00 -1.89740e+01  0.00000e+00  9.92870e+00 
 9.21216e-03  8.00291e-03  0.00000e+00  3.47944e+00  4.15745e-04  3.59999e+02  3.60051e+02  3.36169e+00  3.41786e+00  2.79215e-01  1.13619e+01  8.38408e+01  5.79115e+05 -6.73676e+05  3.31065e+02  0.00000e+00 -9.42292e+04  1.76807e+03 -9.24612e+04  2.79261e-01  1.00000e+00 -1.10743e+01  0.00000e+00  1.18112e+01 
 9.42012e-03  8.24144e-03  0.00000e+00  3.47944e+00  3.99947e-04  3.60062e+02  3.60051e+02  3.25388e+00  3.30901e+00  2.90184e-01  1.76358e+00  8.71531e+01  6.53044e+05 -7.66466e+05  3.33579e+02  0.00000e+00 -1.13088e+05  1.68322e+02 -1.12920e+05  2.90239e-01  1.00000e+00 -1.05412e+00  0.00000e+00  1.42878e+01 
 9.62949e-03  8.47996e-03  0.00000e+00  3.47944e+00  3.79154e-04  3.60135e+02  3.60052e+02  3.14394e+00  3.19586e+00  3.01078e-01 -3.26421e+01  9.19333e+01  7.63798e+05 -9.01069e+05  3.38581e+02  0.00000e+00 -1.36933e+05 -5.42849e+03 -1.42361e+05  3.01134e-01  1.00000e+00  3.34387e+01  0.00000e+00  1.79467e+01 
 9.84019e-03  8.71849e-03  0.00000e+00  3.47944e+00  3.52951e-04  3.60225e+02  3.60052e+02  2.98219e+00  3.02930e+00  3.12435e-01 -8.75149e+01  9.87593e+01  9.31465e+05 -1.10743e+06  3.45682e+02  0.00000e+00 -1.75614e+05 -1.48611e+04 -1.90476e+05  3.12496e-01  1.00000e+00  8.84295e+01  0.00000e+00  2.34502e+01 
 1.00521e-02  8.95702e-03  0.00000e+00  3.47944e+00  3.19391e-04  3.60351e+02  3.60053e+02  2.81307e+00  2.85517e+00  3.23862e-01 -1.90087e+02  1.09137e+02  1.22873e+06 -1.45166e+06  3.57049e+02  0.00000e+00 -2.22576e+05 -3.42522e+04 -2.56828e+05  3.23925e-01  1.00000e+00  1.91180e+02  0.00000e+00  3.35951e+01 
 1.02653e-02  9.19555e-03  0.00000e+00  3.47944e+00  2.78677e-04  3.60571e+02  3.60053e+02  2.52276e+00  2.55938e+00  3.36797e-01 -4.29372e+02  1.25084e+02  1.81231e+06 -2.06092e+06  3.63630e+02  0.00000e+00 -2.48248e+05 -8.50507e+04 -3.33299e+05  3.36871e-01  1.00000e+00  4.30744e+02  0.00000e+00  5.59767e+01 
 1.04795e-02  9.43408e-03  0.00000e+00  3.47944e+00  2.33136e-04  3.61129e+02  3.60054e+02  2.08673e+00  2.11078e+00  3.52753e-01 -4.36984e+03  1.49520e+02  3.33367e+06 -2.94340e+06  3.74657e+02  1.46489e+06  1.85553e+06 -1.86861e+06 -1.30851e+04  3.52815e-01  1.00000e+00  4.37167e+03  3.12747e+03  1.42541e+02 
