# Code_Saturne plot output (1D profile)
#
# Iteration output: 2853
# Time output:      2.30011e+01
#
#COLUMN_TITLES: Distance | X | Y | Z | diameter_Field2 | temp_Field1 | temp_Field2 | Velocity_Field1[Z] | Velocity_Field2[Z] | vol_f_Field2 | mass_trans_Field1 | Xd_Field2 | BK | COAL | COMP | NUCL | W1 | MT | SMBR | ALPBB | CONDNUM | GAMA | GAMANUC | epsilon_Field1
 4.56474e-03  1.39645e-04  0.00000e+00  3.47944e+00  3.16782e-05  3.59333e+02  3.60049e+02  4.44210e+00  4.44535e+00  1.29258e-02  1.38079e+02  1.10022e+03  3.33622e-49 -4.65271e+05  5.84582e+03  0.00000e+00 -4.59425e+05  3.87266e+06  3.41324e+06  1.29194e-02  1.00000e+00 -1.38103e+02  0.00000e+00  2.54893e-01 
 4.57812e-03  3.76525e-04  4.25872e-21  3.47944e+00  4.35341e-05  3.59335e+02  3.60049e+02  4.44195e+00  4.44718e+00  1.37740e-02  9.37898e+01  8.00589e+02  2.86633e-25 -2.90468e+05  4.23784e+03  0.00000e+00 -2.86230e+05  1.79622e+06  1.50999e+06  1.37677e-02  1.00000e+00 -9.38065e+01  0.00000e+00  2.57555e-01 
 4.60371e-03  6.13858e-04  0.00000e+00  3.47944e+00  5.40508e-05  3.59339e+02  3.60049e+02  4.44112e+00  4.44832e+00  1.48465e-02  7.48073e+01  6.44816e+02  6.50697e-15 -2.18241e+05  3.41238e+03  0.00000e+00 -2.14829e+05  1.07055e+06  8.55721e+05  1.48400e-02  1.00000e+00 -7.48209e+01  0.00000e+00  2.62708e-01 
 4.64138e-03  8.51483e-04  0.00000e+00  3.47944e+00  6.32130e-05  3.59347e+02  3.60049e+02  4.43978e+00  4.44881e+00  1.62592e-02  6.56785e+01  5.51356e+02  2.06569e-09 -1.84827e+05  2.91787e+03  0.00000e+00 -1.81909e+05  7.33835e+05  5.51925e+05  1.62526e-02  1.00000e+00 -6.56906e+01  0.00000e+00  2.70414e-01 
 4.69084e-03  1.08931e-03  0.00000e+00  3.47944e+00  7.14772e-05  3.59359e+02  3.60049e+02  4.43791e+00  4.44860e+00  1.80870e-02  6.11681e+01  4.87608e+02  5.73774e-06 -1.68792e+05  2.58077e+03  0.00000e+00 -1.66212e+05  5.43328e+05  3.77117e+05  1.80803e-02  1.00000e+00 -6.11795e+01  0.00000e+00  2.80832e-01 
 4.75174e-03  1.32727e-03  1.05001e-20  3.47944e+00  7.91945e-05  3.59374e+02  3.60049e+02  4.43550e+00  4.44776e+00  2.03613e-02  5.89781e+01  4.40092e+02  1.43559e-03 -1.61892e+05  2.32952e+03  0.00000e+00 -1.59563e+05  4.20003e+05  2.60440e+05  2.03543e-02  1.00000e+00 -5.89893e+01  0.00000e+00  2.94189e-01 
 4.82366e-03  1.56534e-03  0.00000e+00  3.47944e+00  8.65911e-05  3.59393e+02  3.60049e+02  4.43254e+00  4.44631e+00  2.31278e-02  5.81303e+01  4.02499e+02  8.78183e-02 -1.60642e+05  2.13064e+03  0.00000e+00 -1.58512e+05  3.33309e+05  1.74798e+05  2.31206e-02  1.00000e+00 -5.81416e+01  0.00000e+00  3.10804e-01 
 4.90611e-03  1.80349e-03  8.81027e-21  3.47944e+00  9.37940e-05  3.59414e+02  3.60049e+02  4.42899e+00  4.44425e+00  2.64428e-02  5.81298e+01  3.71590e+02  2.13823e+00 -1.63437e+05  1.96693e+03  0.00000e+00 -1.61468e+05  2.69129e+05  1.07660e+05  2.64355e-02  1.00000e+00 -5.81415e+01  0.00000e+00  3.31104e-01 
 4.99859e-03  2.04170e-03  0.00000e+00  3.47944e+00  1.00854e-04  3.59439e+02  3.60049e+02  4.42483e+00  4.44152e+00  3.03741e-02  5.87094e+01  3.45576e+02  2.70199e+01 -1.69569e+05  1.82893e+03  0.00000e+00 -1.67713e+05  2.20062e+05  5.23491e+04  3.03667e-02  1.00000e+00 -5.87218e+01  0.00000e+00  3.55635e-01 
 5.10055e-03  2.27996e-03  7.58893e-21  3.47944e+00  1.07759e-04  3.59467e+02  3.60049e+02  4.42000e+00  4.43809e+00  3.49966e-02  5.97142e+01  3.23432e+02  2.07768e+02 -1.78821e+05  1.71121e+03  0.00000e+00 -1.76902e+05  1.81814e+05  4.91175e+03  3.49890e-02  1.00000e+00 -5.97273e+01  0.00000e+00  3.85084e-01 
 5.21143e-03  2.51826e-03  7.09702e-21  3.47944e+00  1.14433e-04  3.59498e+02  3.60049e+02  4.41446e+00  4.43386e+00  4.03938e-02  6.10668e+01  3.04570e+02  1.07894e+03 -1.91353e+05  1.61064e+03  0.00000e+00 -1.88664e+05  1.51693e+05 -3.69708e+04  4.03859e-02  1.00000e+00 -6.10809e+01  0.00000e+00  4.20307e-01 
 5.33068e-03  2.75659e-03  1.33300e-20  3.47944e+00  1.20736e-04  3.59530e+02  3.60049e+02  4.40813e+00  4.42872e+00  4.66599e-02  6.27428e+01  2.88671e+02  4.07474e+03 -2.07690e+05  1.52551e+03  0.00000e+00 -2.02090e+05  1.27881e+05 -7.42087e+04  4.66521e-02  1.00000e+00 -6.27581e+01  0.00000e+00  4.62342e-01 
 5.45775e-03  2.99495e-03  1.25651e-20  3.47944e+00  1.26471e-04  3.59565e+02  3.60049e+02  4.40092e+00  4.42255e+00  5.38863e-02  6.47451e+01  2.75579e+02  1.18543e+04 -2.28688e+05  1.45498e+03  0.00000e+00 -2.15378e+05  1.09083e+05 -1.06295e+05  5.38785e-02  1.00000e+00 -6.47620e+01  0.00000e+00  5.12457e-01 
 5.59212e-03  3.23333e-03  0.00000e+00  3.47944e+00  1.31423e-04  3.59601e+02  3.60049e+02  4.39272e+00  4.41518e+00  6.21697e-02  6.70941e+01  2.65197e+02  2.78933e+04 -2.55596e+05  1.39852e+03  0.00000e+00 -2.26304e+05  9.42885e+04 -1.32015e+05  6.21620e-02  1.00000e+00 -6.71129e+01  0.00000e+00  5.72172e-01 
 5.73326e-03  3.47172e-03  0.00000e+00  3.47944e+00  1.35407e-04  3.59639e+02  3.60049e+02  4.38343e+00  4.40649e+00  7.15946e-02  6.89859e+01  2.57393e+02  5.54576e+04 -2.89961e+05  1.35534e+03  0.00000e+00 -2.33148e+05  8.17081e+04 -1.51440e+05  7.15871e-02  1.00000e+00 -6.90068e+01  0.00000e+00  6.43323e-01 
 5.88069e-03  3.71014e-03 -5.35987e-21  3.47944e+00  1.38319e-04  3.59676e+02  3.60049e+02  4.37287e+00  4.39629e+00  8.22299e-02  7.09271e+01  2.51975e+02  9.67932e+04 -3.33614e+05  1.32437e+03  0.00000e+00 -2.35496e+05  7.16033e+04 -1.63893e+05  8.22228e-02  1.00000e+00 -7.09506e+01  0.00000e+00  7.28090e-01 
 6.03395e-03  3.94857e-03  5.10973e-21  3.47944e+00  1.40162e-04  3.59714e+02  3.60049e+02  4.36090e+00  4.38440e+00  9.41166e-02  7.27810e+01  2.48662e+02  1.53207e+05 -3.88539e+05  1.30403e+03  0.00000e+00 -2.34028e+05  6.33524e+04 -1.70676e+05  9.41099e-02  1.00000e+00 -7.28076e+01  0.00000e+00  8.29057e-01 
 6.19261e-03  4.18701e-03  0.00000e+00  3.47944e+00  1.41039e-04  3.59752e+02  3.60049e+02  4.34729e+00  4.37061e+00  1.07276e-01  7.43273e+01  2.47116e+02  2.25682e+05 -4.56854e+05  1.29246e+03  0.00000e+00 -2.29879e+05  5.64108e+04 -1.73468e+05  1.07270e-01  1.00000e+00 -7.43575e+01  0.00000e+00  9.49250e-01 
 6.35626e-03  4.42546e-03  0.00000e+00  3.47944e+00  1.41104e-04  3.59788e+02  3.60049e+02  4.33180e+00  4.35475e+00  1.21671e-01  7.53051e+01  2.47001e+02  3.15419e+05 -5.40655e+05  1.28778e+03  0.00000e+00 -2.23948e+05  5.03697e+04 -1.73578e+05  1.21665e-01  1.00000e+00 -7.53395e+01  0.00000e+00  1.09226e+00 
 6.52453e-03  4.66392e-03 -8.96437e-21  3.47944e+00  1.40531e-04  3.59823e+02  3.60049e+02  4.31417e+00  4.33659e+00  1.37259e-01  7.54742e+01  2.48009e+02  4.23848e+05 -6.42200e+05  1.28824e+03  0.00000e+00 -2.17064e+05  4.49342e+04 -1.72130e+05  1.37254e-01  1.00000e+00 -7.55133e+01  0.00000e+00  1.26212e+00 
 6.69707e-03  4.90238e-03  1.72236e-20  3.47944e+00  1.39478e-04  3.59856e+02  3.60049e+02  4.29409e+00  4.31587e+00  1.53887e-01  7.46014e+01  2.49883e+02  5.52715e+05 -7.63423e+05  1.29236e+03  0.00000e+00 -2.09416e+05  3.99170e+04 -1.69499e+05  1.53883e-01  1.00000e+00 -7.46456e+01  0.00000e+00  1.46362e+00 
 6.87356e-03  5.14086e-03  8.28595e-21  3.47944e+00  1.38085e-04  3.59887e+02  3.60049e+02  4.27123e+00  4.29228e+00  1.71464e-01  7.25650e+01  2.52403e+02  7.03530e+05 -9.06516e+05  1.29882e+03  0.00000e+00 -2.01687e+05  3.52016e+04 -1.66486e+05  1.71460e-01  1.00000e+00 -7.26149e+01  0.00000e+00  1.70187e+00 
 7.05370e-03  5.37934e-03 -1.59677e-20  3.47944e+00  1.36464e-04  3.59915e+02  3.60049e+02  4.24522e+00  4.26546e+00  1.89712e-01  6.92752e+01  2.55402e+02  8.77968e+05 -1.07280e+06  1.30659e+03  0.00000e+00 -1.93521e+05  3.07373e+04 -1.62784e+05  1.89710e-01  1.00000e+00 -6.93311e+01  0.00000e+00  1.98309e+00 
 7.23722e-03  5.61783e-03  0.00000e+00  3.47944e+00  1.34710e-04  3.59940e+02  3.60049e+02  4.21570e+00  4.23509e+00  2.08530e-01  6.48042e+01  2.58727e+02  1.07678e+06 -1.26405e+06  1.31472e+03  0.00000e+00 -1.85954e+05  2.65029e+04 -1.59451e+05  2.08529e-01  1.00000e+00 -6.48664e+01  0.00000e+00  2.31344e+00 
 7.42387e-03  5.85632e-03  0.00000e+00  3.47944e+00  1.32883e-04  3.59963e+02  3.60049e+02  4.18231e+00  4.20083e+00  2.27577e-01  5.92577e+01  2.62285e+02  1.30124e+06 -1.48082e+06  1.32248e+03  0.00000e+00 -1.78257e+05  2.25157e+04 -1.55742e+05  2.27578e-01  1.00000e+00 -5.93263e+01  0.00000e+00  2.70103e+00 
 7.61342e-03  6.09482e-03  0.00000e+00  3.47944e+00  1.31039e-04  3.59983e+02  3.60049e+02  4.14465e+00  4.16228e+00  2.46774e-01  5.28739e+01  2.65976e+02  1.55108e+06 -1.72435e+06  1.32931e+03  0.00000e+00 -1.71946e+05  1.87926e+04 -1.53154e+05  2.46775e-01  1.00000e+00 -5.29490e+01  0.00000e+00  3.15337e+00 
 7.80566e-03  6.33332e-03  0.00000e+00  3.47944e+00  1.29189e-04  3.60000e+02  3.60049e+02  4.10244e+00  4.11917e+00  2.65794e-01  4.59044e+01  2.69787e+02  1.82773e+06 -1.99512e+06  1.33480e+03  0.00000e+00 -1.66054e+05  1.53702e+04 -1.50684e+05  2.65795e-01  1.00000e+00 -4.59859e+01  0.00000e+00  3.68183e+00 
 8.00039e-03  6.57182e-03  0.00000e+00  3.47944e+00  1.27353e-04  3.60014e+02  3.60049e+02  4.05521e+00  4.07104e+00  2.84604e-01  3.86477e+01  2.73676e+02  2.13064e+06 -2.29454e+06  1.33867e+03  0.00000e+00 -1.62568e+05  1.22653e+04 -1.50303e+05  2.84606e-01  1.00000e+00 -3.87354e+01  0.00000e+00  4.29672e+00 
 8.19744e-03  6.81033e-03  1.31016e-20  3.47944e+00  1.25493e-04  3.60026e+02  3.60050e+02  4.00279e+00  4.01772e+00  3.02951e-01  3.13814e+01  2.77734e+02  2.46359e+06 -2.62524e+06  1.34097e+03  0.00000e+00 -1.60301e+05  9.50153e+03 -1.50799e+05  3.02955e-01  1.00000e+00 -3.14752e+01  0.00000e+00  5.01709e+00 
 8.39664e-03  7.04884e-03  0.00000e+00  3.47944e+00  1.23595e-04  3.60036e+02  3.60050e+02  3.94433e+00  3.95836e+00  3.20858e-01  2.43429e+01  2.82000e+02  2.82775e+06 -2.99098e+06  1.34179e+03  0.00000e+00 -1.61884e+05  7.07366e+03 -1.54811e+05  3.20862e-01  1.00000e+00 -2.44425e+01  0.00000e+00  5.86048e+00 
 8.59784e-03  7.28736e-03  0.00000e+00  3.47944e+00  1.21570e-04  3.60044e+02  3.60050e+02  3.87987e+00  3.89299e+00  3.38199e-01  1.77236e+01  2.86699e+02  3.23344e+06 -3.40114e+06  1.34162e+03  0.00000e+00 -1.66358e+05  4.97666e+03 -1.61381e+05  3.38205e-01  1.00000e+00 -1.78290e+01  0.00000e+00  6.86458e+00 
 8.80092e-03  7.52587e-03  0.00000e+00  3.47944e+00  1.19361e-04  3.60051e+02  3.60050e+02  3.80765e+00  3.81985e+00  3.55027e-01  1.16201e+01  2.92006e+02  3.68825e+06 -3.86699e+06  1.34084e+03  0.00000e+00 -1.77396e+05  3.17703e+03 -1.74219e+05  3.55033e-01  1.00000e+00 -1.17312e+01  0.00000e+00  8.06761e+00 
 9.00573e-03  7.76439e-03 -1.17014e-20  3.47944e+00  1.16824e-04  3.60056e+02  3.60050e+02  3.72774e+00  3.73901e+00  3.71413e-01  6.06838e+00  2.98349e+02  4.21747e+06 -4.41489e+06  1.34056e+03  0.00000e+00 -1.96083e+05  1.63596e+03 -1.94447e+05  3.71422e-01  1.00000e+00 -6.18529e+00  0.00000e+00  9.55473e+00 
 9.21216e-03  8.00291e-03  0.00000e+00  3.47944e+00  1.13830e-04  3.60060e+02  3.60051e+02  3.63695e+00  3.64723e+00  3.87346e-01  9.70752e-01  3.06198e+02  4.84958e+06 -5.07809e+06  1.34142e+03  0.00000e+00 -2.27175e+05  2.84673e+02 -2.26890e+05  3.87354e-01  1.00000e+00 -1.09371e+00  0.00000e+00  1.14307e+01 
 9.42012e-03  8.24144e-03  0.00000e+00  3.47944e+00  1.10168e-04  3.60063e+02  3.60051e+02  3.53356e+00  3.54285e+00  4.03273e-01 -8.12228e+00  3.16377e+02  5.64820e+06 -5.92984e+06  1.34532e+03  0.00000e+00 -2.80298e+05 -2.04825e+03 -2.82347e+05  4.03282e-01  1.00000e+00  7.92938e+00  0.00000e+00  1.39210e+01 
 9.62949e-03  8.47996e-03  0.00000e+00  3.47944e+00  1.05518e-04  3.60066e+02  3.60051e+02  3.41365e+00  3.42184e+00  4.18901e-01 -2.06211e+01  3.30321e+02  6.72563e+06 -7.08894e+06  1.35439e+03  0.00000e+00 -3.61959e+05 -5.30229e+03 -3.67261e+05  4.18908e-01  1.00000e+00  2.04221e+01  0.00000e+00  1.74049e+01 
 9.84019e-03  8.71849e-03  0.00000e+00  3.47944e+00  9.95095e-05  3.60071e+02  3.60052e+02  3.26515e+00  3.27223e+00  4.34922e-01 -4.38940e+01  3.50271e+02  8.31215e+06 -8.81293e+06  1.37120e+03  0.00000e+00 -4.99410e+05 -1.15851e+04 -5.10995e+05  4.34927e-01  1.00000e+00  4.36879e+01  0.00000e+00  2.27224e+01 
 1.00521e-02  8.95702e-03  0.00000e+00  3.47944e+00  9.14866e-05  3.60083e+02  3.60052e+02  3.08446e+00  3.09026e+00  4.50915e-01 -1.09182e+02  3.80991e+02  1.10154e+07 -1.16988e+07  1.40044e+03  0.00000e+00 -6.81993e+05 -3.03156e+04 -7.12309e+05  4.50919e-01  1.00000e+00  1.08968e+02  0.00000e+00  3.20686e+01 
 1.02653e-02  9.19555e-03  0.00000e+00  3.47944e+00  8.14304e-05  3.60125e+02  3.60053e+02  2.81229e+00  2.81661e+00  4.68886e-01 -3.84849e+02  4.28047e+02  1.64607e+07 -1.71900e+07  1.42384e+03  0.00000e+00 -7.27876e+05 -1.15618e+05 -8.43494e+05  4.68886e-01  1.00000e+00  3.84625e+02  0.00000e+00  5.25672e+01 
 1.04795e-02  9.43408e-03  0.00000e+00  3.47944e+00  7.13212e-05  3.60381e+02  3.60054e+02  2.38029e+00  2.38232e+00  4.91023e-01 -5.72036e+03  4.88727e+02  3.15949e+07 -2.89046e+07  1.42697e+03  1.21913e+06  3.91082e+06 -4.05309e+06 -1.42267e+05  4.91013e-01  1.00000e+00  5.72013e+03  3.28287e+03  1.29385e+02 
