# Code_Saturne plot output (1D profile)
#
# Iteration output: 3748
# Time output:      2.30010e+01
#
#COLUMN_TITLES: Distance | X | Y | Z | diameter_Field2 | temp_Field1 | temp_Field2 | Velocity_Field1[Z] | Velocity_Field2[Z] | vol_f_Field2 | mass_trans_Field1 | Xd_Field2 | BK | COAL | COMP | NUCL | W1 | MT | SMBR | ALPBB | CONDNUM | GAMA | GAMANUC | epsilon_Field1
 4.56474e-03  1.39645e-04  0.00000e+00  3.47944e+00  5.77925e-05  3.58783e+02  3.60047e+02  4.29553e+00  4.30386e+00  1.05999e-02  8.41530e+01  6.03126e+02  1.40187e-10 -3.03177e+05  2.89329e+03  0.00000e+00 -3.00283e+05  1.02069e+06  7.20402e+05  1.06031e-02  1.00000e+00 -8.39925e+01  0.00000e+00  3.02786e-01 
 4.57812e-03  3.76525e-04  4.25872e-21  3.47944e+00  7.15169e-05  3.58787e+02  3.60047e+02  4.29510e+00  4.30637e+00  1.09930e-02  6.50661e+01  4.87384e+02  3.91021e-05 -2.19448e+05  2.33427e+03  0.00000e+00 -2.17114e+05  6.14968e+05  3.97855e+05  1.09958e-02  1.00000e+00 -6.49415e+01  0.00000e+00  3.06112e-01 
 4.60371e-03  6.13858e-04  0.00000e+00  3.47944e+00  8.30011e-05  3.58796e+02  3.60047e+02  4.29374e+00  4.30739e+00  1.16990e-02  5.66177e+01  4.19948e+02  2.48912e-02 -1.82322e+05  2.01077e+03  0.00000e+00 -1.80311e+05  4.33267e+05  2.52955e+05  1.17016e-02  1.00000e+00 -5.65084e+01  0.00000e+00  3.12678e-01 
 4.64138e-03  8.51483e-04  0.00000e+00  3.47944e+00  9.26398e-05  3.58811e+02  3.60047e+02  4.29168e+00  4.30727e+00  1.27142e-02  5.29678e+01  3.76255e+02  1.20296e+00 -1.65824e+05  1.80127e+03  0.00000e+00 -1.64022e+05  3.34163e+05  1.70141e+05  1.27169e-02  1.00000e+00 -5.28644e+01  0.00000e+00  3.22577e-01 
 4.69084e-03  1.08931e-03  0.00000e+00  3.47944e+00  1.01205e-04  3.58830e+02  3.60047e+02  4.28890e+00  4.30618e+00  1.40575e-02  5.17092e+01  3.44413e+02  1.76794e+01 -1.59613e+05  1.64854e+03  0.00000e+00 -1.57947e+05  2.70076e+05  1.12129e+05  1.40603e-02  1.00000e+00 -5.16066e+01  0.00000e+00  3.35980e-01 
 4.75174e-03  1.32727e-03  1.05001e-20  3.47944e+00  1.09077e-04  3.58855e+02  3.60047e+02  4.28541e+00  4.30423e+00  1.57600e-02  5.19072e+01  3.19556e+02  1.33005e+02 -1.59860e+05  1.52920e+03  0.00000e+00 -1.58198e+05  2.24364e+05  6.61660e+04  1.57631e-02  1.00000e+00 -5.18021e+01  0.00000e+00  3.53130e-01 
 4.82366e-03  1.56534e-03  0.00000e+00  3.47944e+00  1.16435e-04  3.58884e+02  3.60047e+02  4.28121e+00  4.30144e+00  1.78617e-02  5.31309e+01  2.99362e+02  6.48788e+02 -1.64969e+05  1.43210e+03  0.00000e+00 -1.62888e+05  1.89819e+05  2.69308e+04  1.78652e-02  1.00000e+00 -5.30208e+01  0.00000e+00  3.74346e-01 
 4.90611e-03  1.80349e-03  8.81027e-21  3.47944e+00  1.23336e-04  3.58918e+02  3.60047e+02  4.27628e+00  4.29781e+00  2.04112e-02  5.51724e+01  2.82611e+02  2.32242e+03 -1.74349e+05  1.35138e+03  0.00000e+00 -1.70675e+05  1.62831e+05 -7.84429e+03  2.04152e-02  1.00000e+00 -5.50547e+01  0.00000e+00  4.00041e-01 
 4.99859e-03  2.04170e-03  0.00000e+00  3.47944e+00  1.29759e-04  3.58956e+02  3.60047e+02  4.27058e+00  4.29330e+00  2.34652e-02  5.79367e+01  2.68622e+02  6.56383e+03 -1.87975e+05  1.28378e+03  0.00000e+00 -1.80128e+05  1.41364e+05 -3.87636e+04  2.34697e-02  1.00000e+00 -5.78089e+01  0.00000e+00  4.30723e-01 
 5.10055e-03  2.27996e-03  7.58893e-21  3.47944e+00  1.35631e-04  3.58998e+02  3.60047e+02  4.26408e+00  4.28783e+00  2.70878e-02  6.13912e+01  2.56993e+02  1.53822e+04 -2.06222e+05  1.22739e+03  0.00000e+00 -1.89613e+05  1.24133e+05 -6.54794e+04  2.70929e-02  1.00000e+00 -6.12504e+01  0.00000e+00  4.67007e-01 
 5.21143e-03  2.51826e-03  7.09702e-21  3.47944e+00  1.40865e-04  3.59044e+02  3.60047e+02  4.25673e+00  4.28135e+00  3.13490e-02  6.55319e+01  2.47444e+02  3.10171e+04 -2.29761e+05  1.18081e+03  0.00000e+00 -1.97563e+05  1.10233e+05 -8.73301e+04  3.13543e-02  1.00000e+00 -6.53749e+01  0.00000e+00  5.09636e-01 
 5.33068e-03  2.75659e-03  1.33300e-20  3.47944e+00  1.45395e-04  3.59093e+02  3.60047e+02  4.24848e+00  4.27381e+00  3.63237e-02  7.03556e+01  2.39734e+02  5.54731e+04 -2.59502e+05  1.14287e+03  0.00000e+00 -2.02886e+05  9.89479e+04 -1.03938e+05  3.63289e-02  1.00000e+00 -7.01787e+01  0.00000e+00  5.59483e-01 
 5.45775e-03  2.99495e-03  1.25651e-20  3.47944e+00  1.49204e-04  3.59145e+02  3.60047e+02  4.23928e+00  4.26512e+00  4.20908e-02  7.58414e+01  2.33615e+02  9.02831e+04 -2.96545e+05  1.11243e+03  0.00000e+00 -2.05149e+05  8.96878e+04 -1.15461e+05  4.20966e-02  1.00000e+00 -7.56400e+01  0.00000e+00  6.17595e-01 
 5.59212e-03  3.23333e-03  0.00000e+00  3.47944e+00  1.52328e-04  3.59199e+02  3.60047e+02  4.22904e+00  4.25523e+00  4.87402e-02  8.19403e+01  2.28824e+02  1.36598e+05 -3.42173e+05  1.08819e+03  0.00000e+00 -2.04487e+05  8.19513e+04 -1.22536e+05  4.87469e-02  1.00000e+00 -8.17093e+01  0.00000e+00  6.85264e-01 
 5.73326e-03  3.47172e-03  0.00000e+00  3.47944e+00  1.54852e-04  3.59255e+02  3.60047e+02  4.21767e+00  4.24406e+00  5.63456e-02  8.85314e+01  2.25094e+02  1.95392e+05 -3.97650e+05  1.06881e+03  0.00000e+00 -2.01190e+05  7.53291e+04 -1.25861e+05  5.63536e-02  1.00000e+00 -8.82649e+01  0.00000e+00  7.64017e-01 
 5.88069e-03  3.71014e-03 -5.35987e-21  3.47944e+00  1.56890e-04  3.59311e+02  3.60047e+02  4.20506e+00  4.23155e+00  6.49787e-02  9.51353e+01  2.22170e+02  2.67600e+05 -4.64272e+05  1.05300e+03  0.00000e+00 -1.95620e+05  6.92657e+04 -1.26354e+05  6.49884e-02  1.00000e+00 -9.48277e+01  0.00000e+00  8.55603e-01 
 6.03395e-03  3.94857e-03  5.10973e-21  3.47944e+00  1.58568e-04  3.59368e+02  3.60047e+02  4.19106e+00  4.21758e+00  7.47119e-02  1.00837e+02  2.19819e+02  3.54166e+05 -5.43368e+05  1.03960e+03  0.00000e+00 -1.88162e+05  6.31606e+04 -1.25002e+05  7.47226e-02  1.00000e+00 -1.00484e+02  0.00000e+00  9.62155e-01 
 6.19261e-03  4.18701e-03  0.00000e+00  3.47944e+00  1.59996e-04  3.59425e+02  3.60047e+02  4.17552e+00  4.20202e+00  8.55836e-02  1.06053e+02  2.17857e+02  4.55907e+05 -6.36122e+05  1.02763e+03  0.00000e+00 -1.79188e+05  5.74546e+04 -1.21734e+05  8.55955e-02  1.00000e+00 -1.05649e+02  0.00000e+00  1.08627e+00 
 6.35626e-03  4.42546e-03  0.00000e+00  3.47944e+00  1.61283e-04  3.59481e+02  3.60047e+02  4.15824e+00  4.18459e+00  9.76056e-02  1.10452e+02  2.16119e+02  5.73094e+05 -7.43357e+05  1.01640e+03  0.00000e+00 -1.69247e+05  5.20299e+04 -1.17217e+05  9.76201e-02  1.00000e+00 -1.09993e+02  0.00000e+00  1.23059e+00 
 6.52453e-03  4.66392e-03 -8.96437e-21  3.47944e+00  1.62533e-04  3.59536e+02  3.60047e+02  4.13897e+00  4.16515e+00  1.10733e-01  1.13694e+02  2.14458e+02  7.06111e+05 -8.65366e+05  1.00485e+03  0.00000e+00 -1.58250e+05  4.68251e+04 -1.11425e+05  1.10750e-01  1.00000e+00 -1.13173e+02  0.00000e+00  1.39895e+00 
 6.69707e-03  4.90238e-03  1.72236e-20  3.47944e+00  1.63841e-04  3.59589e+02  3.60047e+02  4.11744e+00  4.14337e+00  1.24905e-01  1.15501e+02  2.12745e+02  8.53836e+05 -1.00173e+06  9.92864e+02  0.00000e+00 -1.46905e+05  4.18144e+04 -1.05090e+05  1.24923e-01  1.00000e+00 -1.14914e+02  0.00000e+00  1.59462e+00 
 6.87356e-03  5.14086e-03  8.28595e-21  3.47944e+00  1.65290e-04  3.59639e+02  3.60047e+02  4.09333e+00  4.11899e+00  1.40007e-01  1.15612e+02  2.10881e+02  1.01510e+06 -1.15140e+06  9.79477e+02  0.00000e+00 -1.35324e+05  3.69914e+04 -9.83325e+04  1.40025e-01  1.00000e+00 -1.14956e+02  0.00000e+00  1.82228e+00 
 7.05370e-03  5.37934e-03 -1.59677e-20  3.47944e+00  1.66945e-04  3.59687e+02  3.60047e+02  4.06629e+00  4.09168e+00  1.55884e-01  1.13938e+02  2.08791e+02  1.18768e+06 -1.31247e+06  9.64675e+02  0.00000e+00 -1.23822e+05  3.23954e+04 -9.14264e+04  1.55904e-01  1.00000e+00 -1.13211e+02  0.00000e+00  2.08692e+00 
 7.23722e-03  5.61783e-03  0.00000e+00  3.47944e+00  1.68852e-04  3.59731e+02  3.60047e+02  4.03595e+00  4.06106e+00  1.72423e-01  1.10454e+02  2.06433e+02  1.36837e+06 -1.48285e+06  9.47963e+02  0.00000e+00 -1.13537e+05  2.80483e+04 -8.54888e+04  1.72443e-01  1.00000e+00 -1.09656e+02  0.00000e+00  2.39381e+00 
 7.42387e-03  5.85632e-03  0.00000e+00  3.47944e+00  1.71026e-04  3.59773e+02  3.60047e+02  4.00193e+00  4.02677e+00  1.89407e-01  1.05280e+02  2.03809e+02  1.55402e+06 -1.65971e+06  9.29396e+02  0.00000e+00 -1.04760e+05  2.40036e+04 -8.07564e+04  1.89427e-01  1.00000e+00 -1.04412e+02  0.00000e+00  2.74954e+00 
 7.61342e-03  6.09482e-03  0.00000e+00  3.47944e+00  1.73440e-04  3.59811e+02  3.60047e+02  3.96390e+00  3.98846e+00  2.06601e-01  9.85951e+01  2.00973e+02  1.74160e+06 -1.84033e+06  9.08815e+02  0.00000e+00 -9.78280e+04  2.02966e+04 -7.75314e+04  2.06622e-01  1.00000e+00 -9.76608e+01  0.00000e+00  3.16162e+00 
 7.80566e-03  6.33332e-03  0.00000e+00  3.47944e+00  1.76032e-04  3.59847e+02  3.60047e+02  3.92154e+00  3.94582e+00  2.23722e-01  9.06795e+01  1.98014e+02  1.92781e+06 -2.02183e+06  8.87063e+02  0.00000e+00 -9.31312e+04  1.69588e+04 -7.61724e+04  2.23744e-01  1.00000e+00 -8.96821e+01  0.00000e+00  3.63637e+00 
 8.00039e-03  6.57182e-03  0.00000e+00  3.47944e+00  1.78678e-04  3.59879e+02  3.60047e+02  3.87458e+00  3.89856e+00  2.40565e-01  8.18763e+01  1.95083e+02  2.11276e+06 -2.20425e+06  8.64333e+02  0.00000e+00 -9.06285e+04  1.40026e+04 -7.66259e+04  2.40588e-01  1.00000e+00 -8.08199e+01  0.00000e+00  4.18586e+00 
 8.19744e-03  6.81033e-03  1.31016e-20  3.47944e+00  1.81230e-04  3.59908e+02  3.60047e+02  3.82273e+00  3.84639e+00  2.56926e-01  7.25329e+01  1.92336e+02  2.29716e+06 -2.38853e+06  8.41693e+02  0.00000e+00 -9.05253e+04  1.14232e+04 -7.91021e+04  2.56950e-01  1.00000e+00 -7.14209e+01  0.00000e+00  4.82231e+00 
 8.39664e-03  7.04884e-03  0.00000e+00  3.47944e+00  1.83475e-04  3.59935e+02  3.60048e+02  3.76564e+00  3.78891e+00  2.72736e-01  6.29392e+01  1.89984e+02  2.48588e+06 -2.58022e+06  8.19650e+02  0.00000e+00 -9.35237e+04  9.19366e+03 -8.43301e+04  2.72761e-01  1.00000e+00 -6.17734e+01  0.00000e+00  5.56784e+00 
 8.59784e-03  7.28736e-03  0.00000e+00  3.47944e+00  1.85192e-04  3.59959e+02  3.60048e+02  3.70273e+00  3.72556e+00  2.87898e-01  5.32775e+01  1.88223e+02  2.68524e+06 -2.78613e+06  7.99224e+02  0.00000e+00 -1.00090e+05  7.27164e+03 -9.28182e+04  2.87925e-01  1.00000e+00 -5.20575e+01  0.00000e+00  6.44929e+00 
 8.80092e-03  7.52587e-03  0.00000e+00  3.47944e+00  1.86079e-04  3.59982e+02  3.60048e+02  3.63338e+00  3.65564e+00  3.02443e-01  4.36145e+01  1.87327e+02  2.90824e+06 -3.02030e+06  7.80861e+02  0.00000e+00 -1.11279e+05  5.60259e+03 -1.05676e+05  3.02470e-01  1.00000e+00 -4.23362e+01  0.00000e+00  7.51685e+00 
 9.00573e-03  7.76439e-03 -1.17014e-20  3.47944e+00  1.85864e-04  3.60003e+02  3.60048e+02  3.55578e+00  3.57735e+00  3.16369e-01  3.38169e+01  1.87545e+02  3.16945e+06 -3.29902e+06  7.65524e+02  0.00000e+00 -1.28810e+05  4.11291e+03 -1.24697e+05  3.16399e-01  1.00000e+00 -3.24725e+01  0.00000e+00  8.83369e+00 
 9.21216e-03  8.00291e-03  0.00000e+00  3.47944e+00  1.84142e-04  3.60023e+02  3.60049e+02  3.46955e+00  3.49018e+00  3.29860e-01  2.35468e+01  1.89299e+02  3.49793e+06 -3.65479e+06  7.53831e+02  0.00000e+00 -1.56102e+05  2.71245e+03 -1.53390e+05  3.29892e-01  1.00000e+00 -2.21217e+01  0.00000e+00  1.05279e+01 
 9.42012e-03  8.24144e-03  0.00000e+00  3.47944e+00  1.80551e-04  3.60043e+02  3.60049e+02  3.36841e+00  3.38798e+00  3.42962e-01  1.19924e+01  1.93066e+02  3.93169e+06 -4.13066e+06  7.46257e+02  0.00000e+00 -1.98217e+05  1.25864e+03 -1.96959e+05  3.42999e-01  1.00000e+00 -1.04645e+01  0.00000e+00  1.27821e+01 
 9.62949e-03  8.47996e-03  0.00000e+00  3.47944e+00  1.74473e-04  3.60064e+02  3.60049e+02  3.25510e+00  3.27326e+00  3.55937e-01 -5.71978e+00  1.99793e+02  4.55773e+06 -4.82102e+06  7.44197e+02  0.00000e+00 -2.62550e+05 -1.08871e+03 -2.63638e+05  3.55989e-01  1.00000e+00  9.07810e+00  0.00000e+00  1.60279e+01 
 9.84019e-03  8.71849e-03  0.00000e+00  3.47944e+00  1.65327e-04  3.60090e+02  3.60050e+02  3.10524e+00  3.12159e+00  3.68768e-01 -5.32308e+01  2.10848e+02  5.50794e+06 -5.87980e+06  7.50265e+02  0.00000e+00 -3.71111e+05 -6.95612e+03 -3.78067e+05  3.68826e-01  1.00000e+00  5.69427e+01  0.00000e+00  2.09315e+01 
 1.00521e-02  8.95702e-03  0.00000e+00  3.47944e+00  1.51793e-04  3.60131e+02  3.60050e+02  2.93324e+00  2.94802e+00  3.81560e-01 -1.50708e+02  2.29649e+02  7.21263e+06 -7.74908e+06  7.65916e+02  0.00000e+00 -5.35684e+05 -1.99268e+04 -5.55611e+05  3.81626e-01  1.00000e+00  1.54960e+02  0.00000e+00  2.97926e+01 
 1.02653e-02  9.19555e-03  0.00000e+00  3.47944e+00  1.33218e-04  3.60225e+02  3.60051e+02  2.66439e+00  2.67691e+00  3.94924e-01 -4.43161e+02  2.61672e+02  1.07690e+07 -1.15034e+07  7.86057e+02  0.00000e+00 -7.33612e+05 -6.34611e+04 -7.97073e+05  3.95004e-01  1.00000e+00  4.48271e+02  0.00000e+00  4.95098e+01 
 1.04795e-02  9.43408e-03  0.00000e+00  3.47944e+00  1.10374e-04  3.60588e+02  3.60052e+02  2.23368e+00  2.24118e+00  4.12359e-01 -5.13072e+03  3.15836e+02  2.09842e+07 -2.06034e+07  8.28244e+02  1.95501e+06  2.33667e+06 -2.45304e+06 -1.16373e+05  4.12426e-01  1.00000e+00  5.13724e+03  3.15792e+03  1.24675e+02 
