# Code_Saturne plot output (1D profile)
#
# Iteration output: 2956
# Time output:      2.30002e+01
#
#COLUMN_TITLES: Distance | X | Y | Z | diameter_Field2 | temp_Field1 | temp_Field2 | Velocity_Field1[Z] | Velocity_Field2[Z] | vol_f_Field2 | mass_trans_Field1 | Xd_Field2 | BK | COAL | COMP | NUCL | W1 | MT | SMBR | ALPBB | CONDNUM | GAMA | GAMANUC | epsilon_Field1
 4.56474e-03  1.39645e-04  0.00000e+00  3.47944e+00  1.89686e-05  3.59050e+02  3.60055e+02  4.20820e+00  4.20946e+00  6.94084e-03  2.41361e+02  1.83719e+03  1.44996e-85 -2.24534e+06  9.39089e+03  0.00000e+00 -2.23595e+06  3.69126e+07  3.46767e+07  6.90246e-03  1.00000e+00 -2.41366e+02  0.00000e+00  4.41527e-01 
 4.57812e-03  3.76525e-04  4.25872e-21  3.47944e+00  3.63894e-05  3.59050e+02  3.60055e+02  4.20785e+00  4.21132e+00  8.48077e-03  1.16766e+02  9.57670e+02  4.44481e-23 -9.15167e+05  4.86223e+03  0.00000e+00 -9.10305e+05  7.62542e+06  6.71512e+06  8.43110e-03  1.00000e+00 -1.16768e+02  0.00000e+00  4.45485e-01 
 4.60371e-03  6.13858e-04  0.00000e+00  3.47944e+00  5.29892e-05  3.59052e+02  3.60055e+02  4.20649e+00  4.21276e+00  9.55580e-03  7.66905e+01  6.57662e+02  1.30838e-08 -5.47828e+05  3.33650e+03  0.00000e+00 -5.44492e+05  3.05385e+06  2.50936e+06  9.49996e-03  1.00000e+00 -7.66922e+01  0.00000e+00  4.53095e-01 
 4.64138e-03  8.51483e-04  0.00000e+00  3.47944e+00  6.76415e-05  3.59057e+02  3.60055e+02  4.20436e+00  4.21361e+00  1.06564e-02  6.00254e+01  5.15202e+02  3.38498e-03 -4.06249e+05  2.61404e+03  0.00000e+00 -4.03635e+05  1.67926e+06  1.27563e+06  1.05956e-02  1.00000e+00 -6.00267e+01  0.00000e+00  4.64452e-01 
 4.69084e-03  1.08931e-03  0.00000e+00  3.47944e+00  8.06129e-05  3.59065e+02  3.60055e+02  4.20143e+00  4.21330e+00  1.19968e-02  5.26993e+01  4.32300e+02  1.57782e+00 -3.42475e+05  2.19505e+03  0.00000e+00 -3.40278e+05  1.09888e+06  7.58603e+05  1.19304e-02  1.00000e+00 -5.27004e+01  0.00000e+00  4.79802e-01 
 4.75174e-03  1.32727e-03  1.05001e-20  3.47944e+00  9.25126e-05  3.59076e+02  3.60055e+02  4.19776e+00  4.21206e+00  1.35887e-02  4.89921e+01  3.76694e+02  5.92000e+01 -3.10438e+05  1.91360e+03  0.00000e+00 -3.08465e+05  7.85839e+05  4.77374e+05  1.35163e-02  1.00000e+00 -4.89932e+01  0.00000e+00  4.99471e-01 
 4.82366e-03  1.56534e-03  0.00000e+00  3.47944e+00  1.03764e-04  3.59091e+02  3.60055e+02  4.19329e+00  4.20989e+00  1.54619e-02  4.71661e+01  3.35850e+02  6.42379e+02 -2.94573e+05  1.70662e+03  0.00000e+00 -2.92224e+05  5.92726e+05  3.00503e+05  1.53832e-02  1.00000e+00 -4.71672e+01  0.00000e+00  5.23839e-01 
 4.90611e-03  1.80349e-03  8.81027e-21  3.47944e+00  1.14534e-04  3.59108e+02  3.60055e+02  4.18799e+00  4.20677e+00  1.76533e-02  4.64960e+01  3.04267e+02  3.40333e+03 -2.88855e+05  1.54611e+03  0.00000e+00 -2.83905e+05  4.63566e+05  1.79660e+05  1.75678e-02  1.00000e+00 -4.64971e+01  0.00000e+00  5.53426e-01 
 4.99859e-03  2.04170e-03  0.00000e+00  3.47944e+00  1.24816e-04  3.59128e+02  3.60055e+02  4.18183e+00  4.20267e+00  2.02010e-02  4.66865e+01  2.79202e+02  1.13685e+04 -2.90759e+05  1.41847e+03  0.00000e+00 -2.77972e+05  3.73178e+05  9.52062e+04  2.01084e-02  1.00000e+00 -4.66876e+01  0.00000e+00  5.88806e-01 
 5.10055e-03  2.27996e-03  7.58893e-21  3.47944e+00  1.34524e-04  3.59151e+02  3.60055e+02  4.17479e+00  4.19752e+00  2.31564e-02  4.75822e+01  2.59054e+02  2.77450e+04 -2.99380e+05  1.31543e+03  0.00000e+00 -2.70320e+05  3.07783e+05  3.74629e+04  2.30561e-02  1.00000e+00 -4.75833e+01  0.00000e+00  6.30727e-01 
 5.21143e-03  2.51826e-03  7.09702e-21  3.47944e+00  1.43583e-04  3.59177e+02  3.60055e+02  4.16680e+00  4.19125e+00  2.65649e-02  4.91062e+01  2.42710e+02  5.43965e+04 -3.14276e+05  1.23157e+03  0.00000e+00 -2.58648e+05  2.59353e+05  7.05066e+02  2.64564e-02  1.00000e+00 -4.91074e+01  0.00000e+00  6.80034e-01 
 5.33068e-03  2.75659e-03  1.33300e-20  3.47944e+00  1.52004e-04  3.59205e+02  3.60055e+02  4.15781e+00  4.18379e+00  3.04956e-02  5.11707e+01  2.29265e+02  9.14852e+04 -3.35406e+05  1.16213e+03  0.00000e+00 -2.42759e+05  2.22329e+05 -2.04294e+04  3.03782e-02  1.00000e+00 -5.11720e+01  0.00000e+00  7.37767e-01 
 5.45775e-03  2.99495e-03  1.25651e-20  3.47944e+00  1.59892e-04  3.59236e+02  3.60055e+02  4.14775e+00  4.17512e+00  3.49978e-02  5.36799e+01  2.17954e+02  1.38078e+05 -3.62416e+05  1.10344e+03  0.00000e+00 -2.23235e+05  1.93157e+05 -3.00777e+04  3.48712e-02  1.00000e+00 -5.36813e+01  0.00000e+00  8.05087e-01 
 5.59212e-03  3.23333e-03  0.00000e+00  3.47944e+00  1.67444e-04  3.59268e+02  3.60055e+02  4.13651e+00  4.16514e+00  4.01560e-02  5.65059e+01  2.08123e+02  1.92861e+05 -3.95131e+05  1.05198e+03  0.00000e+00 -2.01218e+05  1.69177e+05 -3.20407e+04  4.00200e-02  1.00000e+00 -5.65074e+01  0.00000e+00  8.83397e-01 
 5.73326e-03  3.47172e-03  0.00000e+00  3.47944e+00  1.74911e-04  3.59302e+02  3.60055e+02  4.12400e+00  4.15383e+00  4.60155e-02  5.94924e+01  1.99239e+02  2.54331e+05 -4.32721e+05  1.00530e+03  0.00000e+00 -1.77385e+05  1.48773e+05 -2.86122e+04  4.58697e-02  1.00000e+00 -5.94941e+01  0.00000e+00  9.74294e-01 
 5.88069e-03  3.71014e-03 -5.35987e-21  3.47944e+00  1.82582e-04  3.59338e+02  3.60055e+02  4.11009e+00  4.14113e+00  5.26737e-02  6.24674e+01  1.90868e+02  3.20756e+05 -4.74540e+05  9.60947e+02  0.00000e+00 -1.52823e+05  1.30709e+05 -2.21136e+04  5.25179e-02  1.00000e+00 -6.24693e+01  0.00000e+00  1.07971e+00 
 6.03395e-03  3.94857e-03  5.10973e-21  3.47944e+00  1.90759e-04  3.59375e+02  3.60055e+02  4.09464e+00  4.12694e+00  6.01562e-02  6.52140e+01  1.82687e+02  3.89899e+05 -5.18921e+05  9.17578e+02  0.00000e+00 -1.28105e+05  1.14345e+05 -1.37598e+04  5.99901e-02  1.00000e+00 -6.52160e+01  0.00000e+00  1.20179e+00 
 6.19261e-03  4.18701e-03  0.00000e+00  3.47944e+00  1.99759e-04  3.59413e+02  3.60055e+02  4.07747e+00  4.11117e+00  6.85592e-02  6.69844e+01  1.74456e+02  4.59000e+05 -5.64463e+05  8.73705e+02  0.00000e+00 -1.04590e+05  9.83973e+04 -6.19281e+03  6.83829e-02  1.00000e+00 -6.69866e+01  0.00000e+00  1.34316e+00 
 6.35626e-03  4.42546e-03  0.00000e+00  3.47944e+00  2.09860e-04  3.59451e+02  3.60055e+02  4.05837e+00  4.09367e+00  7.78665e-02  6.77438e+01  1.66060e+02  5.24783e+05 -6.08724e+05  8.29069e+02  0.00000e+00 -8.31121e+04  8.33915e+04  2.79445e+02  7.76801e-02  1.00000e+00 -6.77462e+01  0.00000e+00  1.50664e+00 
 6.52453e-03  4.66392e-03 -8.96437e-21  3.47944e+00  2.21296e-04  3.59490e+02  3.60055e+02  4.03712e+00  4.07424e+00  8.81432e-02  6.75868e+01  1.57479e+02  5.83966e+05 -6.50053e+05  7.83197e+02  0.00000e+00 -6.53042e+04  6.96928e+04  4.38866e+03  8.79467e-02  1.00000e+00 -6.75894e+01  0.00000e+00  1.69573e+00 
 6.69707e-03  4.90238e-03  1.72236e-20  3.47944e+00  2.34234e-04  3.59529e+02  3.60055e+02  4.01343e+00  4.05245e+00  9.92807e-02  6.63951e+01  1.48780e+02  6.33674e+05 -6.85843e+05  7.36891e+02  0.00000e+00 -5.14322e+04  5.74195e+04  5.98725e+03  9.90759e-02  1.00000e+00 -6.63978e+01  0.00000e+00  1.91392e+00 
 6.87356e-03  5.14086e-03  8.28595e-21  3.47944e+00  2.48759e-04  3.59569e+02  3.60055e+02  3.98704e+00  4.02818e+00  1.11268e-01  6.41862e+01  1.40093e+02  6.72053e+05 -7.14942e+05  6.90369e+02  0.00000e+00 -4.21978e+04  4.66317e+04  4.43386e+03  1.11056e-01  1.00000e+00 -6.41890e+01  0.00000e+00  2.16574e+00 
 7.05370e-03  5.37934e-03 -1.59677e-20  3.47944e+00  2.64785e-04  3.59608e+02  3.60055e+02  3.95761e+00  4.00103e+00  1.23952e-01  6.10503e+01  1.31614e+02  6.98377e+05 -7.36276e+05  6.45046e+02  0.00000e+00 -3.72545e+04  3.74000e+04  1.45498e+02  1.23735e-01  1.00000e+00 -6.10532e+01  0.00000e+00  2.45525e+00 
 7.23722e-03  5.61783e-03  0.00000e+00  3.47944e+00  2.82021e-04  3.59647e+02  3.60055e+02  3.92492e+00  3.97072e+00  1.37167e-01  5.71387e+01  1.23571e+02  7.13699e+05 -7.50185e+05  6.01617e+02  0.00000e+00 -3.58846e+04  2.96936e+04 -6.19104e+03  1.36948e-01  1.00000e+00 -5.71416e+01  0.00000e+00  2.78842e+00 
 7.42387e-03  5.85632e-03  0.00000e+00  3.47944e+00  2.99958e-04  3.59686e+02  3.60055e+02  3.88867e+00  3.93694e+00  1.50742e-01  5.26813e+01  1.16182e+02  7.20008e+05 -7.57991e+05  5.61532e+02  0.00000e+00 -3.74211e+04  2.34180e+04 -1.40031e+04  1.50523e-01  1.00000e+00 -5.26843e+01  0.00000e+00  3.16983e+00 
 7.61342e-03  6.09482e-03  0.00000e+00  3.47944e+00  3.17825e-04  3.59726e+02  3.60056e+02  3.84877e+00  3.89942e+00  1.64389e-01  4.78635e+01  1.09651e+02  7.21037e+05 -7.61882e+05  5.25334e+02  0.00000e+00 -4.03198e+04  1.84096e+04 -2.19102e+04  1.64174e-01  1.00000e+00 -4.78666e+01  0.00000e+00  3.60869e+00 
 7.80566e-03  6.33332e-03  0.00000e+00  3.47944e+00  3.34792e-04  3.59765e+02  3.60056e+02  3.80486e+00  3.85772e+00  1.78058e-01  4.28829e+01  1.04094e+02  7.19937e+05 -7.65033e+05  4.93942e+02  0.00000e+00 -4.46024e+04  1.44531e+04 -3.01493e+04  1.77847e-01  1.00000e+00 -4.28860e+01  0.00000e+00  4.11145e+00 
 8.00039e-03  6.57182e-03  0.00000e+00  3.47944e+00  3.49884e-04  3.59805e+02  3.60056e+02  3.75700e+00  3.81170e+00  1.91411e-01  3.78017e+01  9.96042e+01  7.21107e+05 -7.70282e+05  4.67265e+02  0.00000e+00 -4.87070e+04  1.13380e+04 -3.73690e+04  1.91207e-01  1.00000e+00 -3.78048e+01  0.00000e+00  4.69515e+00 
 8.19744e-03  6.81033e-03  1.31016e-20  3.47944e+00  3.62433e-04  3.59846e+02  3.60056e+02  3.70441e+00  3.76048e+00  2.04610e-01  3.26447e+01  9.61561e+01  7.26670e+05 -7.80953e+05  4.45492e+02  0.00000e+00 -5.38381e+04  8.84079e+03 -4.49974e+04  2.04412e-01  1.00000e+00 -3.26479e+01  0.00000e+00  5.37161e+00 
 8.39664e-03  7.04884e-03  0.00000e+00  3.47944e+00  3.71695e-04  3.59887e+02  3.60056e+02  3.64731e+00  3.70418e+00  2.17332e-01  2.73034e+01  9.37602e+01  7.40530e+05 -7.99661e+05  4.28006e+02  0.00000e+00 -5.87028e+04  6.78664e+03 -5.19161e+04  2.17143e-01  1.00000e+00 -2.73067e+01  0.00000e+00  6.17506e+00 
 8.59784e-03  7.28736e-03  0.00000e+00  3.47944e+00  3.77462e-04  3.59930e+02  3.60056e+02  3.58353e+00  3.64058e+00  2.29854e-01  2.16031e+01  9.23283e+01  7.63692e+05 -8.29169e+05  4.14622e+02  0.00000e+00 -6.50631e+04  4.99897e+03 -6.00641e+04  2.29670e-01  1.00000e+00 -2.16066e+01  0.00000e+00  7.12973e+00 
 8.80092e-03  7.52587e-03  0.00000e+00  3.47944e+00  3.79296e-04  3.59974e+02  3.60057e+02  3.51458e+00  3.57107e+00  2.42000e-01  1.52705e+01  9.18823e+01  8.00520e+05 -8.73188e+05  4.04717e+02  0.00000e+00 -7.22627e+04  3.33973e+03 -6.89230e+04  2.41824e-01  1.00000e+00 -1.52742e+01  0.00000e+00  8.30621e+00 
 9.00573e-03  7.76439e-03 -1.17014e-20  3.47944e+00  3.77287e-04  3.60021e+02  3.60057e+02  3.43423e+00  3.48955e+00  2.54015e-01  7.87412e+00  9.23720e+01  8.52865e+05 -9.35366e+05  3.97771e+02  0.00000e+00 -8.21026e+04  1.64957e+03 -8.04530e+04  2.53844e-01  1.00000e+00 -7.87798e+00  0.00000e+00  9.76412e+00 
 9.21216e-03  8.00291e-03  0.00000e+00  3.47944e+00  3.71057e-04  3.60071e+02  3.60057e+02  3.34904e+00  3.40249e+00  2.65743e-01 -2.80877e+00  9.39234e+01  9.29190e+05 -1.02306e+06  3.93610e+02  0.00000e+00 -9.34748e+04 -5.69653e+02 -9.40444e+04  2.65580e-01  1.00000e+00  2.79950e+00  0.00000e+00  1.16794e+01 
 9.42012e-03  8.24144e-03  0.00000e+00  3.47944e+00  3.60854e-04  3.60127e+02  3.60057e+02  3.24107e+00  3.29205e+00  2.77579e-01 -2.97710e+01  9.65797e+01  1.03472e+06 -1.14492e+06  3.91755e+02  0.00000e+00 -1.09807e+05 -5.96096e+03 -1.15768e+05  2.77419e-01  1.00000e+00  2.97609e+01  0.00000e+00  1.42094e+01 
 9.62949e-03  8.47996e-03  0.00000e+00  3.47944e+00  3.45613e-04  3.60193e+02  3.60058e+02  3.12789e+00  3.17490e+00  2.89340e-01 -6.83091e+01  1.00839e+02  1.19442e+06 -1.32408e+06  3.93562e+02  0.00000e+00 -1.29271e+05 -1.37011e+04 -1.42972e+05  2.89187e-01  1.00000e+00  6.82979e+01  0.00000e+00  1.79086e+01 
 9.84019e-03  8.71849e-03  0.00000e+00  3.47944e+00  3.25449e-04  3.60278e+02  3.60058e+02  2.96601e+00  3.00946e+00  3.01348e-01 -1.29474e+02  1.07088e+02  1.43346e+06 -1.59143e+06  3.96685e+02  0.00000e+00 -1.57567e+05 -2.64791e+04 -1.84046e+05  3.01197e-01  1.00000e+00  1.29462e+02  0.00000e+00  2.34299e+01 
 1.00521e-02  8.95702e-03  0.00000e+00  3.47944e+00  2.99244e-04  3.60402e+02  3.60059e+02  2.79599e+00  2.83591e+00  3.13439e-01 -2.42226e+02  1.16467e+02  1.84815e+06 -2.01393e+06  4.02953e+02  0.00000e+00 -1.65383e+05 -5.17958e+04 -2.17179e+05  3.13293e-01  1.00000e+00  2.42211e+02  0.00000e+00  3.36239e+01 
 1.02653e-02  9.19555e-03  0.00000e+00  3.47944e+00  2.69649e-04  3.60625e+02  3.60059e+02  2.50405e+00  2.54035e+00  3.27043e-01 -4.91082e+02  1.29251e+02  2.59829e+06 -2.63019e+06  3.96835e+02  0.00000e+00 -3.15004e+04 -1.11684e+05 -1.43185e+05  3.26898e-01  1.00000e+00  4.91064e+02  0.00000e+00  5.60663e+01 
 1.04795e-02  9.43408e-03  0.00000e+00  3.47944e+00  2.51362e-04  3.61202e+02  3.60060e+02  2.06699e+00  2.09380e+00  3.43464e-01 -4.32354e+03  1.38656e+02  3.93144e+06 -2.70503e+06  3.64832e+02  6.32176e+05  1.85896e+06 -1.85339e+06  5.56729e+03  3.43337e-01  1.00000e+00  4.32352e+03  3.15210e+03  1.42833e+02 
