# Code_Saturne plot output (1D profile)
#
# Iteration output: 4214
# Time output:      2.30005e+01
#
#COLUMN_TITLES: Distance | X | Y | Z | diameter_Field2 | temp_Field1 | temp_Field2 | Velocity_Field1[Z] | Velocity_Field2[Z] | vol_f_Field2 | mass_trans_Field1 | Xd_Field2 | BK | COAL | COMP | NUCL | W1 | MT | SMBR | ALPBB | CONDNUM | GAMA | GAMANUC | epsilon_Field1
 4.56474e-03  1.39645e-04  0.00000e+00  3.47944e+00  7.33038e-04  3.60199e+02  3.60077e+02  6.42908e+00  6.56547e+00  4.78307e-01 -2.28181e+01  4.74799e+01  1.98427e+05 -2.48830e+05  6.07639e+02  0.00000e+00 -4.97954e+04 -8.59418e+02 -5.06548e+04  4.78308e-01  1.00000e+00  2.28243e+01  0.00000e+00  3.99472e+00 
 4.57812e-03  3.76525e-04  4.25872e-21  3.47944e+00  7.35220e-04  3.60199e+02  3.60077e+02  6.42773e+00  6.56476e+00  4.78530e-01 -2.27296e+01  4.73390e+01  1.97959e+05 -2.46604e+05  6.05791e+02  0.00000e+00 -4.80392e+04 -8.53147e+02 -4.88924e+04  4.78531e-01  1.00000e+00  2.27358e+01  0.00000e+00  4.01986e+00 
 4.60371e-03  6.13858e-04  0.00000e+00  3.47944e+00  7.36179e-04  3.60199e+02  3.60077e+02  6.42388e+00  6.56111e+00  4.78893e-01 -2.26822e+01  4.72773e+01  1.98388e+05 -2.45418e+05  6.04740e+02  0.00000e+00 -4.64255e+04 -8.49615e+02 -4.72752e+04  4.78894e-01  1.00000e+00  2.26885e+01  0.00000e+00  4.06851e+00 
 4.64138e-03  8.51483e-04  0.00000e+00  3.47944e+00  7.36320e-04  3.60199e+02  3.60077e+02  6.41829e+00  6.55559e+00  4.79442e-01 -2.26642e+01  4.72683e+01  1.99528e+05 -2.44887e+05  6.04219e+02  0.00000e+00 -4.47554e+04 -8.47806e+02 -4.56032e+04  4.79443e-01  1.00000e+00  2.26704e+01  0.00000e+00  4.14107e+00 
 4.69084e-03  1.08931e-03  0.00000e+00  3.47944e+00  7.35711e-04  3.60198e+02  3.60077e+02  6.41083e+00  6.54812e+00  4.80153e-01 -2.26714e+01  4.73073e+01  2.01358e+05 -2.44919e+05  6.04159e+02  0.00000e+00 -4.29570e+04 -8.47522e+02 -4.38045e+04  4.80154e-01  1.00000e+00  2.26777e+01  0.00000e+00  4.23824e+00 
 4.75174e-03  1.32727e-03  1.05001e-20  3.47944e+00  7.34300e-04  3.60198e+02  3.60077e+02  6.40157e+00  6.53874e+00  4.81036e-01 -2.27062e+01  4.73983e+01  2.03896e+05 -2.45570e+05  6.04609e+02  0.00000e+00 -4.10687e+04 -8.48892e+02 -4.19176e+04  4.81037e-01  1.00000e+00  2.27125e+01  0.00000e+00  4.36067e+00 
 4.82366e-03  1.56534e-03  0.00000e+00  3.47944e+00  7.31958e-04  3.60197e+02  3.60077e+02  6.39049e+00  6.52744e+00  4.82081e-01 -2.27731e+01  4.75500e+01  2.07208e+05 -2.46970e+05  6.05677e+02  0.00000e+00 -3.91560e+04 -8.52268e+02 -4.00082e+04  4.82083e-01  1.00000e+00  2.27795e+01  0.00000e+00  4.50929e+00 
 4.90611e-03  1.80349e-03  8.81027e-21  3.47944e+00  7.28555e-04  3.60197e+02  3.60077e+02  6.37760e+00  6.51421e+00  4.83286e-01 -2.28777e+01  4.77721e+01  2.11366e+05 -2.49270e+05  6.07481e+02  0.00000e+00 -3.72972e+04 -8.58037e+02 -3.81552e+04  4.83288e-01  1.00000e+00  2.28841e+01  0.00000e+00  4.68523e+00 
 4.99859e-03  2.04170e-03  0.00000e+00  3.47944e+00  7.23997e-04  3.60196e+02  3.60077e+02  6.36287e+00  6.49902e+00  4.84648e-01 -2.30244e+01  4.80729e+01  2.16444e+05 -2.52617e+05  6.10113e+02  0.00000e+00 -3.55626e+04 -8.66539e+02 -3.64291e+04  4.84650e-01  1.00000e+00  2.30309e+01  0.00000e+00  4.88983e+00 
 5.10055e-03  2.27996e-03  7.58893e-21  3.47944e+00  7.18232e-04  3.60195e+02  3.60077e+02  6.34625e+00  6.48180e+00  4.86160e-01 -2.32167e+01  4.84588e+01  2.22515e+05 -2.57138e+05  6.13636e+02  0.00000e+00 -3.40096e+04 -8.78054e+02 -3.48877e+04  4.86162e-01  1.00000e+00  2.32233e+01  0.00000e+00  5.12470e+00 
 5.21143e-03  2.51826e-03  7.09702e-21  3.47944e+00  7.11267e-04  3.60194e+02  3.60077e+02  6.32776e+00  6.46256e+00  4.87818e-01 -2.34563e+01  4.89335e+01  2.29640e+05 -2.62936e+05  6.18077e+02  0.00000e+00 -3.26772e+04 -8.92762e+02 -3.35700e+04  4.87820e-01  1.00000e+00  2.34631e+01  0.00000e+00  5.39168e+00 
 5.33068e-03  2.75659e-03  1.33300e-20  3.47944e+00  7.03146e-04  3.60193e+02  3.60077e+02  6.30740e+00  6.44132e+00  4.89542e-01 -2.37410e+01  4.94987e+01  2.37920e+05 -2.70050e+05  6.23404e+02  0.00000e+00 -3.15069e+04 -9.10817e+02 -3.24177e+04  4.89544e-01  1.00000e+00  2.37479e+01  0.00000e+00  5.69322e+00 
 5.45775e-03  2.99495e-03  1.25651e-20  3.47944e+00  6.93983e-04  3.60192e+02  3.60077e+02  6.28518e+00  6.41793e+00  4.91463e-01 -2.40607e+01  5.01524e+01  2.47340e+05 -2.78586e+05  6.29621e+02  0.00000e+00 -3.06158e+04 -9.31621e+02 -3.15474e+04  4.91465e-01  1.00000e+00  2.40677e+01  0.00000e+00  6.03230e+00 
 5.59212e-03  3.23333e-03  0.00000e+00  3.47944e+00  6.83869e-04  3.60191e+02  3.60077e+02  6.26094e+00  6.39215e+00  4.93507e-01 -2.44197e+01  5.08942e+01  2.57989e+05 -2.88579e+05  6.36782e+02  0.00000e+00 -2.99532e+04 -9.55536e+02 -3.09088e+04  4.93509e-01  1.00000e+00  2.44269e+01  0.00000e+00  6.41160e+00 
 5.73326e-03  3.47172e-03  0.00000e+00  3.47944e+00  6.72955e-04  3.60189e+02  3.60077e+02  6.23449e+00  6.36378e+00  4.95657e-01 -2.48146e+01  5.17198e+01  2.69901e+05 -3.00043e+05  6.44696e+02  0.00000e+00 -2.94978e+04 -9.82466e+02 -3.04802e+04  4.95658e-01  1.00000e+00  2.48220e+01  0.00000e+00  6.83366e+00 
 5.88069e-03  3.71014e-03 -5.35987e-21  3.47944e+00  6.61343e-04  3.60188e+02  3.60077e+02  6.20572e+00  6.33270e+00  4.97902e-01 -2.52450e+01  5.26280e+01  2.83148e+05 -3.13046e+05  6.53307e+02  0.00000e+00 -2.92449e+04 -1.01247e+03 -3.02574e+04  4.97904e-01  1.00000e+00  2.52526e+01  0.00000e+00  7.30217e+00 
 6.03395e-03  3.94857e-03  5.10973e-21  3.47944e+00  6.49160e-04  3.60187e+02  3.60077e+02  6.17448e+00  6.29876e+00  5.00248e-01 -2.57105e+01  5.36159e+01  2.97779e+05 -3.27646e+05  6.62525e+02  0.00000e+00 -2.92036e+04 -1.04557e+03 -3.02491e+04  5.00251e-01  1.00000e+00  2.57183e+01  0.00000e+00  7.82074e+00 
 6.19261e-03  4.18701e-03  0.00000e+00  3.47944e+00  6.36484e-04  3.60185e+02  3.60078e+02  6.14062e+00  6.26185e+00  5.02669e-01 -2.62137e+01  5.46839e+01  3.13919e+05 -3.43935e+05  6.72305e+02  0.00000e+00 -2.93435e+04 -1.08204e+03 -3.04256e+04  5.02671e-01  1.00000e+00  2.62217e+01  0.00000e+00  8.39476e+00 
 6.35626e-03  4.42546e-03  0.00000e+00  3.47944e+00  6.23404e-04  3.60184e+02  3.60078e+02  6.10400e+00  6.22186e+00  5.05163e-01 -2.67581e+01  5.58316e+01  3.31662e+05 -3.62026e+05  6.82596e+02  0.00000e+00 -2.96811e+04 -1.12213e+03 -3.08033e+04  5.05165e-01  1.00000e+00  2.67664e+01  0.00000e+00  9.02914e+00 
 6.52453e-03  4.66392e-03 -8.96437e-21  3.47944e+00  6.09949e-04  3.60183e+02  3.60078e+02  6.06451e+00  6.17872e+00  5.07698e-01 -2.73520e+01  5.70634e+01  3.51225e+05 -3.82087e+05  6.93404e+02  0.00000e+00 -3.01686e+04 -1.16649e+03 -3.13351e+04  5.07700e-01  1.00000e+00  2.73606e+01  0.00000e+00  9.73259e+00 
 6.69707e-03  4.90238e-03  1.72236e-20  3.47944e+00  5.96180e-04  3.60181e+02  3.60078e+02  6.02194e+00  6.13226e+00  5.10284e-01 -2.80043e+01  5.83816e+01  3.72755e+05 -4.04322e+05  7.04698e+02  0.00000e+00 -3.08616e+04 -1.21571e+03 -3.20773e+04  5.10287e-01  1.00000e+00  2.80132e+01  0.00000e+00  1.05118e+01 
 6.87356e-03  5.14086e-03  8.28595e-21  3.47944e+00  5.82076e-04  3.60180e+02  3.60078e+02  5.97622e+00  6.08245e+00  5.12892e-01 -2.87318e+01  5.97966e+01  3.96617e+05 -4.29029e+05  7.16541e+02  0.00000e+00 -3.16957e+04 -1.27103e+03 -3.29667e+04  5.12894e-01  1.00000e+00  2.87409e+01  0.00000e+00  1.13809e+01 
 7.05370e-03  5.37934e-03 -1.59677e-20  3.47944e+00  5.67679e-04  3.60179e+02  3.60079e+02  5.92693e+00  6.02891e+00  5.15537e-01 -2.95514e+01  6.13135e+01  4.23026e+05 -4.56546e+05  7.28912e+02  0.00000e+00 -3.27909e+04 -1.33358e+03 -3.41245e+04  5.15539e-01  1.00000e+00  2.95609e+01  0.00000e+00  1.23486e+01 
 7.23722e-03  5.61783e-03  0.00000e+00  3.47944e+00  5.52915e-04  3.60178e+02  3.60079e+02  5.87421e+00  5.97181e+00  5.18185e-01 -3.04938e+01  6.29510e+01  4.52604e+05 -4.87383e+05  7.41961e+02  0.00000e+00 -3.40364e+04 -1.40564e+03 -3.54420e+04  5.18188e-01  1.00000e+00  3.05037e+01  0.00000e+00  1.34391e+01 
 7.42387e-03  5.85632e-03  0.00000e+00  3.47944e+00  5.37828e-04  3.60177e+02  3.60079e+02  5.81710e+00  5.91020e+00  5.20861e-01 -3.15906e+01  6.47174e+01  4.85661e+05 -5.22086e+05  7.55630e+02  0.00000e+00 -3.56697e+04 -1.48937e+03 -3.71590e+04  5.20864e-01  1.00000e+00  3.16008e+01  0.00000e+00  1.46633e+01 
 7.61342e-03  6.09482e-03  0.00000e+00  3.47944e+00  5.22280e-04  3.60176e+02  3.60080e+02  5.75637e+00  5.84488e+00  5.23535e-01 -3.28978e+01  6.66445e+01  5.23266e+05 -5.61540e+05  7.70229e+02  0.00000e+00 -3.75038e+04 -1.58903e+03 -3.90928e+04  5.23537e-01  1.00000e+00  3.29085e+01  0.00000e+00  1.60638e+01 
 7.80566e-03  6.33332e-03  0.00000e+00  3.47944e+00  5.06335e-04  3.60175e+02  3.60080e+02  5.68963e+00  5.77345e+00  5.26233e-01 -3.44771e+01  6.87437e+01  5.65872e+05 -6.06647e+05  7.85559e+02  0.00000e+00 -3.99888e+04 -1.70896e+03 -4.16978e+04  5.26236e-01  1.00000e+00  3.44882e+01  0.00000e+00  1.76541e+01 
 8.00039e-03  6.57182e-03  0.00000e+00  3.47944e+00  4.89772e-04  3.60175e+02  3.60081e+02  5.61964e+00  5.69870e+00  5.28932e-01 -3.64361e+01  7.10691e+01  6.15392e+05 -6.58985e+05  8.02301e+02  0.00000e+00 -4.27915e+04 -1.85762e+03 -4.46491e+04  5.28934e-01  1.00000e+00  3.64477e+01  0.00000e+00  1.95124e+01 
 8.19744e-03  6.81033e-03  1.31016e-20  3.47944e+00  4.72697e-04  3.60176e+02  3.60081e+02  5.54007e+00  5.61423e+00  5.31652e-01 -3.89065e+01  7.36370e+01  6.72548e+05 -7.20125e+05  8.19811e+02  0.00000e+00 -4.67568e+04 -2.04471e+03 -4.88015e+04  5.31655e-01  1.00000e+00  3.89186e+01  0.00000e+00  2.16552e+01 
 8.39664e-03  7.04884e-03  0.00000e+00  3.47944e+00  4.54756e-04  3.60177e+02  3.60082e+02  5.45946e+00  5.52868e+00  5.34394e-01 -4.21140e+01  7.65429e+01  7.40990e+05 -7.93104e+05  8.39740e+02  0.00000e+00 -5.12747e+04 -2.28880e+03 -5.35635e+04  5.34396e-01  1.00000e+00  4.21267e+01  0.00000e+00  2.42372e+01 
 8.59784e-03  7.28736e-03  0.00000e+00  3.47944e+00  4.36137e-04  3.60178e+02  3.60082e+02  5.36106e+00  5.42514e+00  5.37162e-01 -4.63742e+01  7.98115e+01  8.22007e+05 -8.80913e+05  8.60127e+02  0.00000e+00 -5.80462e+04 -2.61438e+03 -6.06606e+04  5.37163e-01  1.00000e+00  4.63876e+01  0.00000e+00  2.72792e+01 
 8.80092e-03  7.52587e-03  0.00000e+00  3.47944e+00  4.16245e-04  3.60182e+02  3.60083e+02  5.26845e+00  5.32734e+00  5.39998e-01 -5.22330e+01  8.36265e+01  9.23300e+05 -9.90082e+05  8.85352e+02  0.00000e+00 -6.58959e+04 -3.06917e+03 -6.89650e+04  5.39998e-01  1.00000e+00  5.22471e+01  0.00000e+00  3.11158e+01 
 9.00573e-03  7.76439e-03 -1.17014e-20  3.47944e+00  3.95424e-04  3.60187e+02  3.60083e+02  5.13942e+00  5.19292e+00  5.42863e-01 -6.05805e+01  8.80311e+01  1.04759e+06 -1.12717e+06  9.09581e+02  0.00000e+00 -7.86701e+04 -3.72729e+03 -8.23974e+04  5.42863e-01  1.00000e+00  6.05955e+01  0.00000e+00  3.57741e+01 
 9.21216e-03  8.00291e-03  0.00000e+00  3.47944e+00  3.72604e-04  3.60194e+02  3.60084e+02  5.03296e+00  5.08142e+00  5.45851e-01 -7.30571e+01  9.34235e+01  1.21375e+06 -1.30864e+06  9.44117e+02  0.00000e+00 -9.39380e+04 -4.74403e+03 -9.86820e+04  5.45849e-01  1.00000e+00  7.30731e+01  0.00000e+00  4.20776e+01 
 9.42012e-03  8.24144e-03  0.00000e+00  3.47944e+00  3.48328e-04  3.60207e+02  3.60085e+02  4.85312e+00  4.89609e+00  5.48895e-01 -9.26870e+01  9.99363e+01  1.43136e+06 -1.55276e+06  9.74035e+02  0.00000e+00 -1.20431e+05 -6.40237e+03 -1.26834e+05  5.48894e-01  1.00000e+00  9.27041e+01  0.00000e+00  5.02202e+01 
 9.62949e-03  8.47996e-03  0.00000e+00  3.47944e+00  3.20616e-04  3.60227e+02  3.60086e+02  4.72365e+00  4.76172e+00  5.52162e-01 -1.26456e+02  1.08575e+02  1.75728e+06 -1.91246e+06  1.02754e+03  0.00000e+00 -1.54153e+05 -9.43359e+03 -1.63586e+05  5.52159e-01  1.00000e+00  1.26475e+02  0.00000e+00  6.26355e+01 
 9.84019e-03  8.71849e-03  0.00000e+00  3.47944e+00  2.90093e-04  3.60262e+02  3.60087e+02  4.45169e+00  4.48395e+00  5.55498e-01 -1.90336e+02  1.20002e+02  2.24537e+06 -2.46570e+06  1.07006e+03  0.00000e+00 -2.19259e+05 -1.55987e+04 -2.34858e+05  5.55497e-01  1.00000e+00  1.90356e+02  0.00000e+00  8.09593e+01 
 1.00521e-02  8.95702e-03  0.00000e+00  3.47944e+00  2.53063e-04  3.60329e+02  3.60088e+02  4.25294e+00  4.28062e+00  5.59117e-01 -3.36648e+02  1.37564e+02  3.15627e+06 -3.46861e+06  1.16439e+03  0.00000e+00 -3.11177e+05 -3.14213e+04 -3.42598e+05  5.59116e-01  1.00000e+00  3.36671e+02  0.00000e+00  1.16131e+02 
 1.02653e-02  9.19555e-03  0.00000e+00  3.47944e+00  2.10225e-04  3.60489e+02  3.60089e+02  3.76496e+00  3.78647e+00  5.63081e-01 -7.66850e+02  1.65601e+02  5.04049e+06 -5.48556e+06  1.23461e+03  0.00000e+00 -4.43832e+05 -8.55525e+04 -5.29385e+05  5.63084e-01  1.00000e+00  7.66877e+02  0.00000e+00  1.91412e+02 
 1.04795e-02  9.43408e-03  0.00000e+00  3.47944e+00  1.62249e-04  3.61051e+02  3.60091e+02  3.18858e+00  3.20069e+00  5.68724e-01 -6.68652e+03  2.14574e+02  1.05536e+07 -9.39820e+06  1.38896e+03  7.68202e+05  1.92504e+06 -1.92548e+06 -4.34733e+02  5.68731e-01  1.00000e+00  6.68656e+03  3.85073e+03  4.84367e+02 
