# Code_Saturne plot output (1D profile)
#
# Iteration output: 3694
# Time output:      2.30005e+01
#
#COLUMN_TITLES: Distance | X | Y | Z | diameter_Field2 | temp_Field1 | temp_Field2 | Velocity_Field1[Z] | Velocity_Field2[Z] | vol_f_Field2 | mass_trans_Field1 | Xd_Field2 | BK | COAL | COMP | NUCL | W1 | MT | SMBR | ALPBB | CONDNUM | GAMA | GAMANUC | epsilon_Field1
 4.56474e-03  1.39645e-04  0.00000e+00  3.47944e+00  3.06342e-05  3.59400e+02  3.60050e+02  4.40678e+00  4.41012e+00  2.42401e-02  2.62281e+02  1.13768e+03  4.65763e-38 -3.15091e+06  5.90840e+03  0.00000e+00 -3.14500e+06  6.94938e+06  3.80439e+06  2.42365e-02  1.00000e+00 -2.62405e+02  0.00000e+00  3.80520e-01 
 4.57812e-03  3.76525e-04  4.25872e-21  3.47944e+00  5.50844e-05  3.59398e+02  3.60050e+02  4.40680e+00  4.41485e+00  2.55428e-02  1.19683e+02  6.32699e+02  3.47423e-09 -1.23075e+06  3.27621e+03  0.00000e+00 -1.22747e+06  1.67368e+06  4.46211e+05  2.55397e-02  1.00000e+00 -1.19740e+02  0.00000e+00  3.84437e-01 
 4.60371e-03  6.13858e-04  0.00000e+00  3.47944e+00  7.60630e-05  3.59399e+02  3.60050e+02  4.40573e+00  4.41846e+00  2.68851e-02  8.05080e+01  4.58197e+02  3.17332e-02 -7.51533e+05  2.37284e+03  0.00000e+00 -7.49160e+05  7.74545e+05  2.53856e+04  2.68818e-02  1.00000e+00 -8.05466e+01  0.00000e+00  3.92043e-01 
 4.64138e-03  8.51483e-04  0.00000e+00  3.47944e+00  9.37442e-05  3.59402e+02  3.60050e+02  4.40397e+00  4.42066e+00  2.86700e-02  6.45639e+01  3.71775e+02  1.86143e+01 -5.65718e+05  1.92627e+03  0.00000e+00 -5.63773e+05  4.72615e+05 -9.11578e+04  2.86696e-02  1.00000e+00 -6.45951e+01  0.00000e+00  4.03539e-01 
 4.69084e-03  1.08931e-03  0.00000e+00  3.47944e+00  1.09274e-04  3.59409e+02  3.60050e+02  4.40148e+00  4.42161e+00  3.08804e-02  5.63581e+01  3.18941e+02  5.25339e+02 -4.74086e+05  1.65337e+03  0.00000e+00 -4.71907e+05  3.28594e+05 -1.43314e+05  3.08796e-02  1.00000e+00 -5.63856e+01  0.00000e+00  4.19150e-01 
 4.75174e-03  1.32727e-03  1.05001e-20  3.47944e+00  1.23233e-04  3.59419e+02  3.60050e+02  4.39827e+00  4.42144e+00  3.35495e-02  5.17526e+01  2.82813e+02  3.98535e+03 -4.24983e+05  1.46647e+03  0.00000e+00 -4.19531e+05  2.46277e+05 -1.73254e+05  3.35443e-02  1.00000e+00 -5.17782e+01  0.00000e+00  4.39236e-01 
 4.82366e-03  1.56534e-03  0.00000e+00  3.47944e+00  1.35724e-04  3.59431e+02  3.60050e+02  4.39432e+00  4.42013e+00  3.67312e-02  4.93268e+01  2.56785e+02  1.50271e+04 -4.00968e+05  1.33144e+03  0.00000e+00 -3.84609e+05  1.94669e+05 -1.89940e+05  3.67260e-02  1.00000e+00 -4.93517e+01  0.00000e+00  4.64271e-01 
 4.90611e-03  1.80349e-03  8.81027e-21  3.47944e+00  1.46617e-04  3.59446e+02  3.60050e+02  4.38961e+00  4.41764e+00  4.04799e-02  4.84069e+01  2.37706e+02  3.74093e+04 -3.94629e+05  1.23232e+03  0.00000e+00 -3.55988e+05  1.60463e+05 -1.95525e+05  4.04762e-02  1.00000e+00 -4.84320e+01  0.00000e+00  4.94776e-01 
 4.99859e-03  2.04170e-03  0.00000e+00  3.47944e+00  1.55801e-04  3.59464e+02  3.60050e+02  4.38409e+00  4.41392e+00  4.48313e-02  4.86404e+01  2.23694e+02  7.18585e+04 -4.02433e+05  1.15938e+03  0.00000e+00 -3.29416e+05  1.37002e+05 -1.92413e+05  4.48281e-02  1.00000e+00 -4.86663e+01  0.00000e+00  5.31520e-01 
 5.10055e-03  2.27996e-03  7.58893e-21  3.47944e+00  1.63326e-04  3.59484e+02  3.60050e+02  4.37772e+00  4.40894e+00  4.98704e-02  4.98090e+01  2.13388e+02  1.17096e+05 -4.22921e+05  1.10549e+03  0.00000e+00 -3.04720e+05  1.20306e+05 -1.84413e+05  4.98676e-02  1.00000e+00 -4.98364e+01  0.00000e+00  5.75368e-01 
 5.21143e-03  2.51826e-03  7.09702e-21  3.47944e+00  1.69396e-04  3.59507e+02  3.60050e+02  4.37043e+00  4.40267e+00  5.56378e-02  5.17051e+01  2.05742e+02  1.71792e+05 -4.55002e+05  1.06523e+03  0.00000e+00 -2.82144e+05  1.07931e+05 -1.74214e+05  5.56348e-02  1.00000e+00 -5.17348e+01  0.00000e+00  6.27349e-01 
 5.33068e-03  2.75659e-03  1.33300e-20  3.47944e+00  1.74304e-04  3.59532e+02  3.60050e+02  4.36214e+00  4.39512e+00  6.22151e-02  5.41616e+01  1.99949e+02  2.35501e+05 -4.98406e+05  1.03430e+03  0.00000e+00 -2.61871e+05  9.82598e+04 -1.63611e+05  6.22122e-02  1.00000e+00 -5.41941e+01  0.00000e+00  6.88724e-01 
 5.45775e-03  2.99495e-03  1.25651e-20  3.47944e+00  1.78367e-04  3.59558e+02  3.60050e+02  4.35275e+00  4.38626e+00  6.96550e-02  5.64774e+01  1.95394e+02  3.08485e+05 -5.52885e+05  1.00959e+03  0.00000e+00 -2.43391e+05  8.94347e+04 -1.53956e+05  6.96520e-02  1.00000e+00 -5.65131e+01  0.00000e+00  7.60919e-01 
 5.59212e-03  3.23333e-03  0.00000e+00  3.47944e+00  1.81865e-04  3.59586e+02  3.60050e+02  4.34214e+00  4.37603e+00  7.80093e-02  5.88562e+01  1.91636e+02  3.91314e+05 -6.18440e+05  9.88635e+02  0.00000e+00 -2.26138e+05  8.16225e+04 -1.44515e+05  7.80064e-02  1.00000e+00 -5.88955e+01  0.00000e+00  8.45711e-01 
 5.73326e-03  3.47172e-03  0.00000e+00  3.47944e+00  1.85034e-04  3.59614e+02  3.60050e+02  4.33015e+00  4.36434e+00  8.73108e-02  6.11457e+01  1.88354e+02  4.84211e+05 -6.94928e+05  9.70017e+02  0.00000e+00 -2.09747e+05  7.44686e+04 -1.35278e+05  8.73081e-02  1.00000e+00 -6.11891e+01  0.00000e+00  9.44925e-01 
 5.88069e-03  3.71014e-03 -5.35987e-21  3.47944e+00  1.88086e-04  3.59644e+02  3.60050e+02  4.31662e+00  4.35101e+00  9.75750e-02  6.31343e+01  1.85298e+02  5.87158e+05 -7.81983e+05  9.52259e+02  0.00000e+00 -1.93872e+05  6.76893e+04 -1.26183e+05  9.75720e-02  1.00000e+00 -6.31822e+01  0.00000e+00  1.06091e+00 
 6.03395e-03  3.94857e-03  5.10973e-21  3.47944e+00  1.91207e-04  3.59674e+02  3.60050e+02  4.30135e+00  4.33592e+00  1.08781e-01  6.46574e+01  1.82273e+02  6.99396e+05 -8.78619e+05  9.34529e+02  0.00000e+00 -1.78288e+05  6.11695e+04 -1.17118e+05  1.08778e-01  1.00000e+00 -6.47102e+01  0.00000e+00  1.19620e+00 
 6.19261e-03  4.18701e-03  0.00000e+00  3.47944e+00  1.94569e-04  3.59704e+02  3.60050e+02  4.28411e+00  4.31877e+00  1.20954e-01  6.55418e+01  1.79124e+02  8.19333e+05 -9.83755e+05  9.15905e+02  0.00000e+00 -1.63506e+05  5.48064e+04 -1.08699e+05  1.20950e-01  1.00000e+00 -6.55996e+01  0.00000e+00  1.35366e+00 
 6.35626e-03  4.42546e-03  0.00000e+00  3.47944e+00  1.98311e-04  3.59733e+02  3.60050e+02  4.26463e+00  4.29941e+00  1.33984e-01  6.56458e+01  1.75744e+02  9.44622e+05 -1.09489e+06  8.95848e+02  0.00000e+00 -1.49369e+05  4.86237e+04 -1.00745e+05  1.33980e-01  1.00000e+00 -6.57089e+01  0.00000e+00  1.53653e+00 
 6.52453e-03  4.66392e-03 -8.96437e-21  3.47944e+00  2.02546e-04  3.59762e+02  3.60050e+02  4.24264e+00  4.27755e+00  1.47786e-01  6.48538e+01  1.72070e+02  1.07214e+06 -1.20935e+06  8.73758e+02  0.00000e+00 -1.36332e+05  4.26440e+04 -9.36880e+04  1.47782e-01  1.00000e+00 -6.49221e+01  0.00000e+00  1.74840e+00 
 6.69707e-03  4.90238e-03  1.72236e-20  3.47944e+00  2.07349e-04  3.59790e+02  3.60050e+02  4.21783e+00  4.25294e+00  1.62175e-01  6.31232e+01  1.68085e+02  1.19803e+06 -1.32344e+06  8.49802e+02  0.00000e+00 -1.24558e+05  3.69512e+04 -8.76063e+04  1.62171e-01  1.00000e+00 -6.31964e+01  0.00000e+00  1.99247e+00 
 6.87356e-03  5.14086e-03  8.28595e-21  3.47944e+00  2.12734e-04  3.59817e+02  3.60051e+02  4.18993e+00  4.22527e+00  1.76968e-01  6.04615e+01  1.63830e+02  1.31905e+06 -1.43400e+06  8.23814e+02  0.00000e+00 -1.14125e+05  3.16175e+04 -8.25077e+04  1.76964e-01  1.00000e+00 -6.05393e+01  0.00000e+00  2.27315e+00 
 7.05370e-03  5.37934e-03 -1.59677e-20  3.47944e+00  2.18673e-04  3.59843e+02  3.60051e+02  4.15866e+00  4.19430e+00  1.91943e-01  5.69731e+01  1.59381e+02  1.43191e+06 -1.53788e+06  7.96570e+02  0.00000e+00 -1.05182e+05  2.67269e+04 -7.84553e+04  1.91938e-01  1.00000e+00 -5.70550e+01  0.00000e+00  2.59385e+00 
 7.23722e-03  5.61783e-03  0.00000e+00  3.47944e+00  2.25052e-04  3.59868e+02  3.60051e+02  4.12384e+00  4.15980e+00  2.06928e-01  5.27965e+01  1.54864e+02  1.53506e+06 -1.63387e+06  7.68444e+02  0.00000e+00 -9.80469e+04  2.23269e+04 -7.57201e+04  2.06924e-01  1.00000e+00 -5.28820e+01  0.00000e+00  2.95969e+00 
 7.42387e-03  5.85632e-03  0.00000e+00  3.47944e+00  2.31708e-04  3.59891e+02  3.60051e+02  4.08528e+00  4.12158e+00  2.21683e-01  4.81067e+01  1.50415e+02  1.62788e+06 -1.72095e+06  7.40436e+02  0.00000e+00 -9.23338e+04  1.84486e+04 -7.38852e+04  2.21675e-01  1.00000e+00 -4.81952e+01  0.00000e+00  3.37498e+00 
 7.61342e-03  6.09482e-03  0.00000e+00  3.47944e+00  2.38383e-04  3.59914e+02  3.60051e+02  4.04294e+00  4.07955e+00  2.36072e-01  4.30818e+01  1.46204e+02  1.71221e+06 -1.80119e+06  7.13068e+02  0.00000e+00 -8.82628e+04  1.50842e+04 -7.31786e+04  2.36066e-01  1.00000e+00 -4.31730e+01  0.00000e+00  3.84757e+00 
 7.80566e-03  6.33332e-03  0.00000e+00  3.47944e+00  2.44815e-04  3.59935e+02  3.60051e+02  3.99660e+00  4.03349e+00  2.49976e-01  3.78742e+01  1.42363e+02  1.79027e+06 -1.87682e+06  6.87290e+02  0.00000e+00 -8.58588e+04  1.21986e+04 -7.36601e+04  2.49968e-01  1.00000e+00 -3.79678e+01  0.00000e+00  4.38434e+00 
 8.00039e-03  6.57182e-03  0.00000e+00  3.47944e+00  2.50630e-04  3.59955e+02  3.60051e+02  3.94625e+00  3.98330e+00  2.63277e-01  3.25924e+01  1.39061e+02  1.86757e+06 -1.95289e+06  6.63555e+02  0.00000e+00 -8.46506e+04  9.74034e+03 -7.49103e+04  2.63269e-01  1.00000e+00 -3.26884e+01  0.00000e+00  5.00057e+00 
 8.19744e-03  6.81033e-03  1.31016e-20  3.47944e+00  2.55554e-04  3.59975e+02  3.60051e+02  3.89131e+00  3.92839e+00  2.76021e-01  2.72875e+01  1.36382e+02  1.94806e+06 -2.03430e+06  6.42482e+02  0.00000e+00 -8.55989e+04  7.63372e+03 -7.79651e+04  2.76012e-01  1.00000e+00 -2.73860e+01  0.00000e+00  5.70975e+00 
 8.39664e-03  7.04884e-03  0.00000e+00  3.47944e+00  2.59176e-04  3.59994e+02  3.60052e+02  3.83179e+00  3.86866e+00  2.88139e-01  2.19507e+01  1.34477e+02  2.04030e+06 -2.12890e+06  6.24245e+02  0.00000e+00 -8.79754e+04  5.80603e+03 -8.21693e+04  2.88133e-01  1.00000e+00 -2.20520e+01  0.00000e+00  6.54345e+00 
 8.59784e-03  7.28736e-03  0.00000e+00  3.47944e+00  2.61286e-04  3.60012e+02  3.60052e+02  3.76605e+00  3.80248e+00  2.99759e-01  1.64886e+01  1.33391e+02  2.14936e+06 -2.24314e+06  6.09186e+02  0.00000e+00 -9.31694e+04  4.16556e+03 -8.90038e+04  2.99753e-01  1.00000e+00 -1.65933e+01  0.00000e+00  7.52973e+00 
 8.80092e-03  7.52587e-03  0.00000e+00  3.47944e+00  2.61470e-04  3.60030e+02  3.60052e+02  3.69482e+00  3.73047e+00  3.10888e-01  1.07473e+01  1.33298e+02  2.28817e+06 -2.38987e+06  5.97425e+02  0.00000e+00 -1.01105e+05  2.62591e+03 -9.84787e+04  3.10885e-01  1.00000e+00 -1.08563e+01  0.00000e+00  8.73517e+00 
 9.00573e-03  7.76439e-03 -1.17014e-20  3.47944e+00  2.59595e-04  3.60049e+02  3.60052e+02  3.61327e+00  3.64785e+00  3.21689e-01  4.42897e+00  1.34261e+02  2.46583e+06 -2.58035e+06  5.88673e+02  0.00000e+00 -1.13928e+05  1.06974e+03 -1.12858e+05  3.21685e-01  1.00000e+00 -4.54346e+00  0.00000e+00  1.02279e+01 
 9.21216e-03  8.00291e-03  0.00000e+00  3.47944e+00  2.55176e-04  3.60068e+02  3.60053e+02  3.52565e+00  3.55879e+00  3.32134e-01 -6.54113e+00  1.36587e+02  2.70860e+06 -2.84015e+06  5.83520e+02  0.00000e+00 -1.30971e+05 -1.45720e+03 -1.32428e+05  3.32130e-01  1.00000e+00  6.28124e+00  0.00000e+00  1.21768e+01 
 9.42012e-03  8.24144e-03  0.00000e+00  3.47944e+00  2.48118e-04  3.60090e+02  3.60053e+02  3.41780e+00  3.44910e+00  3.42552e-01 -2.73116e+01  1.40474e+02  3.03783e+06 -3.19785e+06  5.81750e+02  0.00000e+00 -1.59443e+05 -6.25362e+03 -1.65696e+05  3.42546e-01  1.00000e+00  2.70327e+01  0.00000e+00  1.47595e+01 
 9.62949e-03  8.47996e-03  0.00000e+00  3.47944e+00  2.37469e-04  3.60116e+02  3.60053e+02  3.30123e+00  3.32970e+00  3.52859e-01 -5.74703e+01  1.46774e+02  3.53055e+06 -3.73136e+06  5.86123e+02  0.00000e+00 -2.00227e+05 -1.34134e+04 -2.13641e+05  3.52853e-01  1.00000e+00  5.71649e+01  0.00000e+00  1.85157e+01 
 9.84019e-03  8.71849e-03  0.00000e+00  3.47944e+00  2.22873e-04  3.60152e+02  3.60054e+02  3.14128e+00  3.16723e+00  3.63188e-01 -1.08635e+02  1.56388e+02  4.28286e+06 -4.55463e+06  5.94321e+02  0.00000e+00 -2.71181e+05 -2.63027e+04 -2.97483e+05  3.63181e-01  1.00000e+00  1.08292e+02  0.00000e+00  2.41574e+01 
 1.00521e-02  8.95702e-03  0.00000e+00  3.47944e+00  2.02619e-04  3.60213e+02  3.60054e+02  2.96661e+00  2.98986e+00  3.73580e-01 -2.15738e+02  1.72022e+02  5.65067e+06 -6.01230e+06  6.12154e+02  0.00000e+00 -3.61021e+05 -5.59258e+04 -4.16947e+05  3.73569e-01  1.00000e+00  2.15339e+02  0.00000e+00  3.45416e+01 
 1.02653e-02  9.19555e-03  0.00000e+00  3.47944e+00  1.76605e-04  3.60345e+02  3.60055e+02  2.67493e+00  2.69510e+00  3.84647e-01 -5.10398e+02  1.97364e+02  8.43053e+06 -8.83777e+06  6.28864e+02  0.00000e+00 -4.06612e+05 -1.47593e+05 -5.54205e+05  3.84629e-01  1.00000e+00  5.09907e+02  0.00000e+00  5.72944e+01 
 1.04795e-02  9.43408e-03  0.00000e+00  3.47944e+00  1.47300e-04  3.60784e+02  3.60056e+02  2.23462e+00  2.24768e+00  3.99241e-01 -4.85917e+03  2.36632e+02  1.59190e+07 -1.45584e+07  6.52460e+02  1.41157e+06  2.77278e+06 -2.84095e+06 -6.81662e+04  3.99235e-01  1.00000e+00  4.85853e+03  3.07691e+03  1.44787e+02 
