# Code_Saturne plot output (1D profile)
#
# Iteration output: 3653
# Time output:      2.30007e+01
#
#COLUMN_TITLES: Distance | X | Y | Z | diameter_Field2 | temp_Field1 | temp_Field2 | Velocity_Field1[Z] | Velocity_Field2[Z] | vol_f_Field2 | mass_trans_Field1 | Xd_Field2 | BK | COAL | COMP | NUCL | W1 | MT | SMBR | ALPBB | CONDNUM | GAMA | GAMANUC | epsilon_Field1
 4.56474e-03  1.39645e-04  0.00000e+00  3.47944e+00  1.00000e-05  3.58903e+02  3.60046e+02  4.15592e+00  4.15593e+00  7.07752e-06  8.27182e-01  3.48574e+03  0.00000e+00 -3.36483e+03  1.05615e+04  0.00000e+00  7.19664e+03  2.28326e+08  2.28334e+08  6.94941e-06  1.00000e+00 -8.25028e-01  0.00000e+00  3.26073e-01 
 4.57812e-03  3.76525e-04  4.25872e-21  3.47944e+00  1.00000e-05  3.58908e+02  3.60046e+02  4.15566e+00  4.15574e+00  4.02519e-05  5.25443e+00  3.48574e+03  0.00000e+00 -1.93923e+04  9.79798e+03  0.00000e+00 -9.59428e+03  2.52303e+08  2.52293e+08  3.99485e-05  1.00000e+00 -5.24068e+00  0.00000e+00  3.28623e-01 
 4.60371e-03  6.13858e-04  0.00000e+00  3.47944e+00  1.15498e-05  3.58919e+02  3.60046e+02  4.15470e+00  4.15488e+00  2.89969e-04  3.11559e+01  3.01801e+03 1.28621e-252 -1.11762e+05  9.58216e+03  0.00000e+00 -1.02180e+05  1.77012e+08  1.76910e+08  2.92106e-04  1.00000e+00 -3.10737e+01  0.00000e+00  3.33646e-01 
 4.64138e-03  8.51483e-04  0.00000e+00  3.47944e+00  1.78976e-05  3.58930e+02  3.60046e+02  4.15334e+00  4.15385e+00  1.28630e-03  7.13703e+01  1.94760e+03 1.33485e-114 -2.37730e+05  8.09611e+03  0.00000e+00 -2.29634e+05  5.92909e+07  5.90612e+07  1.28873e-03  1.00000e+00 -7.11807e+01  0.00000e+00  3.41238e-01 
 4.69084e-03  1.08931e-03  0.00000e+00  3.47944e+00  2.63219e-05  3.58945e+02  3.60046e+02  4.15158e+00  4.15283e+00  3.12555e-03  9.48733e+01  1.32427e+03  1.33976e-54 -3.04235e+05  5.91159e+03  0.00000e+00 -2.98324e+05  2.20632e+07  2.17648e+07  3.13025e-03  1.00000e+00 -9.46183e+01  0.00000e+00  3.51514e-01 
 4.75174e-03  1.32727e-03  1.05001e-20  3.47944e+00  3.62853e-05  3.58962e+02  3.60046e+02  4.14941e+00  4.15193e+00  5.29957e-03  9.55157e+01  9.60650e+02  1.54004e-27 -3.03194e+05  4.41296e+03  0.00000e+00 -2.98781e+05  9.50659e+06  9.20781e+06  5.30593e-03  1.00000e+00 -9.52549e+01  0.00000e+00  3.64575e-01 
 4.82366e-03  1.56534e-03  0.00000e+00  3.47944e+00  4.69219e-05  3.58982e+02  3.60046e+02  4.14672e+00  4.15092e+00  7.35623e-03  8.67932e+01  7.42882e+02  1.72198e-14 -2.75825e+05  3.44862e+03  0.00000e+00 -2.72376e+05  4.81357e+06  4.54119e+06  7.36379e-03  1.00000e+00 -8.65516e+01  0.00000e+00  3.80537e-01 
 4.90611e-03  1.80349e-03  8.81027e-21  3.47944e+00  5.74337e-05  3.59005e+02  3.60046e+02  4.14340e+00  4.14960e+00  9.29040e-03  7.75824e+01  6.06916e+02  1.16354e-07 -2.50876e+05  2.82003e+03  0.00000e+00 -2.48056e+05  2.78374e+06  2.53569e+06  9.29907e-03  1.00000e+00 -7.73617e+01  0.00000e+00  3.99714e-01 
 4.99859e-03  2.04170e-03  0.00000e+00  3.47944e+00  6.72970e-05  3.59032e+02  3.60046e+02  4.13940e+00  4.14777e+00  1.14038e-02  7.17393e+01  5.17964e+02  8.92490e-04 -2.39191e+05  2.40491e+03  0.00000e+00 -2.36786e+05  1.78992e+06  1.55313e+06  1.14132e-02  1.00000e+00 -7.15300e+01  0.00000e+00  4.22513e-01 
 5.10055e-03  2.27996e-03  7.58893e-21  3.47944e+00  7.63884e-05  3.59061e+02  3.60046e+02  4.13469e+00  4.14500e+00  1.39421e-02  7.02531e+01  4.56318e+02  2.28865e-01 -2.40146e+05  2.12142e+03  0.00000e+00 -2.38024e+05  1.26320e+06  1.02518e+06  1.39521e-02  1.00000e+00 -7.00421e+01  0.00000e+00  4.49423e-01 
 5.21143e-03  2.51826e-03  7.09702e-21  3.47944e+00  8.50150e-05  3.59094e+02  3.60046e+02  4.12922e+00  4.14140e+00  1.69382e-02  7.04505e+01  4.10015e+02  9.99549e+00 -2.48198e+05  1.90707e+03  0.00000e+00 -2.46281e+05  9.36897e+05  6.90616e+05  1.69494e-02  1.00000e+00 -7.02317e+01  0.00000e+00  4.81017e-01 
 5.33068e-03  2.75659e-03  1.33300e-20  3.47944e+00  9.33945e-05  3.59130e+02  3.60046e+02  4.12295e+00  4.13693e+00  2.04624e-02  7.16567e+01  3.73228e+02  1.53205e+02 -2.61248e+05  1.73623e+03  0.00000e+00 -2.59359e+05  7.17973e+05  4.58615e+05  2.04763e-02  1.00000e+00 -7.14256e+01  0.00000e+00  5.17941e-01 
 5.45775e-03  2.99495e-03  1.25651e-20  3.47944e+00  1.01581e-04  3.59170e+02  3.60046e+02  4.11581e+00  4.13150e+00  2.45858e-02  7.35401e+01  3.43150e+02  1.17381e+03 -2.78678e+05  1.59599e+03  0.00000e+00 -2.75908e+05  5.63777e+05  2.87869e+05  2.46026e-02  1.00000e+00 -7.32926e+01  0.00000e+00  5.61204e-01 
 5.59212e-03  3.23333e-03  0.00000e+00  3.47944e+00  1.09492e-04  3.59212e+02  3.60046e+02  4.10773e+00  4.12501e+00  2.93970e-02  7.60147e+01  3.18356e+02  5.48060e+03 -3.00967e+05  1.47987e+03  0.00000e+00 -2.94006e+05  4.52124e+05  1.58117e+05  2.94155e-02  1.00000e+00 -7.57464e+01  0.00000e+00  6.12040e-01 
 5.73326e-03  3.47172e-03  0.00000e+00  3.47944e+00  1.16949e-04  3.59257e+02  3.60046e+02  4.09860e+00  4.11732e+00  3.49903e-02  7.90990e+01  2.98057e+02  1.77107e+04 -3.29283e+05  1.38450e+03  0.00000e+00 -3.10188e+05  3.70016e+05  5.98278e+04  3.50107e-02  1.00000e+00 -7.88044e+01  0.00000e+00  6.71880e-01 
 5.88069e-03  3.71014e-03 -5.35987e-21  3.47944e+00  1.23737e-04  3.59304e+02  3.60046e+02  4.08831e+00  4.10826e+00  4.14486e-02  8.28108e+01  2.81707e+02  4.34326e+04 -3.65134e+05  1.30702e+03  0.00000e+00 -3.20395e+05  3.09021e+05 -1.13733e+04  4.14727e-02  1.00000e+00 -8.24836e+01  0.00000e+00  7.42434e-01 
 6.03395e-03  3.94857e-03  5.10973e-21  3.47944e+00  1.29685e-04  3.59353e+02  3.60046e+02  4.07673e+00  4.09769e+00  4.89023e-02  8.72308e+01  2.68785e+02  8.69028e+04 -4.10681e+05  1.24522e+03  0.00000e+00 -3.22533e+05  2.63182e+05 -5.93514e+04  4.89306e-02  1.00000e+00 -8.68627e+01  0.00000e+00  8.25900e-01 
 6.19261e-03  4.18701e-03  0.00000e+00  3.47944e+00  1.34733e-04  3.59403e+02  3.60046e+02  4.06371e+00  4.08545e+00  5.74420e-02  9.22532e+01  2.58715e+02  1.49985e+05 -4.67715e+05  1.19635e+03  0.00000e+00 -3.16533e+05  2.28023e+05 -8.85106e+04  5.74723e-02  1.00000e+00 -9.18348e+01  0.00000e+00  9.24680e-01 
 6.35626e-03  4.42546e-03  0.00000e+00  3.47944e+00  1.38941e-04  3.59454e+02  3.60046e+02  4.04906e+00  4.07138e+00  6.71738e-02  9.71270e+01  2.50879e+02  2.32967e+05 -5.38102e+05  1.15751e+03  0.00000e+00 -3.03978e+05  1.99005e+05 -1.04973e+05  6.72080e-02  1.00000e+00 -9.66503e+01  0.00000e+00  1.04161e+00 
 6.52453e-03  4.66392e-03 -8.96437e-21  3.47944e+00  1.42444e-04  3.59505e+02  3.60046e+02  4.03253e+00  4.05530e+00  7.81986e-02  1.01279e+02  2.44710e+02  3.35796e+05 -6.23636e+05  1.12584e+03  0.00000e+00 -2.86714e+05  1.73798e+05 -1.12916e+05  7.82388e-02  1.00000e+00 -1.00738e+02  0.00000e+00  1.18047e+00 
 6.69707e-03  4.90238e-03  1.72236e-20  3.47944e+00  1.45391e-04  3.59556e+02  3.60046e+02  4.01389e+00  4.03694e+00  9.05034e-02  1.04872e+02  2.39752e+02  4.57612e+05 -7.25110e+05  1.09941e+03  0.00000e+00 -2.66398e+05  1.52266e+05 -1.14133e+05  9.05502e-02  1.00000e+00 -1.04256e+02  0.00000e+00  1.34471e+00 
 6.87356e-03  5.14086e-03  8.28595e-21  3.47944e+00  1.47958e-04  3.59605e+02  3.60046e+02  3.99283e+00  4.01595e+00  1.04088e-01  1.07501e+02  2.35592e+02  5.97851e+05 -8.43192e+05  1.07596e+03  0.00000e+00 -2.44265e+05  1.33277e+05 -1.10988e+05  1.04140e-01  1.00000e+00 -1.06802e+02  0.00000e+00  1.53909e+00 
 7.05370e-03  5.37934e-03 -1.59677e-20  3.47944e+00  1.50323e-04  3.59654e+02  3.60047e+02  3.96899e+00  3.99210e+00  1.18954e-01  1.08865e+02  2.31885e+02  7.55518e+05 -9.78170e+05  1.05418e+03  0.00000e+00 -2.21598e+05  1.16158e+05 -1.05441e+05  1.19012e-01  1.00000e+00 -1.08076e+02  0.00000e+00  1.76920e+00 
 7.23722e-03  5.61783e-03  0.00000e+00  3.47944e+00  1.52639e-04  3.59700e+02  3.60047e+02  3.94197e+00  3.96499e+00  1.34984e-01  1.08603e+02  2.28368e+02  9.28653e+05 -1.12885e+06  1.03242e+03  0.00000e+00 -1.99162e+05  1.00480e+05 -9.86820e+04  1.35047e-01  1.00000e+00 -1.07718e+02  0.00000e+00  2.04122e+00 
 7.42387e-03  5.85632e-03  0.00000e+00  3.47944e+00  1.55032e-04  3.59743e+02  3.60047e+02  3.91134e+00  3.93421e+00  1.52046e-01  1.06531e+02  2.24843e+02  1.11403e+06 -1.29326e+06  1.00998e+03  0.00000e+00 -1.78228e+05  8.60589e+04 -9.21695e+04  1.52113e-01  1.00000e+00 -1.05546e+02  0.00000e+00  2.36185e+00 
 7.61342e-03  6.09482e-03  0.00000e+00  3.47944e+00  1.57584e-04  3.59784e+02  3.60047e+02  3.87663e+00  3.89933e+00  1.69917e-01  1.02555e+02  2.21202e+02  1.30825e+06 -1.46860e+06  9.85804e+02  0.00000e+00 -1.59369e+05  7.28373e+04 -8.65316e+04  1.69988e-01  1.00000e+00 -1.01471e+02  0.00000e+00  2.74001e+00 
 7.80566e-03  6.33332e-03  0.00000e+00  3.47944e+00  1.60332e-04  3.59823e+02  3.60047e+02  3.83740e+00  3.85991e+00  1.88277e-01  9.67358e+01  2.17411e+02  1.50612e+06 -1.65066e+06  9.60289e+02  0.00000e+00 -1.43588e+05  6.08415e+04 -8.27463e+04  1.88353e-01  1.00000e+00 -9.55538e+01  0.00000e+00  3.18293e+00 
 8.00039e-03  6.57182e-03  0.00000e+00  3.47944e+00  1.63244e-04  3.59858e+02  3.60047e+02  3.79322e+00  3.81552e+00  2.06840e-01  8.92987e+01  2.13534e+02  1.70438e+06 -1.83670e+06  9.33177e+02  0.00000e+00 -1.31390e+05  5.01086e+04 -8.12815e+04  2.06919e-01  1.00000e+00 -8.80235e+01  0.00000e+00  3.70209e+00 
 8.19744e-03  6.81033e-03  1.31016e-20  3.47944e+00  1.66228e-04  3.59890e+02  3.60047e+02  3.74369e+00  3.76578e+00  2.25244e-01  8.05862e+01  2.09701e+02  1.90052e+06 -2.02431e+06  9.05428e+02  0.00000e+00 -1.22891e+05  4.06723e+04 -8.22189e+04  2.25324e-01  1.00000e+00 -7.92237e+01  0.00000e+00  4.30926e+00 
 8.39664e-03  7.04884e-03  0.00000e+00  3.47944e+00  1.69117e-04  3.59919e+02  3.60047e+02  3.68847e+00  3.71029e+00  2.43320e-01  7.09965e+01  2.06119e+02  2.09573e+06 -2.21569e+06  8.77454e+02  0.00000e+00 -1.19073e+05  3.24910e+04 -8.65824e+04  2.43400e-01  1.00000e+00 -6.95518e+01  0.00000e+00  5.02417e+00 
 8.59784e-03  7.28736e-03  0.00000e+00  3.47944e+00  1.71688e-04  3.59946e+02  3.60047e+02  3.62705e+00  3.64857e+00  2.60795e-01  6.08533e+01  2.03034e+02  2.29360e+06 -2.41441e+06  8.50619e+02  0.00000e+00 -1.19951e+05  2.54721e+04 -9.44790e+04  2.60877e-01  1.00000e+00 -5.93296e+01  0.00000e+00  5.87064e+00 
 8.80092e-03  7.52587e-03  0.00000e+00  3.47944e+00  1.73633e-04  3.59971e+02  3.60048e+02  3.55890e+00  3.58001e+00  2.77635e-01  5.03869e+01  2.00760e+02  2.50405e+06 -2.63150e+06  8.25589e+02  0.00000e+00 -1.26619e+05  1.94544e+04 -1.07164e+05  2.77713e-01  1.00000e+00 -4.87832e+01  0.00000e+00  6.89349e+00 
 9.00573e-03  7.76439e-03 -1.17014e-20  3.47944e+00  1.74633e-04  3.59994e+02  3.60048e+02  3.48253e+00  3.50312e+00  2.93723e-01  3.95919e+01  1.99612e+02  2.73978e+06 -2.88062e+06  8.03651e+02  0.00000e+00 -1.40034e+05  1.42059e+04 -1.25828e+05  2.93800e-01  1.00000e+00 -3.79022e+01  0.00000e+00  8.15124e+00 
 9.21216e-03  8.00291e-03  0.00000e+00  3.47944e+00  1.74268e-04  3.60016e+02  3.60048e+02  3.39733e+00  3.41718e+00  3.09251e-01  2.82144e+01  2.00031e+02  3.02558e+06 -3.18973e+06  7.85472e+02  0.00000e+00 -1.63364e+05  9.42657e+03 -1.53937e+05  3.09325e-01  1.00000e+00 -2.64238e+01  0.00000e+00  9.76236e+00 
 9.42012e-03  8.24144e-03  0.00000e+00  3.47944e+00  1.72140e-04  3.60038e+02  3.60048e+02  3.29773e+00  3.31669e+00  3.24217e-01  1.54535e+01  2.02505e+02  3.39428e+06 -3.59484e+06  7.71828e+02  0.00000e+00 -1.99796e+05  4.66372e+03 -1.95132e+05  3.24284e-01  1.00000e+00 -1.35377e+01  0.00000e+00  1.19002e+01 
 9.62949e-03  8.47996e-03  0.00000e+00  3.47944e+00  1.67693e-04  3.60061e+02  3.60049e+02  3.18566e+00  3.20349e+00  3.38928e-01 -1.22767e+00  2.07876e+02  3.91686e+06 -4.17158e+06  7.62920e+02  0.00000e+00 -2.53959e+05 -1.83183e+03 -2.55791e+05  3.38998e-01  1.00000e+00  5.41532e+00  0.00000e+00  1.49682e+01 
 9.84019e-03  8.71849e-03  0.00000e+00  3.47944e+00  1.60427e-04  3.60089e+02  3.60049e+02  3.03783e+00  3.05378e+00  3.53342e-01 -5.18934e+01  2.17293e+02  4.69639e+06 -5.03586e+06  7.62106e+02  0.00000e+00 -3.38714e+05 -1.91616e+04 -3.57876e+05  3.53397e-01  1.00000e+00  5.64933e+01  0.00000e+00  1.95894e+01 
 1.00521e-02  8.95702e-03  0.00000e+00  3.47944e+00  1.49184e-04  3.60132e+02  3.60050e+02  2.86597e+00  2.88043e+00  3.67510e-01 -1.53029e+02  2.33672e+02  6.06286e+06 -6.51331e+06  7.68195e+02  0.00000e+00 -4.49687e+05 -5.54956e+04 -5.05182e+05  3.67542e-01  1.00000e+00  1.58241e+02  0.00000e+00  2.78390e+01 
 1.02653e-02  9.19555e-03  0.00000e+00  3.47944e+00  1.33602e-04  3.60231e+02  3.60050e+02  2.60579e+00  2.61839e+00  3.82024e-01 -4.45561e+02  2.60928e+02  8.84667e+06 -9.34139e+06  7.73830e+02  0.00000e+00 -4.93950e+05 -1.70225e+05 -6.64175e+05  3.82058e-01  1.00000e+00  4.51710e+02  0.00000e+00  4.62223e+01 
 1.04795e-02  9.43408e-03  0.00000e+00  3.47944e+00  1.14758e-04  3.60606e+02  3.60051e+02  2.18133e+00  2.18956e+00  4.00124e-01 -5.01567e+03  3.03778e+02  1.64864e+07 -1.55560e+07  7.84729e+02  2.65613e+06  3.58740e+06 -3.69225e+06 -1.04850e+05  4.00138e-01  1.00000e+00  5.02325e+03  3.13882e+03  1.16446e+02 
