# Code_Saturne plot output (1D profile)
#
# Iteration output: 4354
# Time output:      2.30001e+01
#
#COLUMN_TITLES: Distance | X | Y | Z | diameter_Field2 | temp_Field1 | temp_Field2 | Velocity_Field1[Z] | Velocity_Field2[Z] | vol_f_Field2 | mass_trans_Field1 | Xd_Field2 | BK | COAL | COMP | NUCL | W1 | MT | SMBR | ALPBB | CONDNUM | GAMA | GAMANUC | epsilon_Field1
 4.56474e-03  1.39645e-04  0.00000e+00  3.47944e+00  7.15101e-05  3.59743e+02  3.60053e+02  4.81415e+00  4.82470e+00  6.98000e-02  1.13898e+02  4.87299e+02  2.72522e-03 -9.01999e+05  3.02977e+03  0.00000e+00 -8.98969e+05  2.64209e+05 -6.34759e+05  6.98017e-02  1.00000e+00 -1.13388e+02  0.00000e+00  4.01708e-01 
 4.57812e-03  3.76525e-04  4.25872e-21  3.47944e+00  9.49213e-05  3.59744e+02  3.60053e+02  4.81458e+00  4.82949e+00  7.08665e-02  7.83402e+01  3.67112e+02  1.58798e+01 -5.66555e+05  2.28668e+03  0.00000e+00 -5.64253e+05  1.34848e+05 -4.29405e+05  7.08676e-02  1.00000e+00 -7.79861e+01  0.00000e+00  4.07219e-01 
 4.60371e-03  6.13858e-04  0.00000e+00  3.47944e+00  1.14824e-04  3.59745e+02  3.60052e+02  4.81780e+00  4.83947e+00  7.28348e-02  6.21736e+01  3.03480e+02  6.62767e+02 -4.23566e+05  1.88519e+03  0.00000e+00 -4.21018e+05  8.60776e+04 -3.34940e+05  7.28353e-02  1.00000e+00 -6.18901e+01  0.00000e+00  4.18139e-01 
 4.64138e-03  8.51483e-04  0.00000e+00  3.47944e+00  1.31437e-04  3.59749e+02  3.60052e+02  4.81651e+00  4.84324e+00  7.56588e-02  5.35663e+01  2.65121e+02  4.66407e+03 -3.53033e+05  1.63982e+03  0.00000e+00 -3.46729e+05  6.23682e+04 -2.84361e+05  7.56573e-02  1.00000e+00 -5.33188e+01  0.00000e+00  4.34635e-01 
 4.69084e-03  1.08931e-03  0.00000e+00  3.47944e+00  1.45516e-04  3.59755e+02  3.60052e+02  4.81179e+00  4.84139e+00  7.94154e-02  4.84826e+01  2.39470e+02  1.52448e+04 -3.15897e+05  1.48215e+03  0.00000e+00 -2.99170e+05  4.85717e+04 -2.50598e+05  7.94146e-02  1.00000e+00 -4.82544e+01  0.00000e+00  4.56811e-01 
 4.75174e-03  1.32727e-03  1.05001e-20  3.47944e+00  1.57222e-04  3.59763e+02  3.60052e+02  4.80550e+00  4.83592e+00  8.41075e-02  4.54285e+01  2.21640e+02  3.32433e+04 -2.98304e+05  1.38140e+03  0.00000e+00 -2.63679e+05  3.97693e+04 -2.23910e+05  8.41067e-02  1.00000e+00 -4.52092e+01  0.00000e+00  4.84992e-01 
 4.82366e-03  1.56534e-03  0.00000e+00  3.47944e+00  1.66669e-04  3.59772e+02  3.60052e+02  4.80727e+00  4.84571e+00  8.97959e-02  4.41011e+01  2.09077e+02  5.76926e+04 -2.94366e+05  1.28337e+03  0.00000e+00 -2.35390e+05  3.41072e+04 -2.01283e+05  8.97947e-02  1.00000e+00 -4.38814e+01  0.00000e+00  5.20520e-01 
 4.90611e-03  1.80349e-03  8.81027e-21  3.47944e+00  1.74057e-04  3.59783e+02  3.60052e+02  4.79499e+00  4.82914e+00  9.65025e-02  4.31501e+01  2.00203e+02  8.69691e+04 -3.00845e+05  1.24157e+03  0.00000e+00 -2.12635e+05  2.97264e+04 -1.82908e+05  9.65080e-02  1.00000e+00 -4.29267e+01  0.00000e+00  5.63580e-01 
 4.99859e-03  2.04170e-03  0.00000e+00  3.47944e+00  1.79703e-04  3.59796e+02  3.60052e+02  4.79452e+00  4.82728e+00  1.04069e-01  4.28940e+01  1.93913e+02  1.20322e+05 -3.15464e+05  1.21160e+03  0.00000e+00 -1.93931e+05  2.65335e+04 -1.67397e+05  1.04078e-01  1.00000e+00 -4.26615e+01  0.00000e+00  6.15448e-01 
 5.10055e-03  2.27996e-03  7.58893e-21  3.47944e+00  1.83983e-04  3.59811e+02  3.60052e+02  4.79745e+00  4.83680e+00  1.12749e-01  4.33344e+01  1.89402e+02  1.58978e+05 -3.38318e+05  1.17115e+03  0.00000e+00 -1.78169e+05  2.41617e+04 -1.54007e+05  1.12750e-01  1.00000e+00 -4.30868e+01  0.00000e+00  6.79907e-01 
 5.21143e-03  2.51826e-03  7.09702e-21  3.47944e+00  1.87234e-04  3.59826e+02  3.60052e+02  4.78604e+00  4.82719e+00  1.22675e-01  4.38018e+01  1.86113e+02  2.02496e+05 -3.69019e+05  1.14283e+03  0.00000e+00 -1.65381e+05  2.20494e+04 -1.43331e+05  1.22672e-01  1.00000e+00 -4.35358e+01  0.00000e+00  7.56688e-01 
 5.33068e-03  2.75659e-03  1.33300e-20  3.47944e+00  1.89739e-04  3.59842e+02  3.60052e+02  4.77444e+00  4.81450e+00  1.33596e-01  4.41108e+01  1.83656e+02  2.49900e+05 -4.06238e+05  1.12838e+03  0.00000e+00 -1.55210e+05  2.01114e+04 -1.35098e+05  1.33596e-01  1.00000e+00 -4.38239e+01  0.00000e+00  8.45024e-01 
 5.45775e-03  2.99495e-03  1.25651e-20  3.47944e+00  1.91735e-04  3.59859e+02  3.60052e+02  4.76394e+00  4.80344e+00  1.45400e-01  4.42449e+01  1.81744e+02  3.02118e+05 -4.49744e+05  1.11583e+03  0.00000e+00 -1.46511e+05  1.83311e+04 -1.28180e+05  1.45410e-01  1.00000e+00 -4.39344e+01  0.00000e+00  9.48240e-01 
 5.59212e-03  3.23333e-03  0.00000e+00  3.47944e+00  1.93428e-04  3.59876e+02  3.60052e+02  4.75198e+00  4.79118e+00  1.58088e-01  4.40985e+01  1.80153e+02  3.59770e+05 -4.99601e+05  1.10453e+03  0.00000e+00 -1.38726e+05  1.66450e+04 -1.22081e+05  1.58116e-01  1.00000e+00 -4.37619e+01  0.00000e+00  1.06965e+00 
 5.73326e-03  3.47172e-03  0.00000e+00  3.47944e+00  1.94985e-04  3.59893e+02  3.60052e+02  4.73798e+00  4.77679e+00  1.71586e-01  4.35694e+01  1.78715e+02  4.22583e+05 -5.55406e+05  1.08922e+03  0.00000e+00 -1.31734e+05  1.50180e+04 -1.16716e+05  1.71637e-01  1.00000e+00 -4.32048e+01  0.00000e+00  1.21163e+00 
 5.88069e-03  3.71014e-03 -5.35987e-21  3.47944e+00  1.96513e-04  3.59910e+02  3.60052e+02  4.72210e+00  4.76043e+00  1.85733e-01  4.25747e+01  1.77325e+02  4.90090e+05 -6.16282e+05  1.08299e+03  0.00000e+00 -1.25109e+05  1.34413e+04 -1.11668e+05  1.85766e-01  1.00000e+00 -4.21810e+01  0.00000e+00  1.37698e+00 
 6.03395e-03  3.94857e-03  5.10973e-21  3.47944e+00  1.98123e-04  3.59927e+02  3.60052e+02  4.70391e+00  4.74174e+00  2.00370e-01  4.11000e+01  1.75885e+02  5.61489e+05 -6.81478e+05  1.07142e+03  0.00000e+00 -1.18917e+05  1.19185e+04 -1.06999e+05  2.00387e-01  1.00000e+00 -4.06764e+01  0.00000e+00  1.56861e+00 
 6.19261e-03  4.18701e-03  0.00000e+00  3.47944e+00  1.99872e-04  3.59942e+02  3.60052e+02  4.68300e+00  4.72031e+00  2.15326e-01  3.91449e+01  1.74346e+02  6.35731e+05 -7.49952e+05  1.05878e+03  0.00000e+00 -1.13162e+05  1.04578e+04 -1.02704e+05  2.15332e-01  1.00000e+00 -3.86917e+01  0.00000e+00  1.78955e+00 
 6.35626e-03  4.42546e-03  0.00000e+00  3.47944e+00  2.01797e-04  3.59957e+02  3.60052e+02  4.65921e+00  4.69599e+00  2.30446e-01  3.67550e+01  1.72683e+02  7.11581e+05 -8.20617e+05  1.04484e+03  0.00000e+00 -1.07991e+05  9.07380e+03 -9.89174e+04  2.30443e-01  1.00000e+00 -3.62727e+01  0.00000e+00  2.04281e+00 
 6.52453e-03  4.66392e-03 -8.96437e-21  3.47944e+00  2.03898e-04  3.59972e+02  3.60052e+02  4.63237e+00  4.66862e+00  2.45520e-01  3.39883e+01  1.70904e+02  7.87878e+05 -8.92239e+05  1.02959e+03  0.00000e+00 -1.03331e+05  7.77977e+03 -9.55513e+04  2.45511e-01  1.00000e+00 -3.34781e+01  0.00000e+00  2.33144e+00 
 6.69707e-03  4.90238e-03  1.72236e-20  3.47944e+00  2.06153e-04  3.59985e+02  3.60052e+02  4.60231e+00  4.63803e+00  2.60423e-01  3.09351e+01  1.69035e+02  8.63427e+05 -9.63923e+05  1.01318e+03  0.00000e+00 -9.94829e+04  6.58710e+03 -9.28958e+04  2.60411e-01  1.00000e+00 -3.03986e+01  0.00000e+00  2.65811e+00 
 6.87356e-03  5.14086e-03  8.28595e-21  3.47944e+00  2.08501e-04  3.59997e+02  3.60052e+02  4.56892e+00  4.60411e+00  2.74938e-01  2.76853e+01  1.67131e+02  9.37969e+05 -1.03495e+06  9.95668e+02  0.00000e+00 -9.59895e+04  5.50452e+03 -9.04850e+04  2.74928e-01  1.00000e+00 -2.71241e+01  0.00000e+00  3.02745e+00 
 7.05370e-03  5.37934e-03 -1.59677e-20  3.47944e+00  2.10868e-04  3.60008e+02  3.60052e+02  4.53213e+00  4.56679e+00  2.88973e-01  2.43383e+01  1.65256e+02  1.01076e+06 -1.10499e+06  9.77845e+02  0.00000e+00 -9.32460e+04  4.53491e+03 -8.87110e+04  2.88969e-01  1.00000e+00 -2.37541e+01  0.00000e+00  3.44157e+00 
 7.23722e-03  5.61783e-03  0.00000e+00  3.47944e+00  2.13145e-04  3.60018e+02  3.60053e+02  4.49189e+00  4.52601e+00  3.02402e-01  2.09754e+01  1.63491e+02  1.08251e+06 -1.17436e+06  9.59826e+02  0.00000e+00 -9.08909e+04  3.67635e+03 -8.72145e+04  3.02404e-01  1.00000e+00 -2.03697e+01  0.00000e+00  3.90675e+00 
 7.42387e-03  5.85632e-03  0.00000e+00  3.47944e+00  2.15227e-04  3.60027e+02  3.60053e+02  4.44811e+00  4.48168e+00  3.15225e-01  1.76744e+01  1.61910e+02  1.15369e+06 -1.24395e+06  9.42403e+02  0.00000e+00 -8.93138e+04  2.92313e+03 -8.63907e+04  3.15231e-01  1.00000e+00 -1.70482e+01  0.00000e+00  4.42845e+00 
 7.61342e-03  6.09482e-03  0.00000e+00  3.47944e+00  2.16979e-04  3.60036e+02  3.60053e+02  4.40073e+00  4.43369e+00  3.27451e-01  1.44820e+01  1.60603e+02  1.22590e+06 -1.31552e+06  9.25827e+02  0.00000e+00 -8.86924e+04  2.26523e+03 -8.64272e+04  3.27464e-01  1.00000e+00 -1.38355e+01  0.00000e+00  5.01679e+00 
 7.80566e-03  6.33332e-03  0.00000e+00  3.47944e+00  2.18280e-04  3.60043e+02  3.60053e+02  4.34952e+00  4.38182e+00  3.39069e-01  1.14285e+01  1.59647e+02  1.30069e+06 -1.39085e+06  9.08898e+02  0.00000e+00 -8.92485e+04  1.69136e+03 -8.75572e+04  3.39098e-01  1.00000e+00 -1.07614e+01  0.00000e+00  5.68193e+00 
 8.00039e-03  6.57182e-03  0.00000e+00  3.47944e+00  2.18972e-04  3.60050e+02  3.60053e+02  4.29433e+00  4.32587e+00  3.50175e-01  8.52263e+00  1.59143e+02  1.38091e+06 -1.47307e+06  8.96092e+02  0.00000e+00 -9.12600e+04  1.18845e+03 -9.00716e+04  3.50189e-01  1.00000e+00 -7.83371e+00  0.00000e+00  6.44284e+00 
 8.19744e-03  6.81033e-03  1.31016e-20  3.47944e+00  2.18942e-04  3.60056e+02  3.60053e+02  4.23445e+00  4.26515e+00  3.60701e-01  5.75334e+00  1.59165e+02  1.46925e+06 -1.56496e+06  8.85277e+02  0.00000e+00 -9.48158e+04  7.42463e+02 -9.40733e+04  3.60719e-01  1.00000e+00 -5.04043e+00  0.00000e+00  7.31872e+00 
 8.39664e-03  7.04884e-03  0.00000e+00  3.47944e+00  2.18024e-04  3.60062e+02  3.60054e+02  4.16980e+00  4.19949e+00  3.70761e-01  3.09622e+00  1.59836e+02  1.57051e+06 -1.67180e+06  8.76038e+02  0.00000e+00 -1.00415e+05  3.39054e+02 -1.00076e+05  3.70779e-01  1.00000e+00 -2.35603e+00  0.00000e+00  8.34625e+00 
 8.59784e-03  7.28736e-03  0.00000e+00  3.47944e+00  2.16108e-04  3.60066e+02  3.60054e+02  4.09853e+00  4.12709e+00  3.80406e-01  9.30546e-01  1.61255e+02  1.68911e+06 -1.79886e+06  8.69381e+02  0.00000e+00 -1.08884e+05 -9.38909e+01 -1.08978e+05  3.80430e-01  1.00000e+00  6.63529e-01  0.00000e+00  9.56440e+00 
 8.80092e-03  7.52587e-03  0.00000e+00  3.47944e+00  2.12997e-04  3.60071e+02  3.60054e+02  4.02163e+00  4.04886e+00  3.89751e-01 -4.81827e+00  1.63611e+02  1.83379e+06 -1.95587e+06  8.65942e+02  0.00000e+00 -1.21219e+05 -9.08741e+02 -1.22128e+05  3.89773e-01  1.00000e+00  6.48505e+00  0.00000e+00  1.10498e+01 
 9.00573e-03  7.76439e-03 -1.17014e-20  3.47944e+00  2.08542e-04  3.60075e+02  3.60054e+02  3.93346e+00  3.95920e+00  3.98860e-01 -1.12075e+01  1.67107e+02  2.01404e+06 -2.15452e+06  8.65542e+02  0.00000e+00 -1.39614e+05 -1.81283e+03 -1.41427e+05  3.98883e-01  1.00000e+00  1.29622e+01  0.00000e+00  1.28906e+01 
 9.21216e-03  8.00291e-03  0.00000e+00  3.47944e+00  2.02420e-04  3.60080e+02  3.60055e+02  3.83961e+00  3.86366e+00  4.07779e-01 -1.92091e+01  1.72162e+02  2.25195e+06 -2.41827e+06  8.69479e+02  0.00000e+00 -1.65454e+05 -2.97010e+03 -1.68424e+05  4.07804e-01  1.00000e+00  2.10744e+01  0.00000e+00  1.52912e+01 
 9.42012e-03  8.24144e-03  0.00000e+00  3.47944e+00  1.94449e-04  3.60087e+02  3.60055e+02  3.72326e+00  3.74541e+00  4.16716e-01 -3.08179e+01  1.79221e+02  2.57026e+06 -2.77798e+06  8.77844e+02  0.00000e+00 -2.06848e+05 -4.71231e+03 -2.11561e+05  4.16746e-01  1.00000e+00  3.28235e+01  0.00000e+00  1.84713e+01 
 9.62949e-03  8.47996e-03  0.00000e+00  3.47944e+00  1.84075e-04  3.60096e+02  3.60056e+02  3.59901e+00  3.61859e+00  4.25627e-01 -5.03732e+01  1.89324e+02  3.03534e+06 -3.30418e+06  8.95730e+02  0.00000e+00 -2.67947e+05 -7.80518e+03 -2.75752e+05  4.25660e-01  1.00000e+00  5.25663e+01  0.00000e+00  2.30773e+01 
 9.84019e-03  8.71849e-03  0.00000e+00  3.47944e+00  1.70941e-04  3.60111e+02  3.60056e+02  3.42728e+00  3.44468e+00  4.34619e-01 -8.93281e+01  2.03871e+02  3.73983e+06 -4.11307e+06  9.18528e+02  0.00000e+00 -3.72322e+05 -1.43707e+04 -3.86692e+05  4.34655e-01  1.00000e+00  9.17753e+01  0.00000e+00  2.99846e+01 
 1.00521e-02  8.95702e-03  0.00000e+00  3.47944e+00  1.53931e-04  3.60144e+02  3.60057e+02  3.24408e+00  3.25933e+00  4.43918e-01 -1.85158e+02  2.26403e+02  5.00510e+06 -5.53936e+06  9.57172e+02  0.00000e+00 -5.33297e+05 -3.20036e+04 -5.65301e+05  4.43955e-01  1.00000e+00  1.87985e+02  0.00000e+00  4.26913e+01 
 1.02653e-02  9.19555e-03  0.00000e+00  3.47944e+00  1.32532e-04  3.60230e+02  3.60058e+02  2.93113e+00  2.94377e+00  4.53694e-01 -5.04029e+02  2.62962e+02  7.60719e+06 -8.38440e+06  9.98365e+02  0.00000e+00 -7.76216e+05 -9.81779e+04 -8.74393e+05  4.53735e-01  1.00000e+00  5.07440e+02  0.00000e+00  7.04249e+01 
 1.04795e-02  9.43408e-03  0.00000e+00  3.47944e+00  1.06148e-04  3.60596e+02  3.60059e+02  2.46758e+00  2.47494e+00  4.67641e-01 -5.72266e+03  3.28329e+02  1.53448e+07 -1.56931e+07  1.08476e+03  3.17101e+06  2.82378e+06 -2.91955e+06 -9.57706e+04  4.67676e-01  1.00000e+00  5.72706e+03  3.36988e+03  1.76656e+02 
