# Code_Saturne plot output (1D profile)
#
# Iteration output: 2838
# Time output:      2.30009e+01
#
#COLUMN_TITLES: Distance | X | Y | Z | diameter_Field2 | temp_Field1 | temp_Field2 | Velocity_Field1[Z] | Velocity_Field2[Z] | vol_f_Field2 | mass_trans_Field1 | Xd_Field2 | BK | COAL | COMP | NUCL | W1 | MT | SMBR | ALPBB | CONDNUM | GAMA | GAMANUC | epsilon_Field1
 4.56474e-03  1.39645e-04  0.00000e+00  3.47944e+00  4.50139e-05  3.58949e+02  3.60049e+02  4.29102e+00  4.29613e+00  1.47685e-02  1.51084e+02  7.74300e+02  3.57155e-16 -1.01288e+06  3.88633e+03  0.00000e+00 -1.00899e+06  2.82837e+06  1.81938e+06  1.47715e-02  1.00000e+00 -1.50987e+02  0.00000e+00  3.78572e-01 
 4.57812e-03  3.76525e-04  4.25872e-21  3.47944e+00  6.42728e-05  3.58951e+02  3.60049e+02  4.29062e+00  4.29949e+00  1.53248e-02  9.51988e+01  5.42287e+02  1.75368e-05 -5.75139e+05  2.71777e+03  0.00000e+00 -5.72421e+05  1.20288e+06  6.30459e+05  1.53279e-02  1.00000e+00 -9.51370e+01  0.00000e+00  3.82532e-01 
 4.60371e-03  6.13858e-04  0.00000e+00  3.47944e+00  8.04444e-05  3.58957e+02  3.60049e+02  4.28922e+00  4.30132e+00  1.62506e-02  7.42438e+01  4.33272e+02  1.78440e-01 -4.18363e+05  2.17158e+03  0.00000e+00 -4.16191e+05  7.06803e+05  2.90612e+05  1.62543e-02  1.00000e+00 -7.41953e+01  0.00000e+00  3.90311e-01 
 4.64138e-03  8.51483e-04  0.00000e+00  3.47944e+00  9.40617e-05  3.58967e+02  3.60049e+02  4.28711e+00  4.30191e+00  1.75279e-02  6.46609e+01  3.70547e+02  1.74292e+01 -3.48500e+05  1.85744e+03  0.00000e+00 -3.46625e+05  4.88073e+05  1.41447e+05  1.75325e-02  1.00000e+00 -6.46182e+01  0.00000e+00  4.02013e-01 
 4.69084e-03  1.08931e-03  0.00000e+00  3.47944e+00  1.06194e-04  3.58981e+02  3.60049e+02  4.28423e+00  4.30144e+00  1.91682e-02  5.97611e+01  3.28214e+02  2.80272e+02 -3.13320e+05  1.64534e+03  0.00000e+00 -3.11395e+05  3.65350e+05  5.39553e+04  1.91737e-02  1.00000e+00 -5.97211e+01  0.00000e+00  4.17853e-01 
 4.75174e-03  1.32727e-03  1.05001e-20  3.47944e+00  1.17278e-04  3.58998e+02  3.60049e+02  4.28061e+00  4.29998e+00  2.11988e-02  5.73872e+01  2.97195e+02  1.81449e+03 -2.96573e+05  1.48978e+03  0.00000e+00 -2.93268e+05  2.87244e+05 -6.02436e+03  2.12052e-02  1.00000e+00 -5.73481e+01  0.00000e+00  4.38121e-01 
 4.82366e-03  1.56534e-03  0.00000e+00  3.47944e+00  1.27443e-04  3.59020e+02  3.60049e+02  4.27621e+00  4.29754e+00  2.36555e-02  5.66582e+01  2.73490e+02  6.86505e+03 -2.91909e+05  1.37071e+03  0.00000e+00 -2.83673e+05  2.33870e+05 -4.98033e+04  2.36628e-02  1.00000e+00 -5.66188e+01  0.00000e+00  4.63204e-01 
 4.90611e-03  1.80349e-03  8.81027e-21  3.47944e+00  1.36669e-04  3.59045e+02  3.60049e+02  4.27103e+00  4.29410e+00  2.65833e-02  5.71743e+01  2.55027e+02  1.83258e+04 -2.96686e+05  1.27774e+03  0.00000e+00 -2.77083e+05  1.95830e+05 -8.12533e+04  2.65917e-02  1.00000e+00 -5.71337e+01  0.00000e+00  4.93591e-01 
 4.99859e-03  2.04170e-03  0.00000e+00  3.47944e+00  1.44896e-04  3.59074e+02  3.60049e+02  4.26502e+00  4.28960e+00  3.00329e-02  5.87322e+01  2.40547e+02  3.85477e+04 -3.09881e+05  1.20460e+03  0.00000e+00 -2.70129e+05  1.67948e+05 -1.02181e+05  3.00438e-02  1.00000e+00 -5.86892e+01  0.00000e+00  5.29889e-01 
 5.10055e-03  2.27996e-03  7.58893e-21  3.47944e+00  1.52103e-04  3.59106e+02  3.60049e+02  4.25815e+00  4.28400e+00  3.40569e-02  6.11784e+01  2.29150e+02  6.87192e+04 -3.31073e+05  1.14667e+03  0.00000e+00 -2.61207e+05  1.46973e+05 -1.14235e+05  3.40665e-02  1.00000e+00 -6.11321e+01  0.00000e+00  5.72828e-01 
 5.21143e-03  2.51826e-03  7.09702e-21  3.47944e+00  1.58345e-04  3.59142e+02  3.60049e+02  4.25037e+00  4.27727e+00  3.87252e-02  6.44332e+01  2.20117e+02  1.09047e+05 -3.60505e+05  1.10038e+03  0.00000e+00 -2.50358e+05  1.30769e+05 -1.19589e+05  3.87346e-02  1.00000e+00 -6.43827e+01  0.00000e+00  6.23279e-01 
 5.33068e-03  2.75659e-03  1.33300e-20  3.47944e+00  1.63755e-04  3.59180e+02  3.60049e+02  4.24161e+00  4.26935e+00  4.41039e-02  6.83779e+01  2.12844e+02  1.59401e+05 -3.98409e+05  1.06270e+03  0.00000e+00 -2.37945e+05  1.17824e+05 -1.20121e+05  4.41141e-02  1.00000e+00 -6.83221e+01  0.00000e+00  6.82251e-01 
 5.45775e-03  2.99495e-03  1.25651e-20  3.47944e+00  1.68518e-04  3.59220e+02  3.60049e+02  4.23180e+00  4.26024e+00  5.02604e-02  7.28749e+01  2.06829e+02  2.19696e+05 -4.45056e+05  1.03110e+03  0.00000e+00 -2.24329e+05  1.07073e+05 -1.17256e+05  5.02723e-02  1.00000e+00 -7.28125e+01  0.00000e+00  7.50955e-01 
 5.59212e-03  3.23333e-03  0.00000e+00  3.47944e+00  1.72842e-04  3.59262e+02  3.60049e+02  4.22083e+00  4.24986e+00  5.72607e-02  7.77639e+01  2.01655e+02  2.89928e+05 -5.00630e+05  1.00349e+03  0.00000e+00 -2.09699e+05  9.77756e+04 -1.11923e+05  5.72744e-02  1.00000e+00 -7.76940e+01  0.00000e+00  8.30838e-01 
 5.73326e-03  3.47172e-03  0.00000e+00  3.47944e+00  1.76944e-04  3.59306e+02  3.60049e+02  4.20860e+00  4.23817e+00  6.51700e-02  8.25586e+01  1.96980e+02  3.70008e+05 -5.65143e+05  9.78158e+02  0.00000e+00 -1.94157e+05  8.90884e+04 -1.05068e+05  6.51852e-02  1.00000e+00 -8.24803e+01  0.00000e+00  9.23564e-01 
 5.88069e-03  3.71014e-03 -5.35987e-21  3.47944e+00  1.81030e-04  3.59350e+02  3.60049e+02  4.19498e+00  4.22507e+00  7.40320e-02  8.65634e+01  1.92534e+02  4.59493e+05 -6.38192e+05  9.53736e+02  0.00000e+00 -1.77745e+05  8.03675e+04 -9.73772e+04  7.40493e-02  1.00000e+00 -8.64763e+01  0.00000e+00  1.03109e+00 
 6.03395e-03  3.94857e-03  5.10973e-21  3.47944e+00  1.85282e-04  3.59395e+02  3.60049e+02  4.17979e+00  4.21045e+00  8.38985e-02  9.00778e+01  1.88116e+02  5.57210e+05 -7.19184e+05  9.29245e+02  0.00000e+00 -1.61045e+05  7.20977e+04 -8.89468e+04  8.39176e-02  1.00000e+00 -8.99812e+01  0.00000e+00  1.15560e+00 
 6.19261e-03  4.18701e-03  0.00000e+00  3.47944e+00  1.89869e-04  3.59440e+02  3.60049e+02  4.16284e+00  4.19407e+00  9.47230e-02  9.27862e+01  1.83572e+02  6.61378e+05 -8.06351e+05  9.03871e+02  0.00000e+00 -1.44069e+05  6.41846e+04 -7.98840e+04  9.47455e-02  1.00000e+00 -9.26798e+01  0.00000e+00  1.29975e+00 
 6.35626e-03  4.42546e-03  0.00000e+00  3.47944e+00  1.94962e-04  3.59485e+02  3.60049e+02  4.14392e+00  4.17573e+00  1.06536e-01  9.44807e+01  1.78776e+02  7.69201e+05 -8.97922e+05  8.76990e+02  0.00000e+00 -1.27845e+05  5.65898e+04 -7.12547e+04  1.06556e-01  1.00000e+00 -9.43641e+01  0.00000e+00  1.46625e+00 
 6.52453e-03  4.66392e-03 -8.96437e-21  3.47944e+00  2.00707e-04  3.59529e+02  3.60049e+02  4.12275e+00  4.15517e+00  1.19245e-01  9.49299e+01  1.73659e+02  8.77567e+05 -9.91042e+05  8.48271e+02  0.00000e+00 -1.12626e+05  4.93409e+04 -6.32856e+04  1.19266e-01  1.00000e+00 -9.48035e+01  0.00000e+00  1.65872e+00 
 6.69707e-03  4.90238e-03  1.72236e-20  3.47944e+00  2.07223e-04  3.59572e+02  3.60049e+02  4.09905e+00  4.13216e+00  1.32783e-01  9.40172e+01  1.68199e+02  9.82393e+05 -1.08264e+06  8.17634e+02  0.00000e+00 -9.94280e+04  4.25002e+04 -5.69277e+04  1.32804e-01  1.00000e+00 -9.38812e+01  0.00000e+00  1.88026e+00 
 6.87356e-03  5.14086e-03  8.28595e-21  3.47944e+00  2.14562e-04  3.59614e+02  3.60049e+02  4.07251e+00  4.10641e+00  1.46932e-01  9.16589e+01  1.62446e+02  1.08028e+06 -1.16910e+06  7.85246e+02  0.00000e+00 -8.80369e+04  3.61584e+04 -5.18785e+04  1.46957e-01  1.00000e+00 -9.15144e+01  0.00000e+00  2.13523e+00 
 7.05370e-03  5.37934e-03 -1.59677e-20  3.47944e+00  2.22725e-04  3.59654e+02  3.60049e+02  4.04284e+00  4.07760e+00  1.61575e-01  8.79657e+01  1.56492e+02  1.16782e+06 -1.24797e+06  7.51686e+02  0.00000e+00 -7.93938e+04  3.03959e+04 -4.89980e+04  1.61601e-01  1.00000e+00 -8.78136e+01  0.00000e+00  2.42719e+00 
 7.23722e-03  5.61783e-03  0.00000e+00  3.47944e+00  2.31596e-04  3.59693e+02  3.60049e+02  4.00971e+00  4.04538e+00  1.76431e-01  8.30803e+01  1.50498e+02  1.24361e+06 -1.31725e+06  7.17656e+02  0.00000e+00 -7.29275e+04  2.52789e+04 -4.76486e+04  1.76461e-01  1.00000e+00 -8.29218e+01  0.00000e+00  2.76140e+00 
 7.42387e-03  5.85632e-03  0.00000e+00  3.47944e+00  2.40992e-04  3.59730e+02  3.60049e+02  3.97291e+00  4.00953e+00  1.91352e-01  7.72783e+01  1.44631e+02  1.30688e+06 -1.37677e+06  6.84127e+02  0.00000e+00 -6.92022e+04  2.08313e+04 -4.83710e+04  1.91379e-01  1.00000e+00 -7.71146e+01  0.00000e+00  3.14182e+00 
 7.61342e-03  6.09482e-03  0.00000e+00  3.47944e+00  2.50569e-04  3.59766e+02  3.60049e+02  3.93243e+00  3.97001e+00  2.06016e-01  7.08187e+01  1.39103e+02  1.35999e+06 -1.42763e+06  6.51892e+02  0.00000e+00 -6.69887e+04  1.70494e+04 -4.99393e+04  2.06045e-01  1.00000e+00 -7.06507e+01  0.00000e+00  3.57620e+00 
 7.80566e-03  6.33332e-03  0.00000e+00  3.47944e+00  2.59976e-04  3.59800e+02  3.60049e+02  3.88802e+00  3.92651e+00  2.20398e-01  6.39982e+01  1.34070e+02  1.40516e+06 -1.47303e+06  6.21862e+02  0.00000e+00 -6.72494e+04  1.38772e+04 -5.33722e+04  2.20422e-01  1.00000e+00 -6.38266e+01  0.00000e+00  4.07082e+00 
 8.00039e-03  6.57182e-03  0.00000e+00  3.47944e+00  2.68688e-04  3.59834e+02  3.60049e+02  3.83966e+00  3.87893e+00  2.34192e-01  5.70096e+01  1.29724e+02  1.44818e+06 -1.51700e+06  5.94677e+02  0.00000e+00 -6.82233e+04  1.12523e+04 -5.69710e+04  2.34218e-01  1.00000e+00 -5.68346e+01  0.00000e+00  4.64054e+00 
 8.19744e-03  6.81033e-03  1.31016e-20  3.47944e+00  2.76316e-04  3.59866e+02  3.60050e+02  3.78668e+00  3.82653e+00  2.47566e-01  4.99948e+01  1.26143e+02  1.49245e+06 -1.56477e+06  5.70844e+02  0.00000e+00 -7.17520e+04  9.07288e+03 -6.26791e+04  2.47586e-01  1.00000e+00 -4.98161e+01  0.00000e+00  5.29694e+00 
 8.39664e-03  7.04884e-03  0.00000e+00  3.47944e+00  2.82286e-04  3.59898e+02  3.60050e+02  3.72932e+00  3.76948e+00  2.60239e-01  4.29736e+01  1.23476e+02  1.54604e+06 -1.62233e+06  5.50576e+02  0.00000e+00 -7.57345e+04  7.25713e+03 -6.84773e+04  2.60261e-01  1.00000e+00 -4.27906e+01  0.00000e+00  6.07089e+00 
 8.59784e-03  7.28736e-03  0.00000e+00  3.47944e+00  2.86331e-04  3.59929e+02  3.60050e+02  3.66571e+00  3.70585e+00  2.72535e-01  3.58644e+01  1.21732e+02  1.61235e+06 -1.69589e+06  5.33961e+02  0.00000e+00 -8.30074e+04  5.69621e+03 -7.73112e+04  2.72550e-01  1.00000e+00 -3.56759e+01  0.00000e+00  6.98647e+00 
 8.80092e-03  7.52587e-03  0.00000e+00  3.47944e+00  2.87914e-04  3.59960e+02  3.60050e+02  3.59689e+00  3.63659e+00  2.84243e-01  2.84846e+01  1.21064e+02  1.70231e+06 -1.79473e+06  5.21014e+02  0.00000e+00 -9.18909e+04  4.30690e+03 -8.75840e+04  2.84262e-01  1.00000e+00 -2.82888e+01  0.00000e+00  8.10968e+00 
 9.00573e-03  7.76439e-03 -1.17014e-20  3.47944e+00  2.86907e-04  3.59992e+02  3.60050e+02  3.51773e+00  3.55659e+00  2.95730e-01  2.04675e+01  1.21489e+02  1.82142e+06 -1.92811e+06  5.11493e+02  0.00000e+00 -1.06178e+05  2.97555e+03 -1.03203e+05  2.95747e-01  1.00000e+00 -2.02622e+01  0.00000e+00  9.49898e+00 
 9.21216e-03  8.00291e-03  0.00000e+00  3.47944e+00  2.82711e-04  3.60026e+02  3.60051e+02  3.43279e+00  3.47034e+00  3.06780e-01  1.12639e+01  1.23293e+02  1.99044e+06 -2.11522e+06  5.05722e+02  0.00000e+00 -1.24276e+05  1.58683e+03 -1.22689e+05  3.06809e-01  1.00000e+00 -1.10457e+01  0.00000e+00  1.13192e+01 
 9.42012e-03  8.24144e-03  0.00000e+00  3.47944e+00  2.75278e-04  3.60061e+02  3.60051e+02  3.32802e+00  3.36375e+00  3.17900e-01 -4.61330e-01  1.26623e+02  2.22384e+06 -2.37860e+06  5.03341e+02  0.00000e+00 -1.54253e+05 -1.35409e+02 -1.54389e+05  3.17930e-01  1.00000e+00  9.51035e-01  0.00000e+00  1.37299e+01 
 9.62949e-03  8.47996e-03  0.00000e+00  3.47944e+00  2.63751e-04  3.60102e+02  3.60051e+02  3.21426e+00  3.24708e+00  3.28860e-01 -3.52720e+01  1.32158e+02  2.57668e+06 -2.77214e+06  5.06462e+02  0.00000e+00 -1.94946e+05 -5.14349e+03 -2.00089e+05  3.28903e-01  1.00000e+00  3.58063e+01  0.00000e+00  1.72422e+01 
 9.84019e-03  8.71849e-03  0.00000e+00  3.47944e+00  2.47680e-04  3.60154e+02  3.60052e+02  3.05867e+00  3.08878e+00  3.39930e-01 -9.07522e+01  1.40734e+02  3.11825e+06 -3.38406e+06  5.13237e+02  0.00000e+00 -2.65295e+05 -1.35194e+04 -2.78814e+05  3.39964e-01  1.00000e+00  9.13479e+01  0.00000e+00  2.25061e+01 
 1.00521e-02  8.95702e-03  0.00000e+00  3.47944e+00  2.25252e-04  3.60233e+02  3.60052e+02  2.88741e+00  2.91465e+00  3.51001e-01 -1.99889e+02  1.54748e+02  4.10433e+06 -4.46511e+06  5.28442e+02  0.00000e+00 -3.60255e+05 -3.16117e+04 -3.91867e+05  3.51045e-01  1.00000e+00  2.00579e+02  0.00000e+00  3.21905e+01 
 1.02653e-02  9.19555e-03  0.00000e+00  3.47944e+00  1.96419e-04  3.60388e+02  3.60053e+02  2.60592e+00  2.62950e+00  3.63266e-01 -4.82522e+02  1.77466e+02  6.10341e+06 -6.55107e+06  5.41663e+02  0.00000e+00 -4.47119e+05 -8.44154e+04 -5.31534e+05  3.63294e-01  1.00000e+00  4.83356e+02  0.00000e+00  5.35530e+01 
 1.04795e-02  9.43408e-03  0.00000e+00  3.47944e+00  1.62999e-04  3.60858e+02  3.60054e+02  2.17121e+00  2.18639e+00  3.77945e-01 -4.77527e+03  2.13855e+02  1.15703e+07 -1.07396e+07  5.65265e+02  1.26945e+06  2.10073e+06 -2.15246e+06 -5.17283e+04  3.78049e-01  1.00000e+00  4.77633e+03  3.14712e+03  1.36040e+02 
