# Code_Saturne plot output (1D profile)
#
# Iteration output: 2844
# Time output:      2.30046e+01
#
#COLUMN_TITLES: Distance | X | Y | Z | diameter_Field2 | temp_Field1 | temp_Field2 | Velocity_Field1[Z] | Velocity_Field2[Z] | vol_f_Field2 | mass_trans_Field1 | Xd_Field2 | BK | COAL | COMP | NUCL | W1 | MT | SMBR | ALPBB | CONDNUM | GAMA | GAMANUC | epsilon_Field1
 4.56474e-03  1.39645e-04  0.00000e+00  3.47944e+00  1.20093e-04  3.59795e+02  3.60054e+02  4.82008e+00  4.84328e+00  9.30145e-02  6.48031e+01  2.90154e+02  7.76858e+03 -1.35909e+06  1.86171e+03  0.00000e+00 -1.34946e+06  1.09795e+05 -1.23967e+06  9.30180e-02  1.00000e+00 -6.48130e+01  0.00000e+00  5.22393e-01 
 4.57812e-03  3.76525e-04  4.25872e-21  3.47944e+00  1.61984e-04  3.59795e+02  3.60054e+02  4.81939e+00  4.85276e+00  9.39641e-02  4.37412e+01  2.15116e+02  8.85738e+04 -8.23296e+05  1.38243e+03  0.00000e+00 -7.33339e+05  5.43913e+04 -6.78948e+05  9.39673e-02  1.00000e+00 -4.37481e+01  0.00000e+00  5.29259e-01 
 4.60371e-03  6.13858e-04  0.00000e+00  3.47944e+00  1.88564e-04  3.59797e+02  3.60054e+02  4.81782e+00  4.85770e+00  9.58056e-02  3.62780e+01  1.84794e+02  1.80542e+05 -6.50609e+05  1.18889e+03  0.00000e+00 -4.68879e+05  3.80076e+04 -4.30871e+05  9.58090e-02  1.00000e+00 -3.62837e+01  0.00000e+00  5.42559e-01 
 4.64138e-03  8.51483e-04  0.00000e+00  3.47944e+00  2.04386e-04  3.59800e+02  3.60054e+02  4.81561e+00  4.85928e+00  9.84785e-02  3.32454e+01  1.70489e+02  2.44966e+05 -5.88219e+05  1.09737e+03  0.00000e+00 -3.42155e+05  3.12622e+04 -3.10893e+05  9.84820e-02  1.00000e+00 -3.32507e+01  0.00000e+00  5.62564e-01 
 4.69084e-03  1.08931e-03  0.00000e+00  3.47944e+00  2.14120e-04  3.59805e+02  3.60054e+02  4.81263e+00  4.85850e+00  1.02046e-01  3.19964e+01  1.62738e+02  2.94618e+05 -5.70461e+05  1.04749e+03  0.00000e+00 -2.74796e+05  2.77160e+04 -2.47080e+05  1.02050e-01  1.00000e+00 -3.20016e+01  0.00000e+00  5.89646e-01 
 4.75174e-03  1.32727e-03  1.05001e-20  3.47944e+00  2.20412e-04  3.59811e+02  3.60054e+02  4.80885e+00  4.85597e+00  1.06519e-01  3.16035e+01  1.58092e+02  3.39625e+05 -5.76279e+05  1.01726e+03  0.00000e+00 -2.35636e+05  2.54776e+04 -2.10159e+05  1.06522e-01  1.00000e+00 -3.16088e+01  0.00000e+00  6.24430e-01 
 4.82366e-03  1.56534e-03  0.00000e+00  3.47944e+00  2.24786e-04  3.59818e+02  3.60053e+02  4.80421e+00  4.85202e+00  1.11929e-01  3.16573e+01  1.55016e+02  3.85390e+05 -5.97299e+05  9.96870e+02  0.00000e+00 -2.10913e+05  2.38148e+04 -1.87098e+05  1.11933e-01  1.00000e+00 -3.16627e+01  0.00000e+00  6.67708e-01 
 4.90611e-03  1.80349e-03  8.81027e-21  3.47944e+00  2.28131e-04  3.59827e+02  3.60053e+02  4.79864e+00  4.84682e+00  1.18288e-01  3.19346e+01  1.52743e+02  4.34720e+05 -6.29621e+05  9.81463e+02  0.00000e+00 -1.93919e+05  2.23982e+04 -1.71521e+05  1.18296e-01  1.00000e+00 -3.19403e+01  0.00000e+00  7.20481e-01 
 4.99859e-03  2.04170e-03  0.00000e+00  3.47944e+00  2.30987e-04  3.59836e+02  3.60053e+02  4.79205e+00  4.84041e+00  1.25612e-01  3.22942e+01  1.50855e+02  4.89019e+05 -6.71213e+05  9.68338e+02  0.00000e+00 -1.81225e+05  2.10663e+04 -1.60159e+05  1.25619e-01  1.00000e+00 -3.23002e+01  0.00000e+00  7.83941e-01 
 5.10055e-03  2.27996e-03  7.58893e-21  3.47944e+00  2.33700e-04  3.59847e+02  3.60053e+02  4.78431e+00  4.83276e+00  1.33889e-01  3.26293e+01  1.49103e+02  5.48830e+05 -7.20743e+05  9.55911e+02  0.00000e+00 -1.70956e+05  1.97375e+04 -1.51219e+05  1.33896e-01  1.00000e+00 -3.26356e+01  0.00000e+00  8.59491e-01 
 5.21143e-03  2.51826e-03  7.09702e-21  3.47944e+00  2.36513e-04  3.59858e+02  3.60053e+02  4.77529e+00  4.82381e+00  1.43095e-01  3.28519e+01  1.47330e+02  6.14050e+05 -7.77075e+05  9.43155e+02  0.00000e+00 -1.62083e+05  1.83727e+04 -1.43710e+05  1.43103e-01  1.00000e+00 -3.28585e+01  0.00000e+00  9.48738e-01 
 5.33068e-03  2.75659e-03  1.33300e-20  3.47944e+00  2.39604e-04  3.59870e+02  3.60053e+02  4.76482e+00  4.81341e+00  1.53179e-01  3.28846e+01  1.45430e+02  6.84025e+05 -8.38953e+05  9.29372e+02  0.00000e+00 -1.53998e+05  1.69590e+04 -1.37039e+05  1.53186e-01  1.00000e+00 -3.28916e+01  0.00000e+00  1.05350e+00 
 5.45775e-03  2.99495e-03  1.25651e-20  3.47944e+00  2.43112e-04  3.59883e+02  3.60053e+02  4.75271e+00  4.80141e+00  1.64072e-01  3.26642e+01  1.43331e+02  7.57589e+05 -9.04928e+05  9.14093e+02  0.00000e+00 -1.46424e+05  1.55004e+04 -1.30924e+05  1.64077e-01  1.00000e+00 -3.26716e+01  0.00000e+00  1.17575e+00 
 5.59212e-03  3.23333e-03  0.00000e+00  3.47944e+00  2.47140e-04  3.59895e+02  3.60053e+02  4.73875e+00  4.78762e+00  1.75661e-01  3.21406e+01  1.40995e+02  8.33185e+05 -9.73227e+05  8.97048e+02  0.00000e+00 -1.39145e+05  1.40139e+04 -1.25131e+05  1.75665e-01  1.00000e+00 -3.21485e+01  0.00000e+00  1.31766e+00 
 5.73326e-03  3.47172e-03  0.00000e+00  3.47944e+00  2.51757e-04  3.59908e+02  3.60053e+02  4.72271e+00  4.77181e+00  1.87831e-01  3.12863e+01  1.38409e+02  9.08931e+05 -1.04198e+06  8.78143e+02  0.00000e+00 -1.32170e+05  1.25240e+04 -1.19646e+05  1.87833e-01  1.00000e+00 -3.12945e+01  0.00000e+00  1.48144e+00 
 5.88069e-03  3.71014e-03 -5.35987e-21  3.47944e+00  2.56987e-04  3.59921e+02  3.60053e+02  4.70438e+00  4.75378e+00  2.00410e-01  3.00929e+01  1.35593e+02  9.82935e+05 -1.10914e+06  8.57486e+02  0.00000e+00 -1.25349e+05  1.10608e+04 -1.14288e+05  2.00408e-01  1.00000e+00 -3.01014e+01  0.00000e+00  1.66944e+00 
 6.03395e-03  3.94857e-03  5.10973e-21  3.47944e+00  2.62820e-04  3.59934e+02  3.60053e+02  4.68354e+00  4.73330e+00  2.13265e-01  2.85806e+01  1.32584e+02  1.05333e+06 -1.17305e+06  8.35318e+02  0.00000e+00 -1.18888e+05  9.65309e+03 -1.09235e+05  2.13261e-01  1.00000e+00 -2.85894e+01  0.00000e+00  1.88390e+00 
 6.19261e-03  4.18701e-03  0.00000e+00  3.47944e+00  2.69177e-04  3.59947e+02  3.60053e+02  4.66002e+00  4.71020e+00  2.26185e-01  2.67843e+01  1.29453e+02  1.11883e+06 -1.23217e+06  8.12088e+02  0.00000e+00 -1.12526e+05  8.32864e+03 -1.04198e+05  2.26176e-01  1.00000e+00 -2.67934e+01  0.00000e+00  2.12718e+00 
 6.35626e-03  4.42546e-03  0.00000e+00  3.47944e+00  2.75952e-04  3.59959e+02  3.60053e+02  4.63368e+00  4.68431e+00  2.39070e-01  2.47620e+01  1.26275e+02  1.17847e+06 -1.28592e+06  7.88262e+02  0.00000e+00 -1.06670e+05  7.10640e+03 -9.95638e+04  2.39054e-01  1.00000e+00 -2.47713e+01  0.00000e+00  2.40146e+00 
 6.52453e-03  4.66392e-03 -8.96437e-21  3.47944e+00  2.82961e-04  3.59971e+02  3.60054e+02  4.60446e+00  4.65555e+00  2.51718e-01  2.25724e+01  1.23147e+02  1.23233e+06 -1.33410e+06  7.64474e+02  0.00000e+00 -1.01012e+05  6.00045e+03 -9.50113e+04  2.51698e-01  1.00000e+00 -2.25820e+01  0.00000e+00  2.70933e+00 
 6.69707e-03  4.90238e-03  1.72236e-20  3.47944e+00  2.90007e-04  3.59982e+02  3.60054e+02  4.57230e+00  4.62381e+00  2.64062e-01  2.02786e+01  1.20155e+02  1.28086e+06 -1.37752e+06  7.41291e+02  0.00000e+00 -9.59215e+04  5.01407e+03 -9.09074e+04  2.64042e-01  1.00000e+00 -2.02883e+01  0.00000e+00  3.05325e+00 
 6.87356e-03  5.14086e-03  8.28595e-21  3.47944e+00  2.96824e-04  3.59994e+02  3.60054e+02  4.53719e+00  4.58907e+00  2.75952e-01  1.79337e+01  1.17396e+02  1.32573e+06 -1.41752e+06  7.19282e+02  0.00000e+00 -9.10665e+04  4.14593e+03 -8.69206e+04  2.75941e-01  1.00000e+00 -1.79435e+01  0.00000e+00  3.43698e+00 
 7.05370e-03  5.37934e-03 -1.59677e-20  3.47944e+00  3.03183e-04  3.60004e+02  3.60054e+02  4.49910e+00  4.55125e+00  2.87431e-01  1.55800e+01  1.14934e+02  1.36838e+06 -1.45614e+06  6.98847e+02  0.00000e+00 -8.70648e+04  3.38569e+03 -8.36791e+04  2.87425e-01  1.00000e+00 -1.55900e+01  0.00000e+00  3.86418e+00 
 7.23722e-03  5.61783e-03  0.00000e+00  3.47944e+00  3.08784e-04  3.60015e+02  3.60054e+02  4.45802e+00  4.51028e+00  2.98363e-01  1.32428e+01  1.12850e+02  1.41168e+06 -1.49566e+06  6.80405e+02  0.00000e+00 -8.32926e+04  2.72238e+03 -8.05702e+04  2.98361e-01  1.00000e+00 -1.32529e+01  0.00000e+00  4.34159e+00 
 7.42387e-03  5.85632e-03  0.00000e+00  3.47944e+00  3.13450e-04  3.60025e+02  3.60054e+02  4.41374e+00  4.46594e+00  3.08883e-01  1.09319e+01  1.11170e+02  1.45728e+06 -1.53866e+06  6.64105e+02  0.00000e+00 -8.07220e+04  2.13884e+03 -7.85832e+04  3.08883e-01  1.00000e+00 -1.09422e+01  0.00000e+00  4.87526e+00 
 7.61342e-03  6.09482e-03  0.00000e+00  3.47944e+00  3.16909e-04  3.60034e+02  3.60054e+02  4.36622e+00  4.41814e+00  3.18841e-01  8.64309e+00  1.09957e+02  1.50887e+06 -1.58790e+06  6.50189e+02  0.00000e+00 -7.83816e+04  1.62079e+03 -7.67608e+04  3.18841e-01  1.00000e+00 -8.65358e+00  0.00000e+00  5.47770e+00 
 7.80566e-03  6.33332e-03  0.00000e+00  3.47944e+00  3.19096e-04  3.60044e+02  3.60054e+02  4.31493e+00  4.36631e+00  3.28466e-01  6.35635e+00  1.09204e+02  1.56768e+06 -1.64606e+06  6.38549e+02  0.00000e+00 -7.77399e+04  1.14965e+03 -7.65902e+04  3.28467e-01  1.00000e+00 -6.36707e+00  0.00000e+00  6.15876e+00 
 8.00039e-03  6.57182e-03  0.00000e+00  3.47944e+00  3.19769e-04  3.60053e+02  3.60055e+02  4.25992e+00  4.31050e+00  3.37566e-01  4.04250e+00  1.08975e+02  1.63862e+06 -1.71662e+06  6.29344e+02  0.00000e+00 -7.73646e+04  7.10681e+02 -7.66539e+04  3.37567e-01  1.00000e+00 -4.05348e+00  0.00000e+00  6.94189e+00 
 8.19744e-03  6.81033e-03  1.31016e-20  3.47944e+00  3.18986e-04  3.60062e+02  3.60055e+02  4.19991e+00  4.24940e+00  3.46445e-01  1.65461e+00  1.09243e+02  1.72253e+06 -1.80252e+06  6.22310e+02  0.00000e+00 -7.93735e+04  2.85294e+02 -7.90882e+04  3.46447e-01  1.00000e+00 -1.66592e+00  0.00000e+00  7.84313e+00 
 8.39664e-03  7.04884e-03  0.00000e+00  3.47944e+00  3.16492e-04  3.60070e+02  3.60055e+02  4.13565e+00  4.18376e+00  3.54856e-01 -2.00284e+00  1.10104e+02  1.82701e+06 -1.90932e+06  6.17659e+02  0.00000e+00 -8.16946e+04 -3.33680e+02 -8.20282e+04  3.54857e-01  1.00000e+00  1.98015e+00  0.00000e+00  8.90892e+00 
 8.59784e-03  7.28736e-03  0.00000e+00  3.47944e+00  3.12445e-04  3.60079e+02  3.60055e+02  4.06378e+00  4.11021e+00  3.63172e-01 -8.17484e+00  1.11531e+02  1.95314e+06 -2.04124e+06  6.15013e+02  0.00000e+00 -8.74786e+04 -1.35955e+03 -8.88381e+04  3.63174e-01  1.00000e+00  8.15140e+00  0.00000e+00  1.01675e+01 
 8.80092e-03  7.52587e-03  0.00000e+00  3.47944e+00  3.06427e-04  3.60088e+02  3.60056e+02  3.98763e+00  4.03208e+00  3.71104e-01 -1.53217e+01  1.13722e+02  2.11555e+06 -2.21034e+06  6.14995e+02  0.00000e+00 -9.41792e+04 -2.54594e+03 -9.67251e+04  3.71105e-01  1.00000e+00  1.52974e+01  0.00000e+00  1.17207e+01 
 9.00573e-03  7.76439e-03 -1.17014e-20  3.47944e+00  2.98600e-04  3.60098e+02  3.60056e+02  3.89788e+00  3.94001e+00  3.79062e-01 -2.41680e+01  1.16704e+02  2.31865e+06 -2.42653e+06  6.17102e+02  0.00000e+00 -1.07258e+05 -4.03687e+03 -1.11294e+05  3.79064e-01  1.00000e+00  2.41426e+01  0.00000e+00  1.36283e+01 
 9.21216e-03  8.00291e-03  0.00000e+00  3.47944e+00  2.88316e-04  3.60109e+02  3.60056e+02  3.80549e+00  3.84496e+00  3.86774e-01 -3.60053e+01  1.20868e+02  2.59458e+06 -2.71860e+06  6.22863e+02  0.00000e+00 -1.23393e+05 -6.10635e+03 -1.29500e+05  3.86775e-01  1.00000e+00  3.59786e+01  0.00000e+00  1.61474e+01 
 9.42012e-03  8.24144e-03  0.00000e+00  3.47944e+00  2.75732e-04  3.60124e+02  3.60057e+02  3.68548e+00  3.72197e+00  3.94652e-01 -5.32212e+01  1.26385e+02  2.96135e+06 -3.11503e+06  6.30972e+02  0.00000e+00 -1.53044e+05 -9.25169e+03 -1.62296e+05  3.94654e-01  1.00000e+00  5.31929e+01  0.00000e+00  1.94529e+01 
 9.62949e-03  8.47996e-03  0.00000e+00  3.47944e+00  2.59681e-04  3.60145e+02  3.60057e+02  3.56683e+00  3.60003e+00  4.02515e-01 -8.11312e+01  1.34198e+02  3.51046e+06 -3.70350e+06  6.45880e+02  0.00000e+00 -1.92388e+05 -1.46850e+04 -2.07073e+05  4.02516e-01  1.00000e+00  8.11008e+01  0.00000e+00  2.43542e+01 
 9.84019e-03  8.71849e-03  0.00000e+00  3.47944e+00  2.40098e-04  3.60177e+02  3.60058e+02  3.38849e+00  3.41817e+00  4.10622e-01 -1.32073e+02  1.45145e+02  4.34056e+06 -4.60652e+06  6.63748e+02  0.00000e+00 -2.65293e+05 -2.53484e+04 -2.90642e+05  4.10625e-01  1.00000e+00  1.32039e+02  0.00000e+00  3.17121e+01 
 1.00521e-02  8.95702e-03  0.00000e+00  3.47944e+00  2.14653e-04  3.60235e+02  3.60058e+02  3.20791e+00  3.23404e+00  4.18890e-01 -2.44862e+02  1.62352e+02  5.86416e+06 -6.22767e+06  6.96799e+02  0.00000e+00 -3.62819e+05 -5.15348e+04 -4.14354e+05  4.18892e-01  1.00000e+00  2.44825e+02  0.00000e+00  4.54699e+01 
 1.02653e-02  9.19555e-03  0.00000e+00  3.47944e+00  1.83458e-04  3.60368e+02  3.60059e+02  2.88046e+00  2.90166e+00  4.28128e-01 -5.67390e+02  1.89962e+02  8.96947e+06 -9.42774e+06  7.27586e+02  0.00000e+00 -4.57543e+05 -1.36719e+05 -5.94262e+05  4.28136e-01  1.00000e+00  5.67348e+02  0.00000e+00  7.53746e+01 
 1.04795e-02  9.43408e-03  0.00000e+00  3.47944e+00  1.47782e-04  3.60825e+02  3.60060e+02  2.40969e+00  2.42219e+00  4.39179e-01 -5.39152e+03  2.35824e+02  1.77418e+07 -1.62673e+07  7.81997e+02  1.26065e+06  2.73597e+06 -2.77112e+06 -3.51444e+04  4.39186e-01  1.00000e+00  5.39147e+03  3.34888e+03  1.90613e+02 
