# Code_Saturne plot output (1D profile)
#
# Iteration output: 4918
# Time output:      2.30002e+01
#
#COLUMN_TITLES: Distance | X | Y | Z | diameter_Field2 | temp_Field1 | temp_Field2 | Velocity_Field1[Z] | Velocity_Field2[Z] | vol_f_Field2 | mass_trans_Field1 | Xd_Field2 | BK | COAL | COMP | NUCL | W1 | MT | SMBR | ALPBB | CONDNUM | GAMA | GAMANUC | epsilon_Field1
 4.56474e-03  1.39645e-04  0.00000e+00  3.47944e+00  3.66817e-04  3.60077e+02  3.60060e+02  5.40777e+00  5.49162e+00  2.68981e-01  6.07423e-02  9.49621e+01  3.67860e+05 -6.24373e+05  7.74354e+02  0.00000e+00 -2.55739e+05  1.65816e+01 -2.55722e+05  2.68972e-01  1.00000e+00 -9.85019e-02  0.00000e+00  1.48210e+00 
 4.57812e-03  3.76525e-04  4.25872e-21  3.47944e+00  3.82616e-04  3.60078e+02  3.60060e+02  5.40579e+00  5.49386e+00  2.69872e-01  2.33000e-02  9.10409e+01  3.56242e+05 -5.80432e+05  7.42554e+02  0.00000e+00 -2.23447e+05  9.51178e+00 -2.23438e+05  2.69865e-01  1.00000e+00 -5.91341e-02  0.00000e+00  1.49776e+00 
 4.60371e-03  6.13858e-04  0.00000e+00  3.47944e+00  3.93422e-04  3.60078e+02  3.60060e+02  5.40249e+00  5.49317e+00  2.71209e-01 -1.79133e-01  8.85402e+01  3.50832e+05 -5.56176e+05  7.22224e+02  0.00000e+00 -2.04622e+05 -1.59296e+01 -2.04637e+05  2.71203e-01  1.00000e+00  1.02336e-01  0.00000e+00  1.52804e+00 
 4.64138e-03  8.51483e-04  0.00000e+00  3.47944e+00  4.02325e-04  3.60079e+02  3.60060e+02  5.39773e+00  5.49029e+00  2.73109e-01 -4.05599e-01  8.65810e+01  3.48616e+05 -5.40532e+05  7.06117e+02  0.00000e+00 -1.91210e+05 -4.99253e+01 -1.91260e+05  2.73103e-01  1.00000e+00  3.30290e-01  0.00000e+00  1.57338e+00 
 4.69084e-03  1.08931e-03  0.00000e+00  3.47944e+00  4.11057e-04  3.60080e+02  3.60060e+02  5.39140e+00  5.48562e+00  2.75595e-01 -6.97988e-01  8.47416e+01  3.47852e+05 -5.28132e+05  6.90796e+02  0.00000e+00 -1.79589e+05 -9.14654e+01 -1.79681e+05  2.75590e-01  1.00000e+00  6.23874e-01  0.00000e+00  1.63404e+00 
 4.75174e-03  1.32727e-03  1.05001e-20  3.47944e+00  4.20312e-04  3.60081e+02  3.60060e+02  5.38358e+00  5.47889e+00  2.78611e-01 -1.04809e+00  8.28757e+01  3.47762e+05 -5.16783e+05  6.75212e+02  0.00000e+00 -1.68346e+05 -1.38317e+02 -1.68484e+05  2.78607e-01  1.00000e+00  9.75250e-01  0.00000e+00  1.71078e+00 
 4.82366e-03  1.56534e-03  0.00000e+00  3.47944e+00  4.30387e-04  3.60082e+02  3.60060e+02  5.37421e+00  5.46994e+00  2.82156e-01 -1.44918e+00  8.09357e+01  3.47817e+05 -5.05534e+05  6.58859e+02  0.00000e+00 -1.57059e+05 -1.88415e+02 -1.57247e+05  2.82152e-01  1.00000e+00  1.37764e+00  0.00000e+00  1.80409e+00 
 4.90611e-03  1.80349e-03  8.81027e-21  3.47944e+00  4.41301e-04  3.60084e+02  3.60060e+02  5.36318e+00  5.45881e+00  2.86183e-01 -1.89428e+00  7.89341e+01  3.47776e+05 -4.94076e+05  6.41838e+02  0.00000e+00 -1.45658e+05 -2.39873e+02 -1.45898e+05  2.86180e-01  1.00000e+00  1.82405e+00  0.00000e+00  1.91472e+00 
 4.99859e-03  2.04170e-03  0.00000e+00  3.47944e+00  4.52953e-04  3.60086e+02  3.60060e+02  5.35042e+00  5.44557e+00  2.90681e-01 -2.37670e+00  7.69035e+01  3.47515e+05 -4.82431e+05  6.24410e+02  0.00000e+00 -1.34292e+05 -2.91100e+02 -1.34583e+05  2.90679e-01  1.00000e+00  2.30776e+00  0.00000e+00  2.04358e+00 
 5.10055e-03  2.27996e-03  7.58893e-21  3.47944e+00  4.65096e-04  3.60087e+02  3.60060e+02  5.33585e+00  5.43020e+00  2.95571e-01 -2.89125e+00  7.48958e+01  3.47120e+05 -4.70806e+05  6.06999e+02  0.00000e+00 -1.23079e+05 -3.41122e+02 -1.23420e+05  2.95570e-01  1.00000e+00  2.82354e+00  0.00000e+00  2.19186e+00 
 5.21143e-03  2.51826e-03  7.09702e-21  3.47944e+00  4.77417e-04  3.60089e+02  3.60060e+02  5.31938e+00  5.41273e+00  3.00825e-01 -3.43521e+00  7.29630e+01  3.46729e+05 -4.59569e+05  5.90056e+02  0.00000e+00 -1.12250e+05 -3.89547e+02 -1.12640e+05  3.00825e-01  1.00000e+00  3.36862e+00  0.00000e+00  2.36075e+00 
 5.33068e-03  2.75659e-03  1.33300e-20  3.47944e+00  4.89517e-04  3.60092e+02  3.60060e+02  5.30102e+00  5.39324e+00  3.06363e-01 -4.00802e+00  7.11595e+01  3.46623e+05 -4.49141e+05  5.74011e+02  0.00000e+00 -1.01944e+05 -4.36587e+02 -1.02381e+05  3.06364e-01  1.00000e+00  3.94237e+00  0.00000e+00  2.55174e+00 
 5.45775e-03  2.99495e-03  1.25651e-20  3.47944e+00  5.00988e-04  3.60094e+02  3.60060e+02  5.28065e+00  5.37169e+00  3.12169e-01 -4.61232e+00  6.95303e+01  3.47063e+05 -4.40011e+05  5.59276e+02  0.00000e+00 -9.23884e+04 -4.82903e+02 -9.28713e+04  3.12170e-01  1.00000e+00  4.54737e+00  0.00000e+00  2.76617e+00 
 5.59212e-03  3.23333e-03  0.00000e+00  3.47944e+00  5.11404e-04  3.60096e+02  3.60060e+02  5.25822e+00  5.34804e+00  3.18111e-01 -5.25172e+00  6.81143e+01  3.48435e+05 -4.32542e+05  5.46062e+02  0.00000e+00 -8.35600e+04 -5.29548e+02 -8.40896e+04  3.18114e-01  1.00000e+00  5.18721e+00  0.00000e+00  3.00592e+00 
 5.73326e-03  3.47172e-03  0.00000e+00  3.47944e+00  5.20428e-04  3.60099e+02  3.60060e+02  5.23363e+00  5.32222e+00  3.24241e-01 -5.93394e+00  6.69334e+01  3.50942e+05 -4.27198e+05  5.34624e+02  0.00000e+00 -7.57218e+04 -5.77684e+02 -7.62995e+04  3.24245e-01  1.00000e+00  5.86956e+00  0.00000e+00  3.27239e+00 
 5.88069e-03  3.71014e-03 -5.35987e-21  3.47944e+00  5.27769e-04  3.60101e+02  3.60060e+02  5.20688e+00  5.29422e+00  3.30471e-01 -6.66628e+00  6.60025e+01  3.54902e+05 -4.24245e+05  5.25005e+02  0.00000e+00 -6.88177e+04 -6.28623e+02 -6.94463e+04  3.30476e-01  1.00000e+00  6.60169e+00  0.00000e+00  3.56829e+00 
 6.03395e-03  3.94857e-03  5.10973e-21  3.47944e+00  5.33264e-04  3.60104e+02  3.60060e+02  5.17788e+00  5.26401e+00  3.36783e-01 -7.45823e+00  6.53226e+01  3.60451e+05 -4.23881e+05  5.17246e+02  0.00000e+00 -6.29127e+04 -6.83667e+02 -6.35963e+04  3.36789e-01  1.00000e+00  7.39311e+00  0.00000e+00  3.89495e+00 
 6.19261e-03  4.18701e-03  0.00000e+00  3.47944e+00  5.36809e-04  3.60106e+02  3.60060e+02  5.14659e+00  5.23150e+00  3.43041e-01 -8.31706e+00  6.48913e+01  3.67874e+05 -4.26167e+05  5.11167e+02  0.00000e+00 -5.77816e+04 -7.44136e+02 -5.85258e+04  3.43049e-01  1.00000e+00  8.25106e+00  0.00000e+00  4.25612e+00 
 6.35626e-03  4.42546e-03  0.00000e+00  3.47944e+00  5.38442e-04  3.60109e+02  3.60060e+02  5.11291e+00  5.19662e+00  3.49281e-01 -9.25500e+00  6.46947e+01  3.77189e+05 -4.31209e+05  5.06796e+02  0.00000e+00 -5.35130e+04 -8.11346e+02 -5.43243e+04  3.49288e-01  1.00000e+00  9.18780e+00  0.00000e+00  4.65365e+00 
 6.52453e-03  4.66392e-03 -8.96437e-21  3.47944e+00  5.38211e-04  3.60112e+02  3.60060e+02  5.07683e+00  5.15935e+00  3.55437e-01 -1.02814e+01  6.47227e+01  3.88607e+05 -4.39066e+05  5.03921e+02  0.00000e+00 -4.99548e+04 -8.86614e+02 -5.08414e+04  3.55442e-01  1.00000e+00  1.02126e+01  0.00000e+00  5.09258e+00 
 6.69707e-03  4.90238e-03  1.72236e-20  3.47944e+00  5.36264e-04  3.60114e+02  3.60060e+02  5.03817e+00  5.11955e+00  3.61553e-01 -1.14121e+01  6.49579e+01  4.02143e+05 -4.49808e+05  5.02447e+02  0.00000e+00 -4.71623e+04 -9.71481e+02 -4.81338e+04  3.61557e-01  1.00000e+00  1.13415e+01  0.00000e+00  5.57658e+00 
 6.87356e-03  5.14086e-03  8.28595e-21  3.47944e+00  5.32690e-04  3.60117e+02  3.60061e+02  4.99687e+00  5.07709e+00  3.67558e-01 -1.26609e+01  6.53940e+01  4.18076e+05 -4.63542e+05  5.02215e+02  0.00000e+00 -4.49644e+04 -1.06777e+03 -4.60321e+04  3.67560e-01  1.00000e+00  1.25881e+01  0.00000e+00  6.11287e+00 
 7.05370e-03  5.37934e-03 -1.59677e-20  3.47944e+00  5.27665e-04  3.60120e+02  3.60061e+02  4.95272e+00  5.03184e+00  3.73509e-01 -1.40514e+01  6.60171e+01  4.36450e+05 -4.80409e+05  5.03111e+02  0.00000e+00 -4.34557e+04 -1.17773e+03 -4.46335e+04  3.73510e-01  1.00000e+00  1.39761e+01  0.00000e+00  6.70673e+00 
 7.23722e-03  5.61783e-03  0.00000e+00  3.47944e+00  5.21237e-04  3.60123e+02  3.60061e+02  4.90562e+00  4.98365e+00  3.79305e-01 -1.56079e+01  6.68315e+01  4.57763e+05 -5.00674e+05  5.05049e+02  0.00000e+00 -4.24058e+04 -1.30455e+03 -4.37103e+04  3.79304e-01  1.00000e+00  1.55296e+01  0.00000e+00  7.36997e+00 
 7.42387e-03  5.85632e-03  0.00000e+00  3.47944e+00  5.13576e-04  3.60126e+02  3.60061e+02  4.85516e+00  4.93212e+00  3.85064e-01 -1.73706e+01  6.78287e+01  4.82102e+05 -5.24685e+05  5.07965e+02  0.00000e+00 -4.20747e+04 -1.45198e+03 -4.35267e+04  3.85062e-01  1.00000e+00  1.72892e+01  0.00000e+00  8.11035e+00 
 7.61342e-03  6.09482e-03  0.00000e+00  3.47944e+00  5.04648e-04  3.60129e+02  3.60061e+02  4.80134e+00  4.87723e+00  3.90641e-01 -1.93866e+01  6.90291e+01  5.10357e+05 -5.53008e+05  5.11854e+02  0.00000e+00 -4.21393e+04 -1.62613e+03 -4.37655e+04  3.90636e-01  1.00000e+00  1.93015e+01  0.00000e+00  8.94805e+00 
 7.80566e-03  6.33332e-03  0.00000e+00  3.47944e+00  4.94607e-04  3.60132e+02  3.60062e+02  4.74330e+00  4.81815e+00  3.96212e-01 -2.17295e+01  7.04308e+01  5.42719e+05 -5.86325e+05  5.16676e+02  0.00000e+00 -4.30892e+04 -1.83404e+03 -4.49233e+04  3.96205e-01  1.00000e+00  2.16403e+01  0.00000e+00  9.89481e+00 
 8.00039e-03  6.57182e-03  0.00000e+00  3.47944e+00  4.83316e-04  3.60136e+02  3.60062e+02  4.68159e+00  4.75539e+00  4.01613e-01 -2.44969e+01  7.20766e+01  5.80744e+05 -6.25799e+05  5.22522e+02  0.00000e+00 -4.45325e+04 -2.08806e+03 -4.66205e+04  4.01604e-01  1.00000e+00  2.44031e+01  0.00000e+00  1.09873e+01 
 8.19744e-03  6.81033e-03  1.31016e-20  3.47944e+00  4.70912e-04  3.60140e+02  3.60062e+02  4.61379e+00  4.68656e+00  4.07036e-01 -2.78336e+01  7.39756e+01  6.24945e+05 -6.72666e+05  5.29311e+02  0.00000e+00 -4.71909e+04 -2.40320e+03 -4.95941e+04  4.07025e-01  1.00000e+00  2.77345e+01  0.00000e+00  1.22460e+01 
 8.39664e-03  7.04884e-03  0.00000e+00  3.47944e+00  4.57125e-04  3.60145e+02  3.60063e+02  4.54266e+00  4.61431e+00  4.12340e-01 -3.19559e+01  7.62073e+01  6.78091e+05 -7.29381e+05  5.37546e+02  0.00000e+00 -5.07517e+04 -2.80658e+03 -5.35583e+04  4.12326e-01  1.00000e+00  3.18508e+01  0.00000e+00  1.37396e+01 
 8.59784e-03  7.28736e-03  0.00000e+00  3.47944e+00  4.42054e-04  3.60151e+02  3.60063e+02  4.46070e+00  4.53103e+00  4.17718e-01 -3.71856e+01  7.88060e+01  7.41581e+05 -7.98549e+05  5.46542e+02  0.00000e+00 -5.64218e+04 -3.33471e+03 -5.97565e+04  4.17702e-01  1.00000e+00  3.70736e+01  0.00000e+00  1.55097e+01 
 8.80092e-03  7.52587e-03  0.00000e+00  3.47944e+00  4.25176e-04  3.60159e+02  3.60063e+02  4.37915e+00  4.44741e+00  4.22924e-01 -4.40492e+01  8.19350e+01  8.21652e+05 -8.85574e+05  5.57737e+02  0.00000e+00 -6.33641e+04 -4.05767e+03 -6.74217e+04  4.22906e-01  1.00000e+00  4.39290e+01  0.00000e+00  1.77175e+01 
 9.00573e-03  7.76439e-03 -1.17014e-20  3.47944e+00  4.06634e-04  3.60168e+02  3.60064e+02  4.27813e+00  4.34194e+00  4.28313e-01 -5.32997e+01  8.56718e+01  9.21974e+05 -9.96481e+05  5.70125e+02  0.00000e+00 -7.39370e+04 -5.07061e+03 -7.90076e+04  4.28294e-01  1.00000e+00  5.31700e+01  0.00000e+00  2.04749e+01 
 9.21216e-03  8.00291e-03  0.00000e+00  3.47944e+00  3.85771e-04  3.60181e+02  3.60064e+02  4.17857e+00  4.23733e+00  4.33722e-01 -6.65594e+01  9.03058e+01  1.05604e+06 -1.14335e+06  5.85654e+02  0.00000e+00 -8.67172e+04 -6.59334e+03 -9.33105e+04  4.33699e-01  1.00000e+00  6.64178e+01  0.00000e+00  2.41773e+01 
 9.42012e-03  8.24144e-03  0.00000e+00  3.47944e+00  3.62821e-04  3.60198e+02  3.60065e+02  4.03485e+00  4.08767e+00  4.39342e-01 -8.64705e+01  9.60192e+01  1.23211e+06 -1.34256e+06  6.03562e+02  0.00000e+00 -1.09852e+05 -8.99397e+03 -1.18846e+05  4.39318e-01  1.00000e+00  8.63143e+01  0.00000e+00  2.89728e+01 
 9.62949e-03  8.47996e-03  0.00000e+00  3.47944e+00  3.36272e-04  3.60224e+02  3.60065e+02  3.90967e+00  3.95684e+00  4.45016e-01 -1.19147e+02  1.03601e+02  1.49262e+06 -1.63389e+06  6.28201e+02  0.00000e+00 -1.40633e+05 -1.32053e+04 -1.53838e+05  4.44988e-01  1.00000e+00  1.18971e+02  0.00000e+00  3.61239e+01 
 9.84019e-03  8.71849e-03  0.00000e+00  3.47944e+00  3.06250e-04  3.60265e+02  3.60066e+02  3.69556e+00  3.73696e+00  4.50913e-01 -1.77867e+02  1.13759e+02  1.88287e+06 -2.08128e+06  6.53945e+02  0.00000e+00 -1.97761e+05 -2.13701e+04 -2.19131e+05  4.50887e-01  1.00000e+00  1.77665e+02  0.00000e+00  4.67138e+01 
 1.00521e-02  8.95702e-03  0.00000e+00  3.47944e+00  2.69808e-04  3.60339e+02  3.60067e+02  3.50549e+00  3.54182e+00  4.57050e-01 -3.04094e+02  1.29126e+02  2.59510e+06 -2.87165e+06  6.97647e+02  0.00000e+00 -2.75847e+05 -4.09304e+04 -3.16777e+05  4.57033e-01  1.00000e+00  3.03850e+02  0.00000e+00  6.66532e+01 
 1.02653e-02  9.19555e-03  0.00000e+00  3.47944e+00  2.27206e-04  3.60500e+02  3.60068e+02  3.12732e+00  3.15817e+00  4.63903e-01 -6.46860e+02  1.53340e+02  4.05200e+06 -4.40186e+06  7.33763e+02  0.00000e+00 -3.49128e+05 -1.01891e+05 -4.51019e+05  4.63917e-01  1.00000e+00  6.46551e+02  0.00000e+00  1.10348e+02 
 1.04795e-02  9.43408e-03  0.00000e+00  3.47944e+00  1.79977e-04  3.61019e+02  3.60069e+02  2.61523e+00  2.63490e+00  4.73494e-01 -5.46328e+03  1.93583e+02  8.12244e+06 -7.23480e+06  7.95788e+02  1.08463e+06  1.97306e+06 -1.98217e+06 -9.11324e+03  4.73527e-01  1.00000e+00  5.46286e+03  3.36637e+03  2.78891e+02 
