# Code_Saturne plot output (1D profile)
#
# Iteration output: 4747
# Time output:      2.30003e+01
#
#COLUMN_TITLES: Distance | X | Y | Z | diameter_Field2 | temp_Field1 | temp_Field2 | Velocity_Field1[Z] | Velocity_Field2[Z] | vol_f_Field2 | mass_trans_Field1 | Xd_Field2 | BK | COAL | COMP | NUCL | W1 | MT | SMBR | ALPBB | CONDNUM | GAMA | GAMANUC | epsilon_Field1
 4.56474e-03  1.39645e-04  0.00000e+00  3.47944e+00  2.20296e-04  3.59833e+02  3.60056e+02  5.01493e+00  5.06358e+00  1.57200e-01  4.49444e+01  1.58156e+02  2.30447e+05 -7.46274e+05  1.10216e+03  0.00000e+00 -5.14724e+05  1.96537e+04 -4.95071e+05  1.57212e-01  1.00000e+00 -4.48080e+01  0.00000e+00  8.64071e-01 
 4.57812e-03  3.76525e-04  4.25872e-21  3.47944e+00  2.50198e-04  3.59833e+02  3.60056e+02  5.01357e+00  5.06996e+00  1.58312e-01  3.81482e+01  1.39254e+02  2.50396e+05 -6.03928e+05  9.71464e+02  0.00000e+00 -3.52561e+05  1.45852e+04 -3.37976e+05  1.58322e-01  1.00000e+00 -3.80320e+01  0.00000e+00  8.74987e-01 
 4.60371e-03  6.13858e-04  0.00000e+00  3.47944e+00  2.69716e-04  3.59835e+02  3.60056e+02  5.01127e+00  5.07255e+00  1.60254e-01  3.48265e+01  1.29177e+02  2.59058e+05 -5.39600e+05  9.01880e+02  0.00000e+00 -2.79640e+05  1.22027e+04 -2.67438e+05  1.60259e-01  1.00000e+00 -3.47198e+01  0.00000e+00  8.96124e-01 
 4.64138e-03  8.51483e-04  0.00000e+00  3.47944e+00  2.83975e-04  3.59837e+02  3.60056e+02  5.00804e+00  5.07268e+00  1.63008e-01  3.28880e+01  1.22690e+02  2.66123e+05 -5.06358e+05  8.56944e+02  0.00000e+00 -2.39379e+05  1.07599e+04 -2.28619e+05  1.63012e-01  1.00000e+00 -3.27862e+01  0.00000e+00  9.27867e-01 
 4.69084e-03  1.08931e-03  0.00000e+00  3.47944e+00  2.96230e-04  3.59840e+02  3.60056e+02  5.00371e+00  5.07104e+00  1.66646e-01  3.15109e+01  1.17615e+02  2.73443e+05 -4.86672e+05  8.21640e+02  0.00000e+00 -2.12407e+05  9.66692e+03 -2.02740e+05  1.66650e-01  1.00000e+00 -3.14121e+01  0.00000e+00  9.70644e-01 
 4.75174e-03  1.32727e-03  1.05001e-20  3.47944e+00  3.08061e-04  3.59843e+02  3.60056e+02  4.99820e+00  5.06797e+00  1.71105e-01  3.03525e+01  1.13098e+02  2.81112e+05 -4.73435e+05  7.90103e+02  0.00000e+00 -1.91533e+05  8.72020e+03 -1.82813e+05  1.71110e-01  1.00000e+00 -3.02558e+01  0.00000e+00  1.02522e+00 
 4.82366e-03  1.56534e-03  0.00000e+00  3.47944e+00  3.20334e-04  3.59848e+02  3.60056e+02  4.99141e+00  5.06358e+00  1.76398e-01  2.92581e+01  1.08765e+02  2.88695e+05 -4.63372e+05  7.59734e+02  0.00000e+00 -1.73917e+05  7.84057e+03 -1.66077e+05  1.76406e-01  1.00000e+00 -2.91631e+01  0.00000e+00  1.09243e+00 
 4.90611e-03  1.80349e-03  8.81027e-21  3.47944e+00  3.33527e-04  3.59853e+02  3.60056e+02  4.98323e+00  5.05791e+00  1.82463e-01  2.81431e+01  1.04462e+02  2.95678e+05 -4.54607e+05  7.29485e+02  0.00000e+00 -1.58199e+05  7.00199e+03 -1.51197e+05  1.82474e-01  1.00000e+00 -2.80495e+01  0.00000e+00  1.17336e+00 
 4.99859e-03  2.04170e-03  0.00000e+00  3.47944e+00  3.47912e-04  3.59859e+02  3.60056e+02  4.97356e+00  5.05088e+00  1.89262e-01  2.69685e+01  1.00143e+02  3.01530e+05 -4.46097e+05  6.99015e+02  0.00000e+00 -1.43868e+05  6.20048e+03 -1.37667e+05  1.89280e-01  1.00000e+00 -2.68762e+01  0.00000e+00  1.26908e+00 
 5.10055e-03  2.27996e-03  7.58893e-21  3.47944e+00  3.63590e-04  3.59866e+02  3.60056e+02  4.96224e+00  5.04238e+00  1.96704e-01  2.57168e+01  9.58251e+01  3.05866e+05 -4.37180e+05  6.68444e+02  0.00000e+00 -1.30645e+05  5.44303e+03 -1.25202e+05  1.96730e-01  1.00000e+00 -2.56259e+01  0.00000e+00  1.38083e+00 
 5.21143e-03  2.51826e-03  7.09702e-21  3.47944e+00  3.80524e-04  3.59874e+02  3.60056e+02  4.94917e+00  5.03228e+00  2.04726e-01  2.43932e+01  9.15607e+01  3.08444e+05 -4.27608e+05  6.38194e+02  0.00000e+00 -1.18526e+05  4.73925e+03 -1.13787e+05  2.04759e-01  1.00000e+00 -2.43038e+01  0.00000e+00  1.50977e+00 
 5.33068e-03  2.75659e-03  1.33300e-20  3.47944e+00  3.98495e-04  3.59882e+02  3.60056e+02  4.93440e+00  5.02035e+00  2.13152e-01  2.30042e+01  8.74317e+01  3.09315e+05 -4.17233e+05  6.08705e+02  0.00000e+00 -1.07309e+05  4.09837e+03 -1.03211e+05  2.13191e-01  1.00000e+00 -2.29163e+01  0.00000e+00  1.65722e+00 
 5.45775e-03  2.99495e-03  1.25651e-20  3.47944e+00  4.17217e-04  3.59891e+02  3.60056e+02  4.91810e+00  5.00493e+00  2.21982e-01  2.14638e+01  8.35083e+01  3.08666e+05 -4.06431e+05  5.80590e+02  0.00000e+00 -9.71852e+04  3.50630e+03 -9.36789e+04  2.22023e-01  1.00000e+00 -2.13779e+01  0.00000e+00  1.82468e+00 
 5.59212e-03  3.23333e-03  0.00000e+00  3.47944e+00  4.36257e-04  3.59900e+02  3.60056e+02  4.89988e+00  4.98615e+00  2.31112e-01  1.99281e+01  7.98638e+01  3.06990e+05 -3.95647e+05  5.53891e+02  0.00000e+00 -8.81037e+04  2.98959e+03 -8.51141e+04  2.31163e-01  1.00000e+00 -1.98441e+01  0.00000e+00  2.01449e+00 
 5.73326e-03  3.47172e-03  0.00000e+00  3.47944e+00  4.55100e-04  3.59910e+02  3.60056e+02  4.87948e+00  4.96473e+00  2.40447e-01  1.84432e+01  7.65573e+01  3.04729e+05 -3.85308e+05  5.27551e+02  0.00000e+00 -8.00522e+04  2.54864e+03 -7.75036e+04  2.40518e-01  1.00000e+00 -1.83608e+01  0.00000e+00  2.22741e+00 
 5.88069e-03  3.71014e-03 -5.35987e-21  3.47944e+00  4.73064e-04  3.59920e+02  3.60056e+02  4.85680e+00  4.94089e+00  2.49832e-01  1.70200e+01  7.36501e+01  3.02547e+05 -3.75826e+05  5.06276e+02  0.00000e+00 -7.27726e+04  2.17720e+03 -7.05954e+04  2.49882e-01  1.00000e+00 -1.69388e+01  0.00000e+00  2.46530e+00 
 6.03395e-03  3.94857e-03  5.10973e-21  3.47944e+00  4.89588e-04  3.59931e+02  3.60056e+02  4.83176e+00  4.91462e+00  2.59253e-01  1.56734e+01  7.11645e+01  3.00978e+05 -3.67826e+05  4.88494e+02  0.00000e+00 -6.63597e+04  1.86657e+03 -6.44931e+04  2.59252e-01  1.00000e+00 -1.55931e+01  0.00000e+00  2.73040e+00 
 6.19261e-03  4.18701e-03  0.00000e+00  3.47944e+00  5.04158e-04  3.59942e+02  3.60056e+02  4.80430e+00  4.88592e+00  2.68614e-01  1.43980e+01  6.91081e+01  3.00540e+05 -3.61779e+05  4.72231e+02  0.00000e+00 -6.07661e+04  1.60670e+03 -5.91594e+04  2.68561e-01  1.00000e+00 -1.43180e+01  0.00000e+00  3.02584e+00 
 6.35626e-03  4.42546e-03  0.00000e+00  3.47944e+00  5.16389e-04  3.59953e+02  3.60056e+02  4.77434e+00  4.85475e+00  2.77903e-01  1.31858e+01  6.74714e+01  3.01507e+05 -3.58061e+05  4.58784e+02  0.00000e+00 -5.60947e+04  1.38789e+03 -5.47068e+04  2.77827e-01  1.00000e+00 -1.31056e+01  0.00000e+00  3.35357e+00 
 6.52453e-03  4.66392e-03 -8.96437e-21  3.47944e+00  5.26046e-04  3.59965e+02  3.60056e+02  4.74185e+00  4.82105e+00  2.86976e-01  1.20124e+01  6.62330e+01  3.04219e+05 -3.56851e+05  4.47877e+02  0.00000e+00 -5.21842e+04  1.20101e+03 -5.09832e+04  2.86937e-01  1.00000e+00 -1.19315e+01  0.00000e+00  3.71728e+00 
 6.69707e-03  4.90238e-03  1.72236e-20  3.47944e+00  5.33024e-04  3.59977e+02  3.60057e+02  4.70669e+00  4.78473e+00  2.95904e-01  1.08579e+01  6.53660e+01  3.08797e+05 -3.58292e+05  4.39336e+02  0.00000e+00 -4.90558e+04  1.03812e+03 -4.80176e+04  2.95885e-01  1.00000e+00 -1.07757e+01  0.00000e+00  4.11991e+00 
 6.87356e-03  5.14086e-03  8.28595e-21  3.47944e+00  5.37310e-04  3.59989e+02  3.60057e+02  4.66883e+00  4.74571e+00  3.04597e-01  9.69412e+00  6.48449e+01  3.15469e+05 -3.62466e+05  4.32888e+02  0.00000e+00 -4.65648e+04  8.92236e+02 -4.56726e+04  3.04579e-01  1.00000e+00 -9.61012e+00  0.00000e+00  4.56704e+00 
 7.05370e-03  5.37934e-03 -1.59677e-20  3.47944e+00  5.39046e-04  3.60002e+02  3.60057e+02  4.62806e+00  4.70382e+00  3.13094e-01  8.49781e+00  6.46362e+01  3.24257e+05 -3.69490e+05  4.28333e+02  0.00000e+00 -4.48049e+04  7.57319e+02 -4.40476e+04  3.13075e-01  1.00000e+00 -8.41147e+00  0.00000e+00  5.06293e+00 
 7.23722e-03  5.61783e-03  0.00000e+00  3.47944e+00  5.38332e-04  3.60015e+02  3.60057e+02  4.58437e+00  4.65902e+00  3.21316e-01  7.24044e+00  6.47223e+01  3.35452e+05 -3.79505e+05  4.25392e+02  0.00000e+00 -4.36269e+04  6.28209e+02 -4.29987e+04  3.21302e-01  1.00000e+00 -7.15123e+00  0.00000e+00  5.61715e+00 
 7.42387e-03  5.85632e-03  0.00000e+00  3.47944e+00  5.35397e-04  3.60027e+02  3.60057e+02  4.53734e+00  4.61093e+00  3.29380e-01  5.89514e+00  6.50774e+01  3.49071e+05 -3.92728e+05  4.23916e+02  0.00000e+00 -4.32329e+04  4.99968e+02 -4.27330e+04  3.29373e-01  1.00000e+00 -5.80249e+00  0.00000e+00  6.23604e+00 
 7.61342e-03  6.09482e-03  0.00000e+00  3.47944e+00  5.30314e-04  3.60040e+02  3.60057e+02  4.48705e+00  4.55959e+00  3.37124e-01  4.42926e+00  6.57014e+01  3.65661e+05 -4.09407e+05  4.23743e+02  0.00000e+00 -4.33228e+04  3.68229e+02 -4.29546e+04  3.37127e-01  1.00000e+00 -4.33260e+00  0.00000e+00  6.93564e+00 
 7.80566e-03  6.33332e-03  0.00000e+00  3.47944e+00  5.23322e-04  3.60054e+02  3.60058e+02  4.43267e+00  4.50420e+00  3.44746e-01  2.80745e+00  6.65795e+01  3.85292e+05 -4.30022e+05  4.24802e+02  0.00000e+00 -4.43053e+04  2.27912e+02 -4.40774e+04  3.44758e-01  1.00000e+00 -2.70616e+00  0.00000e+00  7.72568e+00 
 8.00039e-03  6.57182e-03  0.00000e+00  3.47944e+00  5.14399e-04  3.60067e+02  3.60058e+02  4.37466e+00  4.44519e+00  3.52053e-01  9.86086e-01  6.77348e+01  4.08952e+05 -4.55184e+05  4.26999e+02  0.00000e+00 -4.58046e+04  7.37856e+01 -4.57308e+04  3.52076e-01  1.00000e+00 -8.79447e-01  0.00000e+00  8.63525e+00 
 8.19744e-03  6.81033e-03  1.31016e-20  3.47944e+00  5.03770e-04  3.60081e+02  3.60058e+02  4.31102e+00  4.38061e+00  3.59262e-01 -2.57385e+00  6.91644e+01  4.36915e+05 -4.85708e+05  4.30291e+02  0.00000e+00 -4.83629e+04 -2.37341e+02 -4.86003e+04  3.59289e-01  1.00000e+00  2.82719e+00  0.00000e+00  9.68162e+00 
 8.39664e-03  7.04884e-03  0.00000e+00  3.47944e+00  4.91275e-04  3.60095e+02  3.60058e+02  4.24369e+00  4.31233e+00  3.66201e-01 -8.09879e+00  7.09238e+01  4.70914e+05 -5.23032e+05  4.34862e+02  0.00000e+00 -5.16823e+04 -7.06677e+02 -5.23890e+04  3.66229e-01  1.00000e+00  8.36766e+00  0.00000e+00  1.09174e+01 
 8.59784e-03  7.28736e-03  0.00000e+00  3.47944e+00  4.77021e-04  3.60110e+02  3.60059e+02  4.16715e+00  4.23488e+00  3.73119e-01 -1.47340e+01  7.30436e+01  5.11910e+05 -5.69090e+05  4.40316e+02  0.00000e+00 -5.67397e+04 -1.28227e+03 -5.80220e+04  3.73142e-01  1.00000e+00  1.50209e+01  0.00000e+00  1.23799e+01 
 8.80092e-03  7.52587e-03  0.00000e+00  3.47944e+00  4.60594e-04  3.60126e+02  3.60059e+02  4.08847e+00  4.15527e+00  3.79842e-01 -2.29859e+01  7.56492e+01  5.63611e+05 -6.27299e+05  4.47353e+02  0.00000e+00 -6.32402e+04 -2.02303e+03 -6.52632e+04  3.79865e-01  1.00000e+00  2.32943e+01  0.00000e+00  1.41884e+01 
 9.00573e-03  7.76439e-03 -1.17014e-20  3.47944e+00  4.42077e-04  3.60145e+02  3.60059e+02  3.99177e+00  4.05747e+00  3.86712e-01 -3.36840e+01  7.88185e+01  6.28056e+05 -7.02296e+05  4.55774e+02  0.00000e+00 -7.37838e+04 -3.02345e+03 -7.68073e+04  3.86734e-01  1.00000e+00  3.40180e+01  0.00000e+00  1.64031e+01 
 9.21216e-03  8.00291e-03  0.00000e+00  3.47944e+00  4.20661e-04  3.60167e+02  3.60060e+02  3.89832e+00  3.96224e+00  3.93418e-01 -4.82952e+01  8.28317e+01  7.14803e+05 -8.02623e+05  4.67135e+02  0.00000e+00 -8.73529e+04 -4.46762e+03 -9.18205e+04  3.93445e-01  1.00000e+00  4.86611e+01  0.00000e+00  1.93513e+01 
 9.42012e-03  8.24144e-03  0.00000e+00  3.47944e+00  3.96363e-04  3.60193e+02  3.60060e+02  3.77112e+00  3.83043e+00  4.00420e-01 -6.93362e+01  8.79105e+01  8.31548e+05 -9.41181e+05  4.79839e+02  0.00000e+00 -1.09153e+05 -6.67690e+03 -1.15830e+05  4.00448e-01  1.00000e+00  6.97416e+01  0.00000e+00  2.32760e+01 
 9.62949e-03  8.47996e-03  0.00000e+00  3.47944e+00  3.68012e-04  3.60229e+02  3.60061e+02  3.64779e+00  3.70051e+00  4.07512e-01 -1.02426e+02  9.46837e+01  1.00452e+06 -1.14378e+06  4.98705e+02  0.00000e+00 -1.38766e+05 -1.04244e+04 -1.49191e+05  4.07544e-01  1.00000e+00  1.02884e+02  0.00000e+00  2.91372e+01 
 9.84019e-03  8.71849e-03  0.00000e+00  3.47944e+00  3.35542e-04  3.60281e+02  3.60061e+02  3.45240e+00  3.49924e+00  4.14810e-01 -1.59758e+02  1.03847e+02  1.26402e+06 -1.45797e+06  5.18712e+02  0.00000e+00 -1.93429e+05 -1.75002e+04 -2.10930e+05  4.14842e-01  1.00000e+00  1.60288e+02  0.00000e+00  3.77768e+01 
 1.00521e-02  8.95702e-03  0.00000e+00  3.47944e+00  2.96051e-04  3.60368e+02  3.60062e+02  3.27074e+00  3.31166e+00  4.22352e-01 -2.78150e+02  1.17701e+02  1.73682e+06 -2.00952e+06  5.51786e+02  0.00000e+00 -2.72143e+05 -3.38830e+04 -3.06026e+05  4.22387e-01  1.00000e+00  2.78792e+02  0.00000e+00  5.40610e+01 
 1.02653e-02  9.19555e-03  0.00000e+00  3.47944e+00  2.49325e-04  3.60544e+02  3.60063e+02  2.91806e+00  2.95232e+00  4.30755e-01 -5.86914e+02  1.39762e+02  2.70773e+06 -3.08966e+06  5.80784e+02  0.00000e+00 -3.81349e+05 -8.31503e+04 -4.64499e+05  4.30789e-01  1.00000e+00  5.87738e+02  0.00000e+00  8.96830e+01 
 1.04795e-02  9.43408e-03  0.00000e+00  3.47944e+00  1.94675e-04  3.61075e+02  3.60064e+02  2.43246e+00  2.45421e+00  4.42131e-01 -5.30010e+03  1.79000e+02  5.54195e+06 -5.34699e+06  6.38717e+02  1.65656e+06  1.85216e+06 -1.86294e+06 -1.07846e+04  4.42194e-01  1.00000e+00  5.30127e+03  3.43675e+03  2.27143e+02 
