# Code_Saturne plot output (1D profile)
#
# Iteration output: 3984
# Time output:      2.30008e+01
#
#COLUMN_TITLES: Distance | X | Y | Z | diameter_Field2 | temp_Field1 | temp_Field2 | Velocity_Field1[Z] | Velocity_Field2[Z] | vol_f_Field2 | mass_trans_Field1 | Xd_Field2 | BK | COAL | COMP | NUCL | W1 | MT | SMBR | ALPBB | CONDNUM | GAMA | GAMANUC | epsilon_Field1
 4.56474e-03  1.39645e-04  0.00000e+00  3.47944e+00  3.58496e-05  3.59411e+02  3.60051e+02  4.43104e+00  4.43525e+00  2.82298e-02  2.38877e+02  9.72145e+02  8.48937e-27 -2.89384e+06  5.05157e+03  0.00000e+00 -2.88879e+06  4.56119e+06  1.67240e+06  2.82197e-02  1.00000e+00 -2.39324e+02  0.00000e+00  3.89935e-01 
 4.57812e-03  3.76525e-04  4.25872e-21  3.47944e+00  6.25680e-05  3.59410e+02  3.60051e+02  4.43099e+00  4.44065e+00  2.93428e-02  1.12870e+02  5.57010e+02  8.21213e-06 -1.17071e+06  2.88813e+03  0.00000e+00 -1.16782e+06  1.18772e+06  1.99036e+04  2.93342e-02  1.00000e+00 -1.13083e+02  0.00000e+00  3.94099e-01 
 4.60371e-03  6.13858e-04  0.00000e+00  3.47944e+00  8.48253e-05  3.59411e+02  3.60051e+02  4.42984e+00  4.44449e+00  3.07070e-02  7.77507e+01  4.10856e+02  1.30195e+00 -7.33011e+05  2.13064e+03  0.00000e+00 -7.30879e+05  5.76613e+05 -1.54266e+05  3.06986e-02  1.00000e+00 -7.78985e+01  0.00000e+00  4.02232e-01 
 4.64138e-03  8.51483e-04  0.00000e+00  3.47944e+00  1.03391e-04  3.59415e+02  3.60051e+02  4.42801e+00  4.44681e+00  3.25400e-02  6.29717e+01  3.37078e+02  1.70756e+02 -5.58564e+05  1.74857e+03  0.00000e+00 -5.56645e+05  3.61545e+05 -1.95100e+05  3.25317e-02  1.00000e+00 -6.30922e+01  0.00000e+00  4.14517e-01 
 4.69084e-03  1.08931e-03  0.00000e+00  3.47944e+00  1.19599e-04  3.59421e+02  3.60051e+02  4.42544e+00  4.44781e+00  3.48410e-02  5.52695e+01  2.91399e+02  2.27580e+03 -4.71523e+05  1.51198e+03  0.00000e+00 -4.67735e+05  2.56199e+05 -2.11537e+05  3.48326e-02  1.00000e+00 -5.53765e+01  0.00000e+00  4.31190e-01 
 4.75174e-03  1.32727e-03  1.05001e-20  3.47944e+00  1.33923e-04  3.59431e+02  3.60051e+02  4.42214e+00  4.44759e+00  3.76511e-02  5.10308e+01  2.60232e+02  1.09571e+04 -4.25862e+05  1.35038e+03  0.00000e+00 -4.13554e+05  1.95481e+05 -2.18074e+05  3.76426e-02  1.00000e+00 -5.11311e+01  0.00000e+00  4.52635e-01 
 4.82366e-03  1.56534e-03  0.00000e+00  3.47944e+00  1.46375e-04  3.59443e+02  3.60051e+02  4.41808e+00  4.44613e+00  4.10056e-02  4.89186e+01  2.38094e+02  3.05751e+04 -4.05111e+05  1.23543e+03  0.00000e+00 -3.73301e+05  1.57422e+05 -2.15878e+05  4.09969e-02  1.00000e+00 -4.90167e+01  0.00000e+00  4.79323e-01 
 4.90611e-03  1.80349e-03  8.81027e-21  3.47944e+00  1.56886e-04  3.59458e+02  3.60051e+02  4.41324e+00  4.44341e+00  4.49617e-02  4.83018e+01  2.22142e+02  6.19813e+04 -4.02249e+05  1.15235e+03  0.00000e+00 -3.39116e+05  1.32265e+05 -2.06851e+05  4.49527e-02  1.00000e+00 -4.84011e+01  0.00000e+00  5.11869e-01 
 4.99859e-03  2.04170e-03  0.00000e+00  3.47944e+00  1.65521e-04  3.59476e+02  3.60051e+02  4.40758e+00  4.43939e+00  4.95633e-02  4.88107e+01  2.10553e+02  1.03503e+05 -4.13578e+05  1.09178e+03  0.00000e+00 -3.08984e+05  1.14926e+05 -1.94058e+05  4.95541e-02  1.00000e+00 -4.89140e+01  0.00000e+00  5.51029e-01 
 5.10055e-03  2.27996e-03  7.58893e-21  3.47944e+00  1.72519e-04  3.59496e+02  3.60051e+02  4.40104e+00  4.43411e+00  5.48804e-02  5.01733e+01  2.02013e+02  1.53357e+05 -4.37166e+05  1.04685e+03  0.00000e+00 -2.82762e+05  1.02366e+05 -1.80396e+05  5.48707e-02  1.00000e+00 -5.02832e+01  0.00000e+00  5.97683e-01 
 5.21143e-03  2.51826e-03  7.09702e-21  3.47944e+00  1.78211e-04  3.59518e+02  3.60051e+02  4.39356e+00  4.42755e+00  6.09586e-02  5.21780e+01  1.95560e+02  2.10808e+05 -4.71765e+05  1.01264e+03  0.00000e+00 -2.59945e+05  9.27849e+04 -1.67160e+05  6.09488e-02  1.00000e+00 -5.22969e+01  0.00000e+00  6.52974e-01 
 5.33068e-03  2.75659e-03  1.33300e-20  3.47944e+00  1.82959e-04  3.59542e+02  3.60051e+02  4.38505e+00  4.41972e+00  6.78735e-02  5.42520e+01  1.90485e+02  2.75932e+05 -5.16802e+05  9.85368e+02  0.00000e+00 -2.39884e+05  8.44025e+04 -1.55481e+05  6.78633e-02  1.00000e+00 -5.43813e+01  0.00000e+00  7.18133e-01 
 5.45775e-03  2.99495e-03  1.25651e-20  3.47944e+00  1.87084e-04  3.59568e+02  3.60051e+02  4.37539e+00  4.41059e+00  7.56736e-02  5.63958e+01  1.86285e+02  3.49190e+05 -5.71860e+05  9.62483e+02  0.00000e+00 -2.21708e+05  7.69665e+04 -1.44741e+05  7.56633e-02  1.00000e+00 -5.65371e+01  0.00000e+00  7.94729e-01 
 5.59212e-03  3.23333e-03  0.00000e+00  3.47944e+00  1.90858e-04  3.59595e+02  3.60051e+02  4.36446e+00  4.40009e+00  8.44211e-02  5.85321e+01  1.82602e+02  4.30928e+05 -6.36775e+05  9.41941e+02  0.00000e+00 -2.04904e+05  7.01969e+04 -1.34708e+05  8.44116e-02  1.00000e+00 -5.86871e+01  0.00000e+00  8.84622e-01 
 5.73326e-03  3.47172e-03  0.00000e+00  3.47944e+00  1.94514e-04  3.59623e+02  3.60051e+02  4.35209e+00  4.38810e+00  9.41143e-02  6.04726e+01  1.79169e+02  5.20884e+05 -7.10768e+05  9.22550e+02  0.00000e+00 -1.88962e+05  6.38403e+04 -1.25121e+05  9.41060e-02  1.00000e+00 -6.06428e+01  0.00000e+00  9.89672e-01 
 5.88069e-03  3.71014e-03 -5.35987e-21  3.47944e+00  1.98263e-04  3.59651e+02  3.60051e+02  4.33811e+00  4.37445e+00  1.04766e-01  6.20212e+01  1.75782e+02  6.18385e+05 -7.92973e+05  9.02963e+02  0.00000e+00 -1.73685e+05  5.77162e+04 -1.15969e+05  1.04758e-01  1.00000e+00 -6.22077e+01  0.00000e+00  1.11229e+00 
 6.03395e-03  3.94857e-03  5.10973e-21  3.47944e+00  2.02289e-04  3.59680e+02  3.60051e+02  4.32230e+00  4.35893e+00  1.16326e-01  6.30137e+01  1.72284e+02  7.21834e+05 -8.81661e+05  8.82843e+02  0.00000e+00 -1.58944e+05  5.17722e+04 -1.07172e+05  1.16319e-01  1.00000e+00 -6.32172e+01  0.00000e+00  1.25490e+00 
 6.19261e-03  4.18701e-03  0.00000e+00  3.47944e+00  2.06754e-04  3.59708e+02  3.60051e+02  4.30443e+00  4.34134e+00  1.28762e-01  6.32890e+01  1.68563e+02  8.29000e+05 -9.74883e+05  8.61214e+02  0.00000e+00 -1.45022e+05  4.59739e+04 -9.90486e+04  1.28753e-01  1.00000e+00 -6.35099e+01  0.00000e+00  1.42041e+00 
 6.35626e-03  4.42546e-03  0.00000e+00  3.47944e+00  2.11790e-04  3.59737e+02  3.60051e+02  4.28422e+00  4.32147e+00  1.41958e-01  6.27546e+01  1.64556e+02  9.36960e+05 -1.06982e+06  8.37972e+02  0.00000e+00 -1.32020e+05  4.03768e+04 -9.16430e+04  1.41949e-01  1.00000e+00 -6.29925e+01  0.00000e+00  1.61189e+00 
 6.52453e-03  4.66392e-03 -8.96437e-21  3.47944e+00  2.17483e-04  3.59764e+02  3.60051e+02  4.26140e+00  4.29904e+00  1.55790e-01  6.13342e+01  1.60248e+02  1.04250e+06 -1.16356e+06  8.12721e+02  0.00000e+00 -1.20247e+05  3.50294e+04 -8.52178e+04  1.55782e-01  1.00000e+00 -6.15883e+01  0.00000e+00  1.83278e+00 
 6.69707e-03  4.90238e-03  1.72236e-20  3.47944e+00  2.23876e-04  3.59791e+02  3.60051e+02  4.23568e+00  4.27378e+00  1.70091e-01  5.90536e+01  1.55672e+02  1.14225e+06 -1.25299e+06  7.85897e+02  0.00000e+00 -1.09953e+05  3.00212e+04 -7.99319e+04  1.70083e-01  1.00000e+00 -5.93226e+01  0.00000e+00  2.08631e+00 
 6.87356e-03  5.14086e-03  8.28595e-21  3.47944e+00  2.30935e-04  3.59818e+02  3.60051e+02  4.20680e+00  4.24543e+00  1.84681e-01  5.59682e+01  1.50914e+02  1.23369e+06 -1.33579e+06  7.57646e+02  0.00000e+00 -1.01343e+05  2.54159e+04 -7.59267e+04  1.84673e-01  1.00000e+00 -5.62503e+01  0.00000e+00  2.37646e+00 
 7.05370e-03  5.37934e-03 -1.59677e-20  3.47944e+00  2.38559e-04  3.59843e+02  3.60051e+02  4.17456e+00  4.21377e+00  1.99312e-01  5.22079e+01  1.46092e+02  1.31495e+06 -1.40990e+06  7.28883e+02  0.00000e+00 -9.42218e+04  2.12780e+04 -7.29438e+04  1.99304e-01  1.00000e+00 -5.25012e+01  0.00000e+00  2.70633e+00 
 7.23722e-03  5.61783e-03  0.00000e+00  3.47944e+00  2.46551e-04  3.59867e+02  3.60051e+02  4.13884e+00  4.17863e+00  2.13818e-01  4.79298e+01  1.41356e+02  1.38603e+06 -1.47545e+06  7.00116e+02  0.00000e+00 -8.87127e+04  1.76312e+04 -7.10815e+04  2.13808e-01  1.00000e+00 -4.82326e+01  0.00000e+00  3.08096e+00 
 7.42387e-03  5.85632e-03  0.00000e+00  3.47944e+00  2.54665e-04  3.59890e+02  3.60051e+02  4.09949e+00  4.13988e+00  2.27998e-01  4.33091e+01  1.36853e+02  1.44781e+06 -1.53308e+06  6.72348e+02  0.00000e+00 -8.45970e+04  1.44768e+04 -7.01202e+04  2.27989e-01  1.00000e+00 -4.36198e+01  0.00000e+00  3.50453e+00 
 7.61342e-03  6.09482e-03  0.00000e+00  3.47944e+00  2.62548e-04  3.59912e+02  3.60052e+02  4.05652e+00  4.09744e+00  2.41719e-01  3.84962e+01  1.32744e+02  1.50344e+06 -1.58578e+06  6.46100e+02  0.00000e+00 -8.16972e+04  1.17858e+04 -6.99115e+04  2.41709e-01  1.00000e+00 -3.88139e+01  0.00000e+00  3.98528e+00 
 7.80566e-03  6.33332e-03  0.00000e+00  3.47944e+00  2.69875e-04  3.59934e+02  3.60052e+02  4.00971e+00  4.05108e+00  2.54926e-01  3.36099e+01  1.29141e+02  1.55580e+06 -1.63673e+06  6.22163e+02  0.00000e+00 -8.03134e+04  9.50489e+03 -7.08086e+04  2.54918e-01  1.00000e+00 -3.39342e+01  0.00000e+00  4.53046e+00 
 8.00039e-03  6.57182e-03  0.00000e+00  3.47944e+00  2.76209e-04  3.59954e+02  3.60052e+02  3.95906e+00  4.00069e+00  2.67504e-01  2.87136e+01  1.26180e+02  1.61058e+06 -1.69093e+06  6.00799e+02  0.00000e+00 -7.97539e+04  7.57502e+03 -7.21789e+04  2.67496e-01  1.00000e+00 -2.90447e+01  0.00000e+00  5.15657e+00 
 8.19744e-03  6.81033e-03  1.31016e-20  3.47944e+00  2.81281e-04  3.59975e+02  3.60052e+02  3.90382e+00  3.94552e+00  2.79576e-01  2.38141e+01  1.23905e+02  1.67108e+06 -1.75286e+06  5.82437e+02  0.00000e+00 -8.11967e+04  5.91852e+03 -7.52782e+04  2.79569e-01  1.00000e+00 -2.41532e+01  0.00000e+00  5.87758e+00 
 8.39664e-03  7.04884e-03  0.00000e+00  3.47944e+00  2.84661e-04  3.59994e+02  3.60052e+02  3.84409e+00  3.88554e+00  2.91037e-01  1.88649e+01  1.22434e+02  1.74503e+06 -1.82924e+06  5.67090e+02  0.00000e+00 -8.36370e+04  4.46906e+03 -7.91680e+04  2.91029e-01  1.00000e+00 -1.92137e+01  0.00000e+00  6.72702e+00 
 8.59784e-03  7.28736e-03  0.00000e+00  3.47944e+00  2.86205e-04  3.60014e+02  3.60052e+02  3.77794e+00  3.81883e+00  3.02087e-01  1.37446e+01  1.21775e+02  1.83602e+06 -1.92549e+06  5.54886e+02  0.00000e+00 -8.89140e+04  3.14386e+03 -8.57701e+04  3.02080e-01  1.00000e+00 -1.41056e+01  0.00000e+00  7.73282e+00 
 8.80092e-03  7.52587e-03  0.00000e+00  3.47944e+00  2.85505e-04  3.60033e+02  3.60053e+02  3.70648e+00  3.74639e+00  3.12688e-01  8.27583e+00  1.22074e+02  1.95528e+06 -2.05234e+06  5.45857e+02  0.00000e+00 -9.65176e+04  1.86769e+03 -9.46499e+04  3.12678e-01  1.00000e+00 -8.65262e+00  0.00000e+00  8.96500e+00 
 9.00573e-03  7.76439e-03 -1.17014e-20  3.47944e+00  2.82514e-04  3.60053e+02  3.60053e+02  3.62416e+00  3.66276e+00  3.23043e-01  2.14703e+00  1.23367e+02  2.10979e+06 -2.21920e+06  5.39601e+02  0.00000e+00 -1.08874e+05  5.37144e+02 -1.08337e+05  3.23035e-01  1.00000e+00 -2.54396e+00  0.00000e+00  1.04913e+01 
 9.21216e-03  8.00291e-03  0.00000e+00  3.47944e+00  2.76748e-04  3.60074e+02  3.60053e+02  3.53633e+00  3.57319e+00  3.33079e-01 -1.14292e+01  1.25938e+02  2.32265e+06 -2.44813e+06  5.36669e+02  0.00000e+00 -1.24935e+05 -2.19905e+03 -1.27134e+05  3.33066e-01  1.00000e+00  1.05188e+01  0.00000e+00  1.24885e+01 
 9.42012e-03  8.24144e-03  0.00000e+00  3.47944e+00  2.68135e-04  3.60098e+02  3.60054e+02  3.42707e+00  3.46175e+00  3.43146e-01 -3.24287e+01  1.29984e+02  2.61220e+06 -2.76486e+06  5.36830e+02  0.00000e+00 -1.52118e+05 -6.58647e+03 -1.58704e+05  3.43134e-01  1.00000e+00  3.14477e+01  0.00000e+00  1.51327e+01 
 9.62949e-03  8.47996e-03  0.00000e+00  3.47944e+00  2.55691e-04  3.60127e+02  3.60054e+02  3.31004e+00  3.34140e+00  3.53124e-01 -6.32214e+01  1.36311e+02  3.04626e+06 -3.23792e+06  5.42880e+02  0.00000e+00 -1.91114e+05 -1.32633e+04 -2.04378e+05  3.53109e-01  1.00000e+00  6.21427e+01  0.00000e+00  1.89803e+01 
 9.84019e-03  8.71849e-03  0.00000e+00  3.47944e+00  2.39101e-04  3.60167e+02  3.60055e+02  3.14769e+00  3.17615e+00  3.63135e-01 -1.15359e+02  1.45770e+02  3.70804e+06 -3.96884e+06  5.52307e+02  0.00000e+00 -2.60250e+05 -2.53347e+04 -2.85585e+05  3.63118e-01  1.00000e+00  1.14144e+02  0.00000e+00  2.47337e+01 
 1.00521e-02  8.95702e-03  0.00000e+00  3.47944e+00  2.16497e-04  3.60233e+02  3.60055e+02  2.97400e+00  2.99965e+00  3.73246e-01 -2.23465e+02  1.60992e+02  4.91343e+06 -5.26582e+06  5.70774e+02  0.00000e+00 -3.51816e+05 -5.29545e+04 -4.04770e+05  3.73224e-01  1.00000e+00  2.22039e+02  0.00000e+00  3.53576e+01 
 1.02653e-02  9.19555e-03  0.00000e+00  3.47944e+00  1.87664e-04  3.60373e+02  3.60056e+02  2.68046e+00  2.70272e+00  3.84098e-01 -5.16243e+02  1.85729e+02  7.37875e+06 -7.79627e+06  5.87993e+02  0.00000e+00 -4.16928e+05 -1.37554e+05 -5.54482e+05  3.84080e-01  1.00000e+00  5.14477e+02  0.00000e+00  5.87847e+01 
 1.04795e-02  9.43408e-03  0.00000e+00  3.47944e+00  1.54525e-04  3.60825e+02  3.60057e+02  2.23577e+00  2.24986e+00  3.98524e-01 -4.87323e+03  2.25563e+02  1.41359e+07 -1.30452e+07  6.17393e+02  1.55070e+06  2.64195e+06 -2.69797e+06 -5.60237e+04  3.98483e-01  1.00000e+00  4.87090e+03  3.10997e+03  1.48818e+02 
