# Code_Saturne plot output (1D profile)
#
# Iteration output: 1857
# Time output:      2.30062e+01
#
#COLUMN_TITLES: Distance | X | Y | Z | diameter_Field2 | temp_Field1 | temp_Field2 | Velocity_Field1[Z] | Velocity_Field2[Z] | vol_f_Field2 | mass_trans_Field1 | Xd_Field2 | BK | COAL | COMP | NUCL | W1 | MT | SMBR | ALPBB | CONDNUM | GAMA | GAMANUC | epsilon_Field1
 4.56474e-03  1.39645e-04  0.00000e+00  3.47944e+00  1.00000e-05  3.57629e+02  3.60049e+02  3.88317e+00  3.88320e+00  1.03212e-11  5.40173e-07  3.48617e+03  0.00000e+00 -6.92580e-03  8.86648e+03  0.00000e+00  8.86647e+03  1.01638e+03  5.56896e+00  6.71592e-12  6.71592e-06 -5.40173e-07  0.00000e+00  3.22536e-01 
 4.57812e-03  3.76525e-04  4.25872e-21  3.47944e+00  1.00000e-05  3.57635e+02  3.60049e+02  3.88263e+00  3.88270e+00  4.37690e-11  2.39839e-06  3.48617e+03  0.00000e+00 -3.08119e-02  8.88586e+03  0.00000e+00  8.88583e+03  4.51277e+03  9.42877e-01  2.97917e-11  2.97917e-05 -2.39839e-06  0.00000e+00  3.25391e-01 
 4.60371e-03  6.13858e-04  0.00000e+00  3.47944e+00  1.00000e-05  3.57648e+02  3.60049e+02  3.88110e+00  3.88119e+00  2.75964e-10  1.59693e-05  3.48617e+03  0.00000e+00 -2.04754e-01  9.34574e+03  0.00000e+00  9.34554e+03  3.00477e+04  3.93932e+04  1.96863e-10  1.96863e-04 -1.59694e-05  0.00000e+00  3.31008e-01 
 4.64138e-03  8.51483e-04  0.00000e+00  3.47944e+00  1.00000e-05  3.57667e+02  3.60048e+02  3.87885e+00  3.87896e+00  1.94735e-09  1.18320e-04  3.48615e+03  0.00000e+00 -1.52825e+00  1.03313e+04  0.00000e+00  1.03298e+04  2.22629e+05  2.32959e+05  1.45720e-09  1.45720e-03 -1.18321e-04  0.00000e+00  3.39468e-01 
 4.69084e-03  1.08931e-03  0.00000e+00  3.47944e+00  1.00000e-05  3.57692e+02  3.60047e+02  3.87586e+00  3.87596e+00  1.43179e-08  9.11776e-04  3.48608e+03  0.00000e+00 -1.19203e+01  9.35433e+03  0.00000e+00  9.34241e+03  1.71555e+06  1.72490e+06  1.12432e-08  1.12432e-02 -9.11785e-04  0.00000e+00  3.50882e-01 
 4.75174e-03  1.32727e-03  1.05001e-20  3.47944e+00  1.00000e-05  3.57723e+02  3.60046e+02  3.87214e+00  3.87225e+00  1.07113e-07  7.13879e-03  3.48602e+03  0.00000e+00 -9.48181e+01  8.87840e+03  0.00000e+00  8.78359e+03  1.34318e+07  1.34406e+07  8.82480e-08  8.82480e-02 -7.13886e-03  0.00000e+00  3.65394e-01 
 4.82366e-03  1.56534e-03  0.00000e+00  3.47944e+00  1.00000e-05  3.57761e+02  3.60045e+02  3.86769e+00  3.86779e+00  8.05216e-07  5.60707e-02  3.48601e+03 4.26486e-292 -7.59088e+02  9.02041e+03  0.00000e+00  8.26132e+03  1.05498e+08  1.05506e+08  6.95535e-07  6.95535e-01 -5.60713e-02  0.00000e+00  3.83178e-01 
 4.90611e-03  1.80349e-03  8.81027e-21  3.47944e+00  1.00000e-05  3.57804e+02  3.60045e+02  3.86251e+00  3.86261e+00  5.98230e-06  4.51804e-01  3.48601e+03 1.87402e-281 -6.06389e+03  9.01221e+03  0.00000e+00  2.94832e+03  1.55738e+08  1.55741e+08  5.45838e-06  1.00000e+00 -4.51809e-01  0.00000e+00  4.04451e-01 
 4.99859e-03  2.04170e-03  0.00000e+00  3.47944e+00  1.00000e-05  3.57853e+02  3.60046e+02  3.85661e+00  3.85671e+00  4.43823e-05  3.41951e+00  3.48601e+03 4.50347e-270 -4.71994e+04  8.94592e+03  0.00000e+00 -3.82535e+04  1.54450e+08  1.54412e+08  4.16566e-05  1.00000e+00 -3.41955e+00  0.00000e+00  4.29463e-01 
 5.10055e-03  2.27996e-03  7.58893e-21  3.47944e+00  1.31153e-05  3.57907e+02  3.60046e+02  3.84999e+00  3.85017e+00  2.41327e-04  1.81759e+01  2.65798e+03 1.25451e-172 -1.79265e+05  8.13889e+03  0.00000e+00 -1.71126e+05  1.19259e+08  1.19088e+08  2.27853e-04  1.00000e+00 -1.81761e+01  0.00000e+00  4.58520e-01 
 5.21143e-03  2.51826e-03  7.09702e-21  3.47944e+00  2.09846e-05  3.57966e+02  3.60046e+02  3.84266e+00  3.84320e+00  7.80594e-04  5.82165e+01  1.66123e+03  1.65344e-66 -2.65200e+05  5.51112e+03  0.00000e+00 -2.59689e+05  6.99666e+07  6.97069e+07  7.58264e-04  1.00000e+00 -5.82172e+01  0.00000e+00  4.91979e-01 
 5.33068e-03  2.75659e-03  1.33300e-20  3.47944e+00  3.28276e-05  3.58028e+02  3.60046e+02  3.83461e+00  3.83602e+00  1.77135e-03  7.45536e+01  1.06192e+03  3.57445e-24 -2.87701e+05  4.12757e+03  0.00000e+00 -2.83573e+05  2.42068e+07  2.39232e+07  1.76297e-03  1.00000e+00 -7.45545e+01  0.00000e+00  5.30285e-01 
 5.45775e-03  2.99495e-03  1.25651e-20  3.47944e+00  4.53260e-05  3.58093e+02  3.60046e+02  3.82576e+00  3.82848e+00  2.98487e-03  7.52521e+01  7.69100e+02  8.73498e-10 -2.88753e+05  3.04966e+03  0.00000e+00 -2.85703e+05  1.04741e+07  1.01883e+07  2.98067e-03  1.00000e+00 -7.52530e+01  0.00000e+00  5.73978e-01 
 5.59212e-03  3.23333e-03  0.00000e+00  3.47944e+00  5.69738e-05  3.58161e+02  3.60046e+02  3.81597e+00  3.82057e+00  4.31074e-03  7.16002e+01  6.11865e+02  1.25718e-03 -2.90385e+05  2.43292e+03  0.00000e+00 -2.87952e+05  5.48587e+06  5.19792e+06  4.30902e-03  1.00000e+00 -7.16011e+01  0.00000e+00  6.23754e-01 
 5.73326e-03  3.47172e-03  0.00000e+00  3.47944e+00  6.72376e-05  3.58233e+02  3.60046e+02  3.80516e+00  3.81162e+00  5.93670e-03  7.19418e+01  5.18464e+02  1.57270e+00 -3.09881e+05  2.05828e+03  0.00000e+00 -3.07821e+05  3.39082e+06  3.08300e+06  5.93611e-03  1.00000e+00 -7.19427e+01  0.00000e+00  6.80528e-01 
 5.88069e-03  3.71014e-03 -5.35987e-21  3.47944e+00  7.65007e-05  3.58308e+02  3.60046e+02  3.79327e+00  3.80138e+00  8.02172e-03  7.60754e+01  4.55686e+02  1.03710e+02 -3.45487e+05  1.80814e+03  0.00000e+00 -3.43576e+05  2.33223e+06  1.98865e+06  8.02166e-03  1.00000e+00 -7.60764e+01  0.00000e+00  7.45368e-01 
 6.03395e-03  3.94857e-03  5.10973e-21  3.47944e+00  8.53157e-05  3.58387e+02  3.60046e+02  3.78021e+00  3.78990e+00  1.06315e-02  8.16060e+01  4.08603e+02  1.63881e+03 -3.91240e+05  1.61937e+03  0.00000e+00 -3.87982e+05  1.69260e+06  1.30462e+06  1.06317e-02  1.00000e+00 -8.16071e+01  0.00000e+00  8.19494e-01 
 6.19261e-03  4.18701e-03  0.00000e+00  3.47944e+00  9.37629e-05  3.58470e+02  3.60046e+02  3.76588e+00  3.77705e+00  1.38487e-02  8.82095e+01  3.71792e+02  1.10230e+04 -4.46878e+05  1.47068e+03  0.00000e+00 -4.34385e+05  1.27801e+06  8.43630e+05  1.38490e-02  1.00000e+00 -8.82107e+01  0.00000e+00  9.04307e-01 
 6.35626e-03  4.42546e-03  0.00000e+00  3.47944e+00  1.01687e-04  3.58555e+02  3.60046e+02  3.75016e+00  3.76268e+00  1.77708e-02  9.59401e+01  3.42819e+02  4.21650e+04 -5.14842e+05  1.35265e+03  0.00000e+00 -4.71324e+05  9.98833e+05  5.27508e+05  1.77711e-02  1.00000e+00 -9.59415e+01  0.00000e+00  1.00138e+00 
 6.52453e-03  4.66392e-03 -8.96437e-21  3.47944e+00  1.08883e-04  3.58643e+02  3.60046e+02  3.73296e+00  3.74664e+00  2.25058e-02  1.04929e+02  3.20165e+02  1.09922e+05 -5.98881e+05  1.25928e+03  0.00000e+00 -4.87699e+05  8.05590e+05  3.17890e+05  2.25061e-02  1.00000e+00 -1.04931e+02  0.00000e+00  1.11263e+00 
 6.69707e-03  4.90238e-03  1.72236e-20  3.47944e+00  1.15244e-04  3.58733e+02  3.60046e+02  3.71410e+00  3.72875e+00  2.81757e-02  1.15223e+02  3.02492e+02  2.21533e+05 -7.03189e+05  1.18530e+03  0.00000e+00 -4.80470e+05  6.67606e+05  1.87135e+05  2.81758e-02  1.00000e+00 -1.15225e+02  0.00000e+00  1.24078e+00 
 6.87356e-03  5.14086e-03  8.28595e-21  3.47944e+00  1.20835e-04  3.58824e+02  3.60046e+02  3.69345e+00  3.70890e+00  3.49064e-02  1.26641e+02  2.88497e+02  3.76572e+05 -8.31287e+05  1.12546e+03  0.00000e+00 -4.53590e+05  5.64878e+05  1.11288e+05  3.49065e-02  1.00000e+00 -1.26643e+02  0.00000e+00  1.38914e+00 
 7.05370e-03  5.37934e-03 -1.59677e-20  3.47944e+00  1.25853e-04  3.58916e+02  3.60046e+02  3.67076e+00  3.68689e+00  4.28423e-02  1.38815e+02  2.76994e+02  5.71646e+05 -9.85939e+05  1.07508e+03  0.00000e+00 -4.13218e+05  4.84374e+05  7.11559e+04  4.28425e-02  1.00000e+00 -1.38818e+02  0.00000e+00  1.56161e+00 
 7.23722e-03  5.61783e-03  0.00000e+00  3.47944e+00  1.30560e-04  3.59007e+02  3.60046e+02  3.64583e+00  3.66255e+00  5.21029e-02  1.51108e+02  2.67008e+02  8.03250e+05 -1.16802e+06  1.03024e+03  0.00000e+00 -3.63740e+05  4.17919e+05  5.41792e+04  5.21036e-02  1.00000e+00 -1.51111e+02  0.00000e+00  1.76321e+00 
 7.42387e-03  5.85632e-03  0.00000e+00  3.47944e+00  1.35242e-04  3.59098e+02  3.60046e+02  3.61829e+00  3.63559e+00  6.28333e-02  1.62723e+02  2.57764e+02  1.06708e+06 -1.37715e+06  9.87945e+02  0.00000e+00 -3.09081e+05  3.60280e+05  5.11998e+04  6.28321e-02  1.00000e+00 -1.62727e+02  0.00000e+00  1.99975e+00 
 7.61342e-03  6.09482e-03  0.00000e+00  3.47944e+00  1.40181e-04  3.59188e+02  3.60046e+02  3.58778e+00  3.60571e+00  7.50912e-02  1.69936e+02  2.48684e+02  1.35717e+06 -1.60927e+06  9.45834e+02  0.00000e+00 -2.51155e+05  3.03741e+05  5.25859e+04  7.50903e-02  1.00000e+00 -1.69940e+02  0.00000e+00  2.27892e+00 
 7.80566e-03  6.33332e-03  0.00000e+00  3.47944e+00  1.45585e-04  3.59274e+02  3.60046e+02  3.55377e+00  3.57232e+00  8.89689e-02  1.74084e+02  2.39453e+02  1.66261e+06 -1.85986e+06  9.02759e+02  0.00000e+00 -1.96347e+05  2.52871e+05  5.65233e+04  8.89687e-02  1.00000e+00 -1.74088e+02  0.00000e+00  2.60922e+00 
 8.00039e-03  6.57182e-03  0.00000e+00  3.47944e+00  1.51639e-04  3.59359e+02  3.60046e+02  3.51570e+00  3.53466e+00  1.04312e-01  1.74228e+02  2.29893e+02  1.97102e+06 -2.11824e+06  8.57936e+02  0.00000e+00 -1.46363e+05  2.07240e+05  6.08766e+04  1.04311e-01  1.00000e+00 -1.74234e+02  0.00000e+00  3.00253e+00 
 8.19744e-03  6.81033e-03  1.31016e-20  3.47944e+00  1.58520e-04  3.59440e+02  3.60046e+02  3.47280e+00  3.49234e+00  1.21120e-01  1.70064e+02  2.19915e+02  2.26639e+06 -2.37538e+06  8.11199e+02  0.00000e+00 -1.08177e+05  1.66654e+05  5.84777e+04  1.21120e-01  1.00000e+00 -1.70070e+02  0.00000e+00  3.47092e+00 
 8.39664e-03  7.04884e-03  0.00000e+00  3.47944e+00  1.66214e-04  3.59517e+02  3.60047e+02  3.42446e+00  3.44463e+00  1.38907e-01  1.61324e+02  2.09736e+02  2.53763e+06 -2.61791e+06  7.63171e+02  0.00000e+00 -7.95255e+04  1.31468e+05  5.19423e+04  1.38907e-01  1.00000e+00 -1.61330e+02  0.00000e+00  4.03356e+00 
 8.59784e-03  7.28736e-03  0.00000e+00  3.47944e+00  1.74638e-04  3.59592e+02  3.60047e+02  3.36967e+00  3.39048e+00  1.57591e-01  1.48628e+02  1.99619e+02  2.77432e+06 -2.84284e+06  7.15062e+02  0.00000e+00 -6.78068e+04  1.01612e+05  3.38050e+04  1.57592e-01  1.00000e+00 -1.48635e+02  0.00000e+00  4.70881e+00 
 8.80092e-03  7.52587e-03  0.00000e+00  3.47944e+00  1.83291e-04  3.59663e+02  3.60047e+02  3.30803e+00  3.32946e+00  1.76360e-01  1.32593e+02  1.90196e+02  2.98424e+06 -3.04980e+06  6.68863e+02  0.00000e+00 -6.48904e+04  7.71793e+04  1.22889e+04  1.76361e-01  1.00000e+00 -1.32600e+02  0.00000e+00  5.53426e+00 
 9.00573e-03  7.76439e-03 -1.17014e-20  3.47944e+00  1.91664e-04  3.59733e+02  3.60047e+02  3.23806e+00  3.26001e+00  1.95269e-01  1.14214e+02  1.81888e+02  3.17562e+06 -3.25545e+06  6.26188e+02  0.00000e+00 -7.91956e+04  5.74210e+04 -2.17746e+04  1.95273e-01  1.00000e+00 -1.14221e+02  0.00000e+00  6.54982e+00 
 9.21216e-03  8.00291e-03  0.00000e+00  3.47944e+00  1.98644e-04  3.59802e+02  3.60047e+02  3.15947e+00  3.18180e+00  2.13471e-01  9.39772e+01  1.75498e+02  3.38758e+06 -3.48730e+06  5.89032e+02  0.00000e+00 -9.91322e+04  4.17011e+04 -5.74311e+04  2.13473e-01  1.00000e+00 -9.39844e+01  0.00000e+00  7.85632e+00 
 9.42012e-03  8.24144e-03  0.00000e+00  3.47944e+00  2.03459e-04  3.59872e+02  3.60048e+02  3.06804e+00  3.09045e+00  2.31458e-01  7.16369e+01  1.71345e+02  3.64925e+06 -3.78817e+06  5.58076e+02  0.00000e+00 -1.38361e+05  2.86246e+04 -1.09737e+05  2.31463e-01  1.00000e+00 -7.16444e+01  0.00000e+00  9.57857e+00 
 9.62949e-03  8.47996e-03  0.00000e+00  3.47944e+00  2.04594e-04  3.59946e+02  3.60048e+02  2.96327e+00  2.98541e+00  2.48675e-01  4.55752e+01  1.70395e+02  4.04862e+06 -4.23628e+06  5.34585e+02  0.00000e+00 -1.87122e+05  1.68575e+04 -1.70264e+05  2.48677e-01  1.00000e+00 -4.55832e+01  0.00000e+00  1.20592e+01 
 9.84019e-03  8.71849e-03  0.00000e+00  3.47944e+00  2.01260e-04  3.60031e+02  3.60048e+02  2.83135e+00  2.85280e+00  2.65750e-01  1.10190e+01  1.73220e+02  4.67838e+06 -4.94188e+06  5.18242e+02  0.00000e+00 -2.62985e+05  3.87939e+03 -2.59105e+05  2.65757e-01  1.00000e+00 -1.10276e+01  0.00000e+00  1.58423e+01 
 1.00521e-02  8.95702e-03  0.00000e+00  3.47944e+00  1.91810e-04  3.60137e+02  3.60049e+02  2.66904e+00  2.68959e+00  2.82341e-01 -9.77599e+01  1.81755e+02  5.84436e+06 -6.17910e+06  5.09035e+02  0.00000e+00 -3.34232e+05 -3.39594e+04 -3.68192e+05  2.82345e-01  1.00000e+00  9.77434e+01  0.00000e+00  2.27300e+01 
 1.02653e-02  9.19555e-03  0.00000e+00  3.47944e+00  1.75866e-04  3.60311e+02  3.60049e+02  2.42577e+00  2.44357e+00  3.00097e-01 -3.70099e+02  1.98235e+02  8.20383e+06 -8.52195e+06  4.99701e+02  0.00000e+00 -3.17615e+05 -1.31940e+05 -4.49555e+05  3.00107e-01  1.00000e+00  3.70081e+02  0.00000e+00  3.80455e+01 
 1.04795e-02  9.43408e-03  0.00000e+00  3.47944e+00  1.56199e-04  3.60782e+02  3.60050e+02  2.01941e+00  2.03156e+00  3.18827e-01 -4.31055e+03  2.23198e+02  1.43680e+07 -1.27884e+07  4.90211e+02  1.36416e+06  2.94434e+06 -3.01381e+06 -6.94717e+04  3.18833e-01  1.00000e+00  4.31053e+03  2.96796e+03  9.67987e+01 
