# Code_Saturne plot output (1D profile)
#
# Iteration output: 5102
# Time output:      2.30004e+01
#
#COLUMN_TITLES: Distance | X | Y | Z | diameter_Field2 | temp_Field1 | temp_Field2 | Velocity_Field1[Z] | Velocity_Field2[Z] | vol_f_Field2 | mass_trans_Field1 | Xd_Field2 | BK | COAL | COMP | NUCL | W1 | MT | SMBR | ALPBB | CONDNUM | GAMA | GAMANUC | epsilon_Field1
 4.56474e-03  1.39645e-04  0.00000e+00  3.47944e+00  5.02910e-04  3.59936e+02  3.60058e+02  5.28685e+00  5.38438e+00  2.50484e-01  1.37662e+01  6.92699e+01  2.07267e+05 -4.21378e+05  5.55912e+02  0.00000e+00 -2.13556e+05  1.66062e+03 -2.11895e+05  2.50560e-01  1.00000e+00 -1.37335e+01  0.00000e+00  1.56352e+00 
 4.57812e-03  3.76525e-04  4.25872e-21  3.47944e+00  5.24273e-04  3.59937e+02  3.60058e+02  5.28569e+00  5.38351e+00  2.51215e-01  1.29156e+01  6.64473e+01  1.98128e+05 -3.88941e+05  5.33123e+02  0.00000e+00 -1.90281e+05  1.49020e+03 -1.88791e+05  2.51288e-01  1.00000e+00 -1.28848e+01  0.00000e+00  1.57765e+00 
 4.60371e-03  6.13858e-04  0.00000e+00  3.47944e+00  5.43242e-04  3.59938e+02  3.60058e+02  5.28286e+00  5.38054e+00  2.52345e-01  1.22049e+01  6.41270e+01  1.91263e+05 -3.64145e+05  5.14320e+02  0.00000e+00 -1.72367e+05  1.35294e+03 -1.71015e+05  2.52415e-01  1.00000e+00 -1.21756e+01  0.00000e+00  1.60541e+00 
 4.64138e-03  8.51483e-04  0.00000e+00  3.47944e+00  5.62843e-04  3.59939e+02  3.60058e+02  5.27856e+00  5.37589e+00  2.54029e-01  1.15163e+01  6.18938e+01  1.85077e+05 -3.41724e+05  4.96130e+02  0.00000e+00 -1.56151e+05  1.22397e+03 -1.54927e+05  2.54094e-01  1.00000e+00 -1.14883e+01  0.00000e+00  1.64718e+00 
 4.69084e-03  1.08931e-03  0.00000e+00  3.47944e+00  5.84297e-04  3.59942e+02  3.60058e+02  5.27274e+00  5.36956e+00  2.56236e-01  1.08128e+01  5.96212e+01  1.78994e+05 -3.19814e+05  4.77559e+02  0.00000e+00 -1.40342e+05  1.09746e+03 -1.39245e+05  2.56297e-01  1.00000e+00 -1.07861e+01  0.00000e+00  1.70352e+00 
 4.75174e-03  1.32727e-03  1.05001e-20  3.47944e+00  6.07665e-04  3.59945e+02  3.60058e+02  5.26539e+00  5.36157e+00  2.58975e-01  1.01012e+01  5.73285e+01  1.72957e+05 -2.98343e+05  4.58776e+02  0.00000e+00 -1.24927e+05  9.75356e+02 -1.23952e+05  2.59031e-01  1.00000e+00 -1.00756e+01  0.00000e+00  1.77513e+00 
 4.82366e-03  1.56534e-03  0.00000e+00  3.47944e+00  6.32451e-04  3.59948e+02  3.60058e+02  5.25647e+00  5.35188e+00  2.62226e-01  9.39888e+00  5.50817e+01  1.67118e+05 -2.77762e+05  4.40282e+02  0.00000e+00 -1.10203e+05  8.61128e+02 -1.09342e+05  2.62280e-01  1.00000e+00 -9.37448e+00  0.00000e+00  1.86286e+00 
 4.90611e-03  1.80349e-03  8.81027e-21  3.47944e+00  6.57781e-04  3.59952e+02  3.60058e+02  5.24593e+00  5.34047e+00  2.65948e-01  8.72442e+00  5.29607e+01  1.61736e+05 -2.58675e+05  4.22728e+02  0.00000e+00 -9.65170e+04  7.57757e+02 -9.57593e+04  2.65999e-01  1.00000e+00 -8.70103e+00  0.00000e+00  1.96775e+00 
 4.99859e-03  2.04170e-03  0.00000e+00  3.47944e+00  6.82627e-04  3.59957e+02  3.60058e+02  5.23370e+00  5.32728e+00  2.70131e-01  8.09152e+00  5.10331e+01  1.57055e+05 -2.41626e+05  4.06661e+02  0.00000e+00 -8.41643e+04  6.66675e+02 -8.34976e+04  2.70176e-01  1.00000e+00 -8.06898e+00  0.00000e+00  2.09090e+00 
 5.10055e-03  2.27996e-03  7.58893e-21  3.47944e+00  7.05896e-04  3.59962e+02  3.60058e+02  5.21972e+00  5.31226e+00  2.74721e-01  7.50678e+00  4.93509e+01  1.53306e+05 -2.26990e+05  3.92510e+02  0.00000e+00 -7.32911e+04  5.88065e+02 -7.27031e+04  2.74759e-01  1.00000e+00 -7.48492e+00  0.00000e+00  2.23365e+00 
 5.21143e-03  2.51826e-03  7.09702e-21  3.47944e+00  7.26641e-04  3.59968e+02  3.60058e+02  5.20391e+00  5.29535e+00  2.79709e-01  6.97047e+00  4.79420e+01  1.50634e+05 -2.14980e+05  3.80482e+02  0.00000e+00 -6.39660e+04  5.20943e+02 -6.34450e+04  2.79738e-01  1.00000e+00 -6.94908e+00  0.00000e+00  2.39731e+00 
 5.33068e-03  2.75659e-03  1.33300e-20  3.47944e+00  7.44115e-04  3.59975e+02  3.60058e+02  5.18621e+00  5.27648e+00  2.85044e-01  6.47660e+00  4.68163e+01  1.49136e+05 -2.05634e+05  3.70621e+02  0.00000e+00 -5.61278e+04  4.63749e+02 -5.56640e+04  2.85065e-01  1.00000e+00 -6.45548e+00  0.00000e+00  2.58349e+00 
 5.45775e-03  2.99495e-03  1.25651e-20  3.47944e+00  7.57880e-04  3.59982e+02  3.60058e+02  5.16653e+00  5.25558e+00  2.90675e-01  6.01460e+00  4.59660e+01  1.48834e+05 -1.98847e+05  3.62896e+02  0.00000e+00 -4.96499e+04  4.14567e+02 -4.92353e+04  2.90691e-01  1.00000e+00 -5.99355e+00  0.00000e+00  2.79368e+00 
 5.59212e-03  3.23333e-03  0.00000e+00  3.47944e+00  7.67747e-04  3.59989e+02  3.60058e+02  5.14480e+00  5.23259e+00  2.96416e-01  5.57007e+00  4.53754e+01  1.49756e+05 -1.94379e+05  3.57097e+02  0.00000e+00 -4.42652e+04  3.71551e+02 -4.38936e+04  2.96429e-01  1.00000e+00 -5.54892e+00  0.00000e+00  3.02974e+00 
 5.73326e-03  3.47172e-03  0.00000e+00  3.47944e+00  7.73833e-04  3.59997e+02  3.60058e+02  5.12094e+00  5.20746e+00  3.02347e-01  5.13111e+00  4.50186e+01  1.51821e+05 -1.92091e+05  3.53032e+02  0.00000e+00 -3.99167e+04  3.32798e+02 -3.95839e+04  3.02357e-01  1.00000e+00 -5.10968e+00  0.00000e+00  3.29328e+00 
 5.88069e-03  3.71014e-03 -5.35987e-21  3.47944e+00  7.76380e-04  3.60006e+02  3.60058e+02  5.09490e+00  5.18013e+00  3.08404e-01  4.68364e+00  4.48710e+01  1.55006e+05 -1.91768e+05  3.50439e+02  0.00000e+00 -3.64109e+04  2.96690e+02 -3.61142e+04  3.08413e-01  1.00000e+00 -4.66178e+00  0.00000e+00  3.58751e+00 
 6.03395e-03  3.94857e-03  5.10973e-21  3.47944e+00  7.75773e-04  3.60015e+02  3.60058e+02  5.06659e+00  5.15056e+00  3.14596e-01  4.21425e+00  4.49062e+01  1.59219e+05 -1.93240e+05  3.49143e+02  0.00000e+00 -3.36722e+04  2.61734e+02 -3.34104e+04  3.14607e-01  1.00000e+00 -4.19180e+00  0.00000e+00  3.91345e+00 
 6.19261e-03  4.18701e-03  0.00000e+00  3.47944e+00  7.72369e-04  3.60024e+02  3.60058e+02  5.03588e+00  5.11859e+00  3.20762e-01  3.70871e+00  4.51043e+01  1.64479e+05 -1.96293e+05  3.48904e+02  0.00000e+00 -3.14646e+04  2.26694e+02 -3.12379e+04  3.20777e-01  1.00000e+00 -3.68554e+00  0.00000e+00  4.27484e+00 
 6.35626e-03  4.42546e-03  0.00000e+00  3.47944e+00  7.66589e-04  3.60034e+02  3.60058e+02  5.00265e+00  5.08430e+00  3.26995e-01  3.15794e+00  4.54444e+01  1.70709e+05 -2.00869e+05  3.49646e+02  0.00000e+00 -2.98099e+04  1.90515e+02 -2.96194e+04  3.27011e-01  1.00000e+00 -3.13390e+00  0.00000e+00  4.67358e+00 
 6.52453e-03  4.66392e-03 -8.96437e-21  3.47944e+00  7.58734e-04  3.60044e+02  3.60058e+02  4.96697e+00  5.04769e+00  3.33213e-01  2.54709e+00  4.59151e+01  1.77962e+05 -2.06888e+05  3.51179e+02  0.00000e+00 -2.85748e+04  1.52018e+02 -2.84227e+04  3.33230e-01  1.00000e+00 -2.52207e+00  0.00000e+00  5.11480e+00 
 6.69707e-03  4.90238e-03  1.72236e-20  3.47944e+00  7.49128e-04  3.60054e+02  3.60058e+02  4.92867e+00  5.00856e+00  3.39474e-01  1.86408e+00  4.65040e+01  1.86221e+05 -2.14359e+05  3.53402e+02  0.00000e+00 -2.77846e+04  1.10133e+02 -2.76745e+04  3.39491e-01  1.00000e+00 -1.83793e+00  0.00000e+00  5.60215e+00 
 6.87356e-03  5.14086e-03  8.28595e-21  3.47944e+00  7.37931e-04  3.60064e+02  3.60059e+02  4.88775e+00  4.96680e+00  3.45661e-01  1.09628e+00  4.72098e+01  1.95631e+05 -2.23302e+05  3.56220e+02  0.00000e+00 -2.73145e+04  6.38590e+01 -2.72507e+04  3.45679e-01  1.00000e+00 -1.06889e+00  0.00000e+00  6.14315e+00 
 7.05370e-03  5.37934e-03 -1.59677e-20  3.47944e+00  7.25379e-04  3.60075e+02  3.60059e+02  4.84398e+00  4.92218e+00  3.51810e-01  2.30768e-01  4.80269e+01  2.06229e+05 -2.33812e+05  3.59613e+02  0.00000e+00 -2.72230e+04  1.20621e+01 -2.72109e+04  3.51836e-01  1.00000e+00 -2.01999e-01  0.00000e+00  6.74304e+00 
 7.23722e-03  5.61783e-03  0.00000e+00  3.47944e+00  7.11547e-04  3.60086e+02  3.60059e+02  4.79729e+00  4.87457e+00  3.57800e-01 -1.81527e+00  4.89608e+01  2.18245e+05 -2.46000e+05  3.63573e+02  0.00000e+00 -2.73917e+04 -1.12790e+02 -2.75045e+04  3.57839e-01  1.00000e+00  1.88443e+00  0.00000e+00  7.41312e+00 
 7.42387e-03  5.85632e-03  0.00000e+00  3.47944e+00  6.96623e-04  3.60097e+02  3.60059e+02  4.74719e+00  4.82352e+00  3.63753e-01 -4.37253e+00  5.00099e+01  2.31785e+05 -2.60065e+05  3.68029e+02  0.00000e+00 -2.79121e+04 -2.67324e+02 -2.81794e+04  3.63801e-01  1.00000e+00  4.44543e+00  0.00000e+00  8.16317e+00 
 7.61342e-03  6.09482e-03  0.00000e+00  3.47944e+00  6.80542e-04  3.60108e+02  3.60059e+02  4.69382e+00  4.76908e+00  3.69529e-01 -7.29759e+00  5.11919e+01  2.47278e+05 -2.76280e+05  3.73045e+02  0.00000e+00 -2.86283e+04 -4.46852e+02 -2.90752e+04  3.69578e-01  1.00000e+00  7.37458e+00  0.00000e+00  9.01273e+00 
 7.80566e-03  6.33332e-03  0.00000e+00  3.47944e+00  6.63461e-04  3.60120e+02  3.60060e+02  4.63606e+00  4.71022e+00  3.75349e-01 -1.06782e+01  5.25101e+01  2.64850e+05 -2.95093e+05  3.78537e+02  0.00000e+00 -2.98642e+04 -6.58394e+02 -3.05226e+04  3.75395e-01  1.00000e+00  1.07597e+01  0.00000e+00  9.97526e+00 
 8.00039e-03  6.57182e-03  0.00000e+00  3.47944e+00  6.45174e-04  3.60133e+02  3.60060e+02  4.57473e+00  4.64769e+00  3.81043e-01 -1.46304e+01  5.39988e+01  2.85254e+05 -3.17102e+05  3.84752e+02  0.00000e+00 -3.14635e+04 -9.12245e+02 -3.23757e+04  3.81084e-01  1.00000e+00  1.47170e+01  0.00000e+00  1.10862e+01 
 8.19744e-03  6.81033e-03  1.31016e-20  3.47944e+00  6.25806e-04  3.60146e+02  3.60060e+02  4.50707e+00  4.57879e+00  3.86806e-01 -1.93197e+01  5.56704e+01  3.08817e+05 -3.43064e+05  3.91304e+02  0.00000e+00 -3.38557e+04 -1.22204e+03 -3.50777e+04  3.86845e-01  1.00000e+00  1.94119e+01  0.00000e+00  1.23685e+01 
 8.39664e-03  7.04884e-03  0.00000e+00  3.47944e+00  6.04989e-04  3.60160e+02  3.60061e+02  4.43614e+00  4.50660e+00  3.92317e-01 -2.49828e+01  5.75863e+01  3.37023e+05 -3.74043e+05  3.98610e+02  0.00000e+00 -3.66218e+04 -1.61033e+03 -3.82321e+04  3.92356e-01  1.00000e+00  2.50815e+01  0.00000e+00  1.38920e+01 
 8.59784e-03  7.28736e-03  0.00000e+00  3.47944e+00  5.82894e-04  3.60176e+02  3.60061e+02  4.35425e+00  4.42345e+00  3.97961e-01 -3.19682e+01  5.97696e+01  3.70365e+05 -4.11709e+05  4.06614e+02  0.00000e+00 -4.09367e+04 -2.10703e+03 -4.30438e+04  3.98002e-01  1.00000e+00  3.20742e+01  0.00000e+00  1.56861e+01 
 8.80092e-03  7.52587e-03  0.00000e+00  3.47944e+00  5.58892e-04  3.60193e+02  3.60061e+02  4.27122e+00  4.33931e+00  4.03434e-01 -4.08435e+01  6.23369e+01  4.11939e+05 -4.58409e+05  4.16089e+02  0.00000e+00 -4.60536e+04 -2.76815e+03 -4.88217e+04  4.03474e-01  1.00000e+00  4.09582e+01  0.00000e+00  1.79154e+01 
 9.00573e-03  7.76439e-03 -1.17014e-20  3.47944e+00  5.33163e-04  3.60214e+02  3.60062e+02  4.16717e+00  4.23444e+00  4.09108e-01 -5.24902e+01  6.53457e+01  4.63121e+05 -5.17855e+05  4.26422e+02  0.00000e+00 -5.43070e+04 -3.67594e+03 -5.79830e+04  4.09146e-01  1.00000e+00  5.26152e+01  0.00000e+00  2.06382e+01 
 9.21216e-03  8.00291e-03  0.00000e+00  3.47944e+00  5.04619e-04  3.60239e+02  3.60062e+02  4.06973e+00  4.13614e+00  4.14765e-01 -6.85008e+01  6.90426e+01  5.31266e+05 -5.96081e+05  4.39486e+02  0.00000e+00 -6.43753e+04 -4.99768e+03 -6.93730e+04  4.14798e-01  1.00000e+00  6.86385e+01  0.00000e+00  2.42804e+01 
 9.42012e-03  8.24144e-03  0.00000e+00  3.47944e+00  4.73493e-04  3.60270e+02  3.60063e+02  3.92512e+00  3.99014e+00  4.20722e-01 -9.15118e+01  7.35821e+01  6.20809e+05 -7.03474e+05  4.53801e+02  0.00000e+00 -8.22116e+04 -7.01250e+03 -8.92241e+04  4.20752e-01  1.00000e+00  9.16652e+01  0.00000e+00  2.89949e+01 
 9.62949e-03  8.47996e-03  0.00000e+00  3.47944e+00  4.37776e-04  3.60312e+02  3.60063e+02  3.80418e+00  3.86749e+00  4.26815e-01 -1.27523e+02  7.95861e+01  7.53552e+05 -8.60067e+05  4.73990e+02  0.00000e+00 -1.06042e+05 -1.04158e+04 -1.16458e+05  4.26838e-01  1.00000e+00  1.27698e+02  0.00000e+00  3.60702e+01 
 9.84019e-03  8.71849e-03  0.00000e+00  3.47944e+00  3.97565e-04  3.60373e+02  3.60064e+02  3.59096e+00  3.64881e+00  4.33313e-01 -1.88499e+02  8.76370e+01  9.53748e+05 -1.10437e+06  4.94735e+02  0.00000e+00 -1.50123e+05 -1.66977e+04 -1.66821e+05  4.33332e-01  1.00000e+00  1.88702e+02  0.00000e+00  4.66347e+01 
 1.00521e-02  8.95702e-03  0.00000e+00  3.47944e+00  3.48998e-04  3.60473e+02  3.60065e+02  3.40835e+00  3.45912e+00  4.40134e-01 -3.11653e+02  9.98338e+01  1.32146e+06 -1.53122e+06  5.29617e+02  0.00000e+00 -2.09233e+05 -3.09541e+04 -2.40187e+05  4.40155e-01  1.00000e+00  3.11901e+02  0.00000e+00  6.67479e+01 
 1.02653e-02  9.19555e-03  0.00000e+00  3.47944e+00  2.92692e-04  3.60673e+02  3.60066e+02  3.02380e+00  3.06594e+00  4.48037e-01 -6.19788e+02  1.19041e+02  2.07172e+06 -2.34651e+06  5.56610e+02  0.00000e+00 -2.74233e+05 -7.20738e+04 -3.46307e+05  4.48056e-01  1.00000e+00  6.20107e+02  0.00000e+00  1.10685e+02 
 1.04795e-02  9.43408e-03  0.00000e+00  3.47944e+00  2.29871e-04  3.61245e+02  3.60067e+02  2.51462e+00  2.54163e+00  4.58246e-01 -5.20023e+03  1.51577e+02  4.18767e+06 -3.66571e+06  6.04646e+02  9.86400e+05  1.50896e+06 -1.50402e+06  4.94172e+03  4.58247e-01  1.00000e+00  5.20068e+03  3.40944e+03  2.80568e+02 
