# Code_Saturne plot output (1D profile)
#
# Iteration output: 2474
# Time output:      2.30015e+01
#
#COLUMN_TITLES: Distance | X | Y | Z | diameter_Field2 | temp_Field1 | temp_Field2 | Velocity_Field1[Z] | Velocity_Field2[Z] | vol_f_Field2 | mass_trans_Field1 | Xd_Field2 | BK | COAL | COMP | NUCL | W1 | MT | SMBR | ALPBB | CONDNUM | GAMA | GAMANUC | epsilon_Field1
 4.56474e-03  1.39645e-04  0.00000e+00  3.47944e+00  2.03747e-05  3.59426e+02  3.60050e+02  4.39398e+00  4.39539e+00  1.80451e-02  3.48454e+02  1.71058e+03  5.34361e-85 -4.20149e+06  9.19239e+03  0.00000e+00 -4.19230e+06  2.05632e+07  1.63709e+07  1.80418e-02  1.00000e+00 -3.48358e+02  0.00000e+00  3.73766e-01 
 4.57812e-03  3.76525e-04  4.25872e-21  3.47944e+00  3.95533e-05  3.59423e+02  3.60050e+02  4.39430e+00  4.39832e+00  2.04828e-02  1.51412e+02  8.81152e+02  4.50400e-22 -1.55784e+06  4.70836e+03  0.00000e+00 -1.55313e+06  4.05489e+06  2.50175e+06  2.04775e-02  1.00000e+00 -1.51368e+02  0.00000e+00  3.77185e-01 
 4.60371e-03  6.13858e-04  0.00000e+00  3.47944e+00  5.81785e-05  3.59422e+02  3.60050e+02  4.39363e+00  4.40104e+00  2.21611e-02  9.44162e+01  5.99061e+02  1.06942e-07 -8.79191e+05  3.20051e+03  0.00000e+00 -8.75991e+05  1.58864e+06  7.12654e+05  2.21557e-02  1.00000e+00 -9.43881e+01  0.00000e+00  3.83549e-01 
 4.64138e-03  8.51483e-04  0.00000e+00  3.47944e+00  7.49831e-05  3.59424e+02  3.60050e+02  4.39226e+00  4.40310e+00  2.39837e-02  7.15732e+01  4.64804e+02  2.27896e-02 -6.21883e+05  2.48447e+03  0.00000e+00 -6.19398e+05  8.63341e+05  2.43943e+05  2.39773e-02  1.00000e+00 -7.15517e+01  0.00000e+00  3.93148e-01 
 4.69084e-03  1.08931e-03  0.00000e+00  3.47944e+00  8.98703e-05  3.59429e+02  3.60050e+02  4.39020e+00  4.40410e+00  2.61948e-02  6.07870e+01  3.87808e+02  8.34892e+00 -5.03416e+05  2.07400e+03  0.00000e+00 -5.01334e+05  5.60120e+05  5.87865e+04  2.61875e-02  1.00000e+00 -6.07686e+01  0.00000e+00  4.06294e-01 
 4.75174e-03  1.32727e-03  1.05001e-20  3.47944e+00  1.03242e-04  3.59437e+02  3.60050e+02  4.38747e+00  4.40412e+00  2.88216e-02  5.50203e+01  3.37581e+02  2.43468e+02 -4.42352e+05  1.80614e+03  0.00000e+00 -4.40303e+05  4.01090e+05 -3.92123e+04  2.88140e-02  1.00000e+00 -5.50033e+01  0.00000e+00  4.23302e-01 
 4.82366e-03  1.56534e-03  0.00000e+00  3.47944e+00  1.15461e-04  3.59448e+02  3.60050e+02  4.38405e+00  4.40320e+00  3.19073e-02  5.18324e+01  3.01854e+02  2.10418e+03 -4.10410e+05  1.61540e+03  0.00000e+00 -4.06690e+05  3.05177e+05 -1.01513e+05  3.18996e-02  1.00000e+00 -5.18161e+01  0.00000e+00  4.44604e-01 
 4.90611e-03  1.80349e-03  8.81027e-21  3.47944e+00  1.26632e-04  3.59462e+02  3.60050e+02  4.37992e+00  4.40134e+00  3.55036e-02  5.02348e+01  2.75225e+02  9.18619e+03 -3.96651e+05  1.47297e+03  0.00000e+00 -3.85991e+05  2.42351e+05 -1.43640e+05  3.54962e-02  1.00000e+00 -5.02187e+01  0.00000e+00  4.70746e-01 
 4.99859e-03  2.04170e-03  0.00000e+00  3.47944e+00  1.36636e-04  3.59478e+02  3.60050e+02  4.37505e+00  4.39846e+00  3.96681e-02  4.98070e+01  2.55075e+02  2.61501e+04 -3.96789e+05  1.36491e+03  0.00000e+00 -3.69274e+05  1.99307e+05 -1.69968e+05  3.96609e-02  1.00000e+00 -4.97906e+01  0.00000e+00  5.02411e-01 
 5.10055e-03  2.27996e-03  7.58893e-21  3.47944e+00  1.45283e-04  3.59498e+02  3.60050e+02  4.36940e+00  4.39447e+00  4.44654e-02  5.03511e+01  2.39893e+02  5.60990e+04 -4.09332e+05  1.28314e+03  0.00000e+00 -3.51950e+05  1.69039e+05 -1.82911e+05  4.44586e-02  1.00000e+00 -5.03339e+01  0.00000e+00  5.40431e-01 
 5.21143e-03  2.51826e-03  7.09702e-21  3.47944e+00  1.52470e-04  3.59519e+02  3.60050e+02  4.36290e+00  4.38930e+00  4.99663e-02  5.17369e+01  2.28586e+02  9.95694e+04 -4.33945e+05  1.22184e+03  0.00000e+00 -3.33154e+05  1.47277e+05 -1.85877e+05  4.99598e-02  1.00000e+00 -5.17186e+01  0.00000e+00  5.85814e-01 
 5.33068e-03  2.75659e-03  1.33300e-20  3.47944e+00  1.58244e-04  3.59543e+02  3.60050e+02  4.35548e+00  4.38288e+00  5.62444e-02  5.38379e+01  2.20246e+02  1.55771e+05 -4.70780e+05  1.17612e+03  0.00000e+00 -3.13833e+05  1.31177e+05 -1.82656e+05  5.62383e-02  1.00000e+00 -5.38180e+01  0.00000e+00  6.39768e-01 
 5.45775e-03  2.99495e-03  1.25651e-20  3.47944e+00  1.62786e-04  3.59570e+02  3.60050e+02  4.34705e+00  4.37516e+00  6.33757e-02  5.64523e+01  2.14100e+02  2.24131e+05 -5.20250e+05  1.14186e+03  0.00000e+00 -2.94978e+05  1.18658e+05 -1.76320e+05  6.33700e-02  1.00000e+00 -5.64303e+01  0.00000e+00  7.03728e-01 
 5.59212e-03  3.23333e-03  0.00000e+00  3.47944e+00  1.66345e-04  3.59597e+02  3.60050e+02  4.33749e+00  4.36610e+00  7.14332e-02  5.89239e+01  2.09519e+02  3.04898e+05 -5.82934e+05  1.11567e+03  0.00000e+00 -2.76920e+05  1.07526e+05 -1.69394e+05  7.14281e-02  1.00000e+00 -5.88997e+01  0.00000e+00  7.79391e-01 
 5.73326e-03  3.47172e-03  0.00000e+00  3.47944e+00  1.69159e-04  3.59626e+02  3.60050e+02  4.32667e+00  4.35560e+00  8.04801e-02  6.15029e+01  2.06033e+02  3.98826e+05 -6.59626e+05  1.09501e+03  0.00000e+00 -2.59704e+05  9.79538e+04 -1.61751e+05  8.04759e-02  1.00000e+00 -6.14761e+01  0.00000e+00  8.68746e-01 
 5.88069e-03  3.71014e-03 -5.35987e-21  3.47944e+00  1.71448e-04  3.59656e+02  3.60050e+02  4.31442e+00  4.34353e+00  9.05611e-02  6.39922e+01  2.03283e+02  5.06857e+05 -7.51095e+05  1.07796e+03  0.00000e+00 -2.43160e+05  8.93592e+04 -1.53801e+05  9.05580e-02  1.00000e+00 -6.39623e+01  0.00000e+00  9.74113e-01 
 6.03395e-03  3.94857e-03  5.10973e-21  3.47944e+00  1.73410e-04  3.59687e+02  3.60050e+02  4.30054e+00  4.32967e+00  1.01701e-01  6.61848e+01  2.00984e+02  6.29751e+05 -8.57899e+05  1.06291e+03  0.00000e+00 -2.27085e+05  8.13614e+04 -1.45724e+05  1.01700e-01  1.00000e+00 -6.61516e+01  0.00000e+00  1.09815e+00 
 6.19261e-03  4.18701e-03  0.00000e+00  3.47944e+00  1.75221e-04  3.59718e+02  3.60050e+02  4.28481e+00  4.31392e+00  1.13895e-01  6.78775e+01  1.98906e+02  7.67761e+05 -9.80129e+05  1.04861e+03  0.00000e+00 -2.11320e+05  7.37340e+04 -1.37586e+05  1.13895e-01  1.00000e+00 -6.78405e+01  0.00000e+00  1.24391e+00 
 6.35626e-03  4.42546e-03  0.00000e+00  3.47944e+00  1.77036e-04  3.59748e+02  3.60050e+02  4.26699e+00  4.29599e+00  1.27111e-01  6.88770e+01  1.96867e+02  9.20306e+05 -1.11728e+06  1.03411e+03  0.00000e+00 -1.95935e+05  6.63487e+04 -1.29587e+05  1.27112e-01  1.00000e+00 -6.88360e+01  0.00000e+00  1.41484e+00 
 6.52453e-03  4.66392e-03 -8.96437e-21  3.47944e+00  1.78985e-04  3.59778e+02  3.60050e+02  4.24677e+00  4.27565e+00  1.41251e-01  6.90087e+01  1.94724e+02  1.08585e+06 -1.26777e+06  1.01854e+03  0.00000e+00 -1.80902e+05  5.91643e+04 -1.21738e+05  1.41255e-01  1.00000e+00 -6.89636e+01  0.00000e+00  1.61479e+00 
 6.69707e-03  4.90238e-03  1.72236e-20  3.47944e+00  1.81178e-04  3.59807e+02  3.60050e+02  4.22383e+00  4.25260e+00  1.56212e-01  6.81554e+01  1.92368e+02  1.26162e+06 -1.42930e+06  1.00132e+03  0.00000e+00 -1.66679e+05  5.21925e+04 -1.14486e+05  1.56219e-01  1.00000e+00 -6.81062e+01  0.00000e+00  1.84784e+00 
 6.87356e-03  5.14086e-03  8.28595e-21  3.47944e+00  1.83685e-04  3.59835e+02  3.60050e+02  4.19787e+00  4.22652e+00  1.71785e-01  6.62459e+01  1.89742e+02  1.44420e+06 -1.59830e+06  9.82116e+02  0.00000e+00 -1.53120e+05  4.54972e+04 -1.07622e+05  1.71794e-01  1.00000e+00 -6.61925e+01  0.00000e+00  2.11868e+00 
 7.05370e-03  5.37934e-03 -1.59677e-20  3.47944e+00  1.86556e-04  3.59861e+02  3.60050e+02  4.16854e+00  4.19709e+00  1.87836e-01  6.33120e+01  1.86822e+02  1.62912e+06 -1.77137e+06  9.60778e+02  0.00000e+00 -1.41287e+05  3.91499e+04 -1.02137e+05  1.87848e-01  1.00000e+00 -6.32546e+01  0.00000e+00  2.43182e+00 
 7.23722e-03  5.61783e-03  0.00000e+00  3.47944e+00  1.89774e-04  3.59886e+02  3.60050e+02  4.13551e+00  4.16397e+00  2.04027e-01  5.94163e+01  1.83655e+02  1.81279e+06 -1.94391e+06  9.37509e+02  0.00000e+00 -1.30188e+05  3.32475e+04 -9.69404e+04  2.04040e-01  1.00000e+00 -5.93552e+01  0.00000e+00  2.79281e+00 
 7.42387e-03  5.85632e-03  0.00000e+00  3.47944e+00  1.93307e-04  3.59909e+02  3.60050e+02  4.09853e+00  4.12691e+00  2.20255e-01  5.47366e+01  1.80298e+02  1.99112e+06 -2.11344e+06  9.12669e+02  0.00000e+00 -1.21413e+05  2.78493e+04 -9.35636e+04  2.20270e-01  1.00000e+00 -5.46722e+01  0.00000e+00  3.20662e+00 
 7.61342e-03  6.09482e-03  0.00000e+00  3.47944e+00  1.97029e-04  3.59931e+02  3.60050e+02  4.05741e+00  4.08572e+00  2.36187e-01  4.94464e+01  1.76893e+02  2.16312e+06 -2.27772e+06  8.86913e+02  0.00000e+00 -1.13708e+05  2.30133e+04 -9.06946e+04  2.36202e-01  1.00000e+00 -4.93789e+01  0.00000e+00  3.68084e+00 
 7.80566e-03  6.33332e-03  0.00000e+00  3.47944e+00  2.00823e-04  3.59951e+02  3.60050e+02  4.01197e+00  4.04018e+00  2.51781e-01  4.37572e+01  1.73552e+02  2.32766e+06 -2.43732e+06  8.60903e+02  0.00000e+00 -1.08800e+05  1.87389e+04 -9.00616e+04  2.51795e-01  1.00000e+00 -4.36870e+01  0.00000e+00  4.22250e+00 
 8.00039e-03  6.57182e-03  0.00000e+00  3.47944e+00  2.04445e-04  3.59970e+02  3.60050e+02  3.96207e+00  3.99016e+00  2.66729e-01  3.78373e+01  1.70477e+02  2.48887e+06 -2.59447e+06  8.35497e+02  0.00000e+00 -1.04758e+05  1.50201e+04 -8.97375e+04  2.66742e-01  1.00000e+00 -3.77646e+01  0.00000e+00  4.84516e+00 
 8.19744e-03  6.81033e-03  1.31016e-20  3.47944e+00  2.07733e-04  3.59987e+02  3.60051e+02  3.90735e+00  3.93525e+00  2.81152e-01  3.18225e+01  1.67780e+02  2.64909e+06 -2.75416e+06  8.11316e+02  0.00000e+00 -1.04256e+05  1.17898e+04 -9.24660e+04  2.81162e-01  1.00000e+00 -3.17475e+01  0.00000e+00  5.56177e+00 
 8.39664e-03  7.04884e-03  0.00000e+00  3.47944e+00  2.10351e-04  3.60004e+02  3.60051e+02  3.84770e+00  3.87531e+00  2.94788e-01  2.57796e+01  1.65692e+02  2.81885e+06 -2.92432e+06  7.89172e+02  0.00000e+00 -1.04681e+05  8.99018e+03 -9.56911e+04  2.94796e-01  1.00000e+00 -2.57022e+01  0.00000e+00  6.40110e+00 
 8.59784e-03  7.28736e-03  0.00000e+00  3.47944e+00  2.12149e-04  3.60019e+02  3.60051e+02  3.78188e+00  3.80909e+00  3.07945e-01  1.96908e+01  1.64289e+02  3.00323e+06 -3.11437e+06  7.69375e+02  0.00000e+00 -1.10370e+05  6.51098e+03 -1.03859e+05  3.07951e-01  1.00000e+00 -1.96109e+01  0.00000e+00  7.39011e+00 
 8.80092e-03  7.52587e-03  0.00000e+00  3.47944e+00  2.12700e-04  3.60033e+02  3.60051e+02  3.71026e+00  3.73690e+00  3.20336e-01  1.34592e+01  1.63864e+02  3.22226e+06 -3.34042e+06  7.52671e+02  0.00000e+00 -1.17410e+05  4.25838e+03 -1.13152e+05  3.20338e-01  1.00000e+00 -1.33764e+01  0.00000e+00  8.59414e+00 
 9.00573e-03  7.76439e-03 -1.17014e-20  3.47944e+00  2.11898e-04  3.60048e+02  3.60052e+02  3.62891e+00  3.65478e+00  3.32404e-01  6.83930e+00  1.64486e+02  3.48499e+06 -3.61852e+06  7.39067e+02  0.00000e+00 -1.32790e+05  2.07966e+03 -1.30710e+05  3.32408e-01  1.00000e+00 -6.75306e+00  0.00000e+00  1.00727e+01 
 9.21216e-03  8.00291e-03  0.00000e+00  3.47944e+00  2.09203e-04  3.60062e+02  3.60052e+02  3.54079e+00  3.56565e+00  3.43935e-01 -1.34780e+00  1.66606e+02  3.83178e+06 -3.98494e+06  7.29493e+02  0.00000e+00 -1.52428e+05 -4.57672e+02 -1.52885e+05  3.43942e-01  1.00000e+00  1.51814e+00  0.00000e+00  1.19947e+01 
 9.42012e-03  8.24144e-03  0.00000e+00  3.47944e+00  2.04529e-04  3.60078e+02  3.60052e+02  3.43386e+00  3.45753e+00  3.55322e-01 -2.12171e+01  1.70414e+02  4.28918e+06 -4.47571e+06  7.23551e+02  0.00000e+00 -1.85806e+05 -6.38616e+03 -1.92192e+05  3.55331e-01  1.00000e+00  2.13958e+01  0.00000e+00  1.45275e+01 
 9.62949e-03  8.47996e-03  0.00000e+00  3.47944e+00  1.96953e-04  3.60097e+02  3.60053e+02  3.31903e+00  3.34122e+00  3.66495e-01 -4.96704e+01  1.76970e+02  4.96792e+06 -5.20019e+06  7.23937e+02  0.00000e+00 -2.31545e+05 -1.49834e+04 -2.46528e+05  3.66507e-01  1.00000e+00  4.98602e+01  0.00000e+00  1.82152e+01 
 9.84019e-03  8.71849e-03  0.00000e+00  3.47944e+00  1.86132e-04  3.60124e+02  3.60053e+02  3.16252e+00  3.18315e+00  3.77670e-01 -9.88717e+01  1.87261e+02  5.99954e+06 -6.30868e+06  7.29347e+02  0.00000e+00 -3.08408e+05 -3.05721e+04 -3.38980e+05  3.77686e-01  1.00000e+00  9.90764e+01  0.00000e+00  2.37961e+01 
 1.00521e-02  8.95702e-03  0.00000e+00  3.47944e+00  1.70634e-04  3.60172e+02  3.60053e+02  2.98736e+00  3.00630e+00  3.88820e-01 -2.06262e+02  2.04270e+02  7.86075e+06 -8.25391e+06  7.45790e+02  0.00000e+00 -3.92415e+05 -6.75111e+04 -4.59926e+05  3.88836e-01  1.00000e+00  2.06489e+02  0.00000e+00  3.40446e+01 
 1.02653e-02  9.19555e-03  0.00000e+00  3.47944e+00  1.50774e-04  3.60286e+02  3.60054e+02  2.69965e+00  2.71600e+00  4.00950e-01 -5.18645e+02  2.31180e+02  1.15597e+07 -1.19175e+07  7.57311e+02  0.00000e+00 -3.57055e+05 -1.86200e+05 -5.43255e+05  4.00966e-01  1.00000e+00  5.18901e+02  0.00000e+00  5.65046e+01 
 1.04795e-02  9.43408e-03  0.00000e+00  3.47944e+00  1.30152e-04  3.60703e+02  3.60055e+02  2.25811e+00  2.26896e+00  4.14986e-01 -5.15130e+03  2.67813e+02  2.10634e+07 -1.86477e+07  7.61488e+02  9.65998e+05  3.38250e+06 -3.45519e+06 -7.26884e+04  4.14999e-01  1.00000e+00  5.15159e+03  3.22173e+03  1.42650e+02 
