# Code_Saturne plot output (1D profile)
#
# Iteration output: 4801
# Time output:      2.30001e+01
#
#COLUMN_TITLES: Distance | X | Y | Z | diameter_Field2 | temp_Field1 | temp_Field2 | Velocity_Field1[Z] | Velocity_Field2[Z] | vol_f_Field2 | mass_trans_Field1 | Xd_Field2 | BK | COAL | COMP | NUCL | W1 | MT | SMBR | ALPBB | CONDNUM | GAMA | GAMANUC | epsilon_Field1
 4.56474e-03  1.39645e-04  0.00000e+00  3.47944e+00  3.14345e-04  3.59883e+02  3.60056e+02  5.18734e+00  5.25934e+00  2.08685e-01  2.91253e+01  1.10832e+02  2.96940e+05 -5.72219e+05  8.15781e+02  0.00000e+00 -2.74464e+05  3.79894e+03 -2.70665e+05  2.08669e-01  1.00000e+00 -2.92579e+01  0.00000e+00  1.10845e+00 
 4.57812e-03  3.76525e-04  4.25872e-21  3.47944e+00  3.28797e-04  3.59883e+02  3.60056e+02  5.18605e+00  5.26182e+00  2.09739e-01  2.74998e+01  1.05960e+02  2.91956e+05 -5.32118e+05  7.80086e+02  0.00000e+00 -2.39382e+05  3.41203e+03 -2.35970e+05  2.09723e-01  1.00000e+00 -2.76255e+01  0.00000e+00  1.12121e+00 
 4.60371e-03  6.13858e-04  0.00000e+00  3.47944e+00  3.40334e-04  3.59884e+02  3.60056e+02  5.18341e+00  5.26195e+00  2.11462e-01  2.63444e+01  1.02368e+02  2.89920e+05 -5.07094e+05  7.53808e+02  0.00000e+00 -2.16420e+05  3.13223e+03 -2.13287e+05  2.11445e-01  1.00000e+00 -2.64656e+01  0.00000e+00  1.14603e+00 
 4.64138e-03  8.51483e-04  0.00000e+00  3.47944e+00  3.50851e-04  3.59886e+02  3.60056e+02  5.17956e+00  5.26043e+00  2.13918e-01  2.53875e+01  9.92994e+01  2.89782e+05 -4.89607e+05  7.31255e+02  0.00000e+00 -1.99095e+05  2.89448e+03 -1.96200e+05  2.13901e-01  1.00000e+00 -2.55056e+01  0.00000e+00  1.18331e+00 
 4.69084e-03  1.08931e-03  0.00000e+00  3.47944e+00  3.61703e-04  3.59889e+02  3.60056e+02  5.17438e+00  5.25749e+00  2.17123e-01  2.44688e+01  9.63201e+01  2.90551e+05 -4.75249e+05  7.09259e+02  0.00000e+00 -1.83989e+05  2.66625e+03 -1.81323e+05  2.17107e-01  1.00000e+00 -2.45841e+01  0.00000e+00  1.23346e+00 
 4.75174e-03  1.32727e-03  1.05001e-20  3.47944e+00  3.73498e-04  3.59892e+02  3.60056e+02  5.16780e+00  5.25322e+00  2.21035e-01  2.35217e+01  9.32782e+01  2.91595e+05 -4.62072e+05  6.86715e+02  0.00000e+00 -1.69790e+05  2.43837e+03 -1.67352e+05  2.21018e-01  1.00000e+00 -2.36345e+01  0.00000e+00  1.29717e+00 
 4.82366e-03  1.56534e-03  0.00000e+00  3.47944e+00  3.86522e-04  3.59896e+02  3.60056e+02  5.15974e+00  5.24763e+00  2.25635e-01  2.25227e+01  9.01354e+01  2.92414e+05 -4.49183e+05  6.63343e+02  0.00000e+00 -1.56106e+05  2.21036e+03 -1.53895e+05  2.25619e-01  1.00000e+00 -2.26331e+01  0.00000e+00  1.37513e+00 
 4.90611e-03  1.80349e-03  8.81027e-21  3.47944e+00  4.00843e-04  3.59900e+02  3.60056e+02  5.15019e+00  5.24067e+00  2.30853e-01  2.14654e+01  8.69150e+01  2.92684e+05 -4.36147e+05  6.39253e+02  0.00000e+00 -1.42823e+05  1.98567e+03 -1.40838e+05  2.30838e-01  1.00000e+00 -2.15735e+01  0.00000e+00  1.46822e+00 
 4.99859e-03  2.04170e-03  0.00000e+00  3.47944e+00  4.16396e-04  3.59905e+02  3.60056e+02  5.13928e+00  5.23131e+00  2.36645e-01  2.02842e+01  8.36687e+01  2.92220e+05 -4.22892e+05  6.14953e+02  0.00000e+00 -1.30057e+05  1.76235e+03 -1.28295e+05  2.36632e-01  1.00000e+00 -2.03894e+01  0.00000e+00  1.57749e+00 
 5.10055e-03  2.27996e-03  7.58893e-21  3.47944e+00  4.32974e-04  3.59911e+02  3.60056e+02  5.12685e+00  5.21896e+00  2.42926e-01  1.90411e+01  8.04651e+01  2.90999e+05 -4.09494e+05  5.90696e+02  0.00000e+00 -1.17905e+05  1.55012e+03 -1.16355e+05  2.42915e-01  1.00000e+00 -1.91433e+01  0.00000e+00  1.70398e+00 
 5.21143e-03  2.51826e-03  7.09702e-21  3.47944e+00  4.50276e-04  3.59917e+02  3.60056e+02  5.11265e+00  5.20411e+00  2.49704e-01  1.77980e+01  7.73733e+01  2.89098e+05 -3.96297e+05  5.67038e+02  0.00000e+00 -1.06633e+05  1.35572e+03 -1.05277e+05  2.49692e-01  1.00000e+00 -1.78975e+01  0.00000e+00  1.84879e+00 
 5.33068e-03  2.75659e-03  1.33300e-20  3.47944e+00  4.67869e-04  3.59924e+02  3.60056e+02  5.09656e+00  5.18703e+00  2.56850e-01  1.65787e+01  7.44640e+01  2.86825e+05 -3.83586e+05  5.44535e+02  0.00000e+00 -9.62163e+04  1.18186e+03 -9.50344e+04  2.56836e-01  1.00000e+00 -1.66757e+01  0.00000e+00  2.01356e+00 
 5.45775e-03  2.99495e-03  1.25651e-20  3.47944e+00  4.85250e-04  3.59932e+02  3.60056e+02  5.07849e+00  5.16782e+00  2.64345e-01  1.54043e+01  7.17968e+01  2.84480e+05 -3.71828e+05  5.23690e+02  0.00000e+00 -8.68248e+04  1.02910e+03 -8.57957e+04  2.64328e-01  1.00000e+00 -1.54991e+01  0.00000e+00  2.19948e+00 
 5.59212e-03  3.23333e-03  0.00000e+00  3.47944e+00  5.01843e-04  3.59939e+02  3.60056e+02  5.05833e+00  5.14648e+00  2.72018e-01  1.42817e+01  6.94230e+01  2.82546e+05 -3.61361e+05  5.04775e+02  0.00000e+00 -7.83103e+04  8.96862e+02 -7.74134e+04  2.71999e-01  1.00000e+00 -1.43749e+01  0.00000e+00  2.40884e+00 
 5.73326e-03  3.47172e-03  0.00000e+00  3.47944e+00  5.17111e-04  3.59948e+02  3.60056e+02  5.03602e+00  5.12295e+00  2.79827e-01  1.32169e+01  6.73734e+01  2.81333e+05 -3.52581e+05  4.88170e+02  0.00000e+00 -7.07601e+04  7.83340e+02 -6.99768e+04  2.79810e-01  1.00000e+00 -1.33089e+01  0.00000e+00  2.64268e+00 
 5.88069e-03  3.71014e-03 -5.35987e-21  3.47944e+00  5.30562e-04  3.59956e+02  3.60056e+02  5.01148e+00  5.09717e+00  2.87659e-01  1.22036e+01  6.56655e+01  2.81211e+05 -3.45772e+05  4.73934e+02  0.00000e+00 -6.40870e+04  6.86107e+02 -6.34009e+04  2.87643e-01  1.00000e+00 -1.22951e+01  0.00000e+00  2.90304e+00 
 6.03395e-03  3.94857e-03  5.10973e-21  3.47944e+00  5.41855e-04  3.59965e+02  3.60056e+02  4.98467e+00  5.06914e+00  2.95570e-01  1.12381e+01  6.42970e+01  2.82391e+05 -3.41265e+05  4.62094e+02  0.00000e+00 -5.84118e+04  6.02478e+02 -5.78094e+04  2.95554e-01  1.00000e+00 -1.13295e+01  0.00000e+00  3.19237e+00 
 6.19261e-03  4.18701e-03  0.00000e+00  3.47944e+00  5.50747e-04  3.59975e+02  3.60056e+02  4.95549e+00  5.03874e+00  3.03487e-01  1.03039e+01  6.32591e+01  2.85093e+05 -3.39193e+05  4.52488e+02  0.00000e+00 -5.36475e+04  5.29719e+02 -5.31178e+04  3.03470e-01  1.00000e+00 -1.03960e+01  0.00000e+00  3.51351e+00 
 6.35626e-03  4.42546e-03  0.00000e+00  3.47944e+00  5.57154e-04  3.59985e+02  3.60056e+02  4.92392e+00  5.00596e+00  3.11370e-01  9.38518e+00  6.25318e+01  2.89397e+05 -3.39604e+05  4.44990e+02  0.00000e+00 -4.97617e+04  4.65324e+02 -4.92964e+04  3.11353e-01  1.00000e+00 -9.47844e+00  0.00000e+00  3.86830e+00 
 6.52453e-03  4.66392e-03 -8.96437e-21  3.47944e+00  5.61066e-04  3.59994e+02  3.60057e+02  4.88981e+00  4.97064e+00  3.19124e-01  8.46151e+00  6.20960e+01  2.95486e+05 -3.42515e+05  4.39346e+02  0.00000e+00 -4.65897e+04  4.06998e+02 -4.61827e+04  3.19107e-01  1.00000e+00 -8.55653e+00  0.00000e+00  4.26131e+00 
 6.69707e-03  4.90238e-03  1.72236e-20  3.47944e+00  5.62608e-04  3.60005e+02  3.60057e+02  4.85309e+00  4.93274e+00  3.26763e-01  7.51612e+00  6.19260e+01  3.03366e+05 -3.47952e+05  4.35402e+02  0.00000e+00 -4.41509e+04  3.52703e+02 -4.37982e+04  3.26748e-01  1.00000e+00 -7.61348e+00  0.00000e+00  4.69538e+00 
 6.87356e-03  5.14086e-03  8.28595e-21  3.47944e+00  5.61889e-04  3.60015e+02  3.60057e+02  4.81371e+00  4.89219e+00  3.34193e-01  6.52836e+00  6.20054e+01  3.13231e+05 -3.55937e+05  4.32930e+02  0.00000e+00 -4.22731e+04  3.00633e+02 -4.19725e+04  3.34178e-01  1.00000e+00 -6.62860e+00  0.00000e+00  5.17681e+00 
 7.05370e-03  5.37934e-03 -1.59677e-20  3.47944e+00  5.59124e-04  3.60025e+02  3.60057e+02  4.77145e+00  4.84881e+00  3.41493e-01  5.48115e+00  6.23123e+01  3.25086e+05 -3.66581e+05  4.31803e+02  0.00000e+00 -4.10633e+04  2.49105e+02 -4.08142e+04  3.41479e-01  1.00000e+00 -5.58484e+00  0.00000e+00  5.71030e+00 
 7.23722e-03  5.61783e-03  0.00000e+00  3.47944e+00  5.54420e-04  3.60036e+02  3.60057e+02  4.72630e+00  4.80253e+00  3.48560e-01  4.35362e+00  6.28413e+01  3.39257e+05 -3.80021e+05  4.31867e+02  0.00000e+00 -4.03313e+04  1.96611e+02 -4.01347e+04  3.48545e-01  1.00000e+00 -4.46132e+00  0.00000e+00  6.30616e+00 
 7.42387e-03  5.85632e-03  0.00000e+00  3.47944e+00  5.47996e-04  3.60047e+02  3.60057e+02  4.67780e+00  4.75297e+00  3.55526e-01  3.12533e+00  6.35783e+01  3.55789e+05 -3.96527e+05  4.33039e+02  0.00000e+00 -4.03046e+04  1.41528e+02 -4.01631e+04  3.55510e-01  1.00000e+00 -3.23764e+00  0.00000e+00  6.97131e+00 
 7.61342e-03  6.09482e-03  0.00000e+00  3.47944e+00  5.39881e-04  3.60058e+02  3.60058e+02  4.62605e+00  4.70015e+00  3.62237e-01  1.77174e+00  6.45342e+01  3.75294e+05 -4.16440e+05  4.35223e+02  0.00000e+00 -4.07112e+04  8.22762e+01 -4.06289e+04  3.62222e-01  1.00000e+00 -1.88930e+00  0.00000e+00  7.72361e+00 
 7.80566e-03  6.33332e-03  0.00000e+00  3.47944e+00  5.30276e-04  3.60069e+02  3.60058e+02  4.57016e+00  4.64326e+00  3.68894e-01  2.63597e-01  6.57035e+01  3.97887e+05 -4.40307e+05  4.38382e+02  0.00000e+00 -4.19810e+04  1.68553e+01 -4.19642e+04  3.68878e-01  1.00000e+00 -3.87146e-01  0.00000e+00  8.57354e+00 
 8.00039e-03  6.57182e-03  0.00000e+00  3.47944e+00  5.19106e-04  3.60080e+02  3.60058e+02  4.51062e+00  4.58271e+00  3.75299e-01 -3.35764e+00  6.71176e+01  4.24666e+05 -4.68845e+05  4.42512e+02  0.00000e+00 -4.37374e+04 -1.33984e+02 -4.38714e+04  3.75283e-01  1.00000e+00  3.06491e+00  0.00000e+00  9.55335e+00 
 8.19744e-03  6.81033e-03  1.31016e-20  3.47944e+00  5.06544e-04  3.60091e+02  3.60058e+02  4.44532e+00  4.51645e+00  3.81685e-01 -7.80485e+00  6.87825e+01  4.55954e+05 -5.03038e+05  4.47592e+02  0.00000e+00 -4.66358e+04 -3.30165e+02 -4.69660e+04  3.81669e-01  1.00000e+00  7.49520e+00  0.00000e+00  1.06809e+01 
 8.39664e-03  7.04884e-03  0.00000e+00  3.47944e+00  4.92351e-04  3.60103e+02  3.60059e+02  4.37633e+00  4.44649e+00  3.87876e-01 -1.30289e+01  7.07657e+01  4.93720e+05 -5.44572e+05  4.53894e+02  0.00000e+00 -5.03978e+04 -5.66372e+02 -5.09642e+04  3.87860e-01  1.00000e+00  1.26998e+01  0.00000e+00  1.20160e+01 
 8.59784e-03  7.28736e-03  0.00000e+00  3.47944e+00  4.76631e-04  3.60116e+02  3.60059e+02  4.29787e+00  4.36708e+00  3.94114e-01 -1.93483e+01  7.31002e+01  5.39004e+05 -5.95513e+05  4.60982e+02  0.00000e+00 -5.60475e+04 -8.61286e+02 -5.69087e+04  3.94099e-01  1.00000e+00  1.89967e+01  0.00000e+00  1.35985e+01 
 8.80092e-03  7.52587e-03  0.00000e+00  3.47944e+00  4.58928e-04  3.60130e+02  3.60059e+02  4.21725e+00  4.28543e+00  4.00173e-01 -2.72608e+01  7.59206e+01  5.95915e+05 -6.59605e+05  4.69732e+02  0.00000e+00 -6.32207e+04 -1.24668e+03 -6.44674e+04  4.00158e-01  1.00000e+00  2.68825e+01  0.00000e+00  1.55587e+01 
 9.00573e-03  7.76439e-03 -1.17014e-20  3.47944e+00  4.39313e-04  3.60146e+02  3.60060e+02  4.11800e+00  4.18479e+00  4.06388e-01 -3.75788e+01  7.93110e+01  6.66781e+05 -7.41948e+05  4.79977e+02  0.00000e+00 -7.46865e+04 -1.77313e+03 -7.64596e+04  4.06373e-01  1.00000e+00  3.71687e+01  0.00000e+00  1.79639e+01 
 9.21216e-03  8.00291e-03  0.00000e+00  3.47944e+00  4.16914e-04  3.60165e+02  3.60060e+02  4.02376e+00  4.08771e+00  4.12513e-01 -5.17388e+01  8.35727e+01  7.62416e+05 -8.52132e+05  4.93109e+02  0.00000e+00 -8.92233e+04 -2.53994e+03 -9.17633e+04  4.12499e-01  1.00000e+00  5.12892e+01  0.00000e+00  2.11962e+01 
 9.42012e-03  8.24144e-03  0.00000e+00  3.47944e+00  3.91857e-04  3.60189e+02  3.60061e+02  3.88797e+00  3.94589e+00  4.18926e-01 -7.22301e+01  8.89175e+01  8.90177e+05 -1.00424e+06  5.08622e+02  0.00000e+00 -1.13551e+05 -3.72165e+03 -1.17273e+05  4.18911e-01  1.00000e+00  7.17320e+01  0.00000e+00  2.54519e+01 
 9.62949e-03  8.47996e-03  0.00000e+00  3.47944e+00  3.62825e-04  3.60221e+02  3.60061e+02  3.76573e+00  3.81752e+00  4.25404e-01 -1.04764e+02  9.60335e+01  1.07977e+06 -1.22770e+06  5.29326e+02  0.00000e+00 -1.47398e+05 -5.74989e+03 -1.53148e+05  4.25394e-01  1.00000e+00  1.04200e+02  0.00000e+00  3.18052e+01 
 9.84019e-03  8.71849e-03  0.00000e+00  3.47944e+00  3.29704e-04  3.60269e+02  3.60062e+02  3.56194e+00  3.60740e+00  4.32097e-01 -1.61722e+02  1.05682e+02  1.36620e+06 -1.57717e+06  5.52652e+02  0.00000e+00 -2.10416e+05 -9.62948e+03 -2.20046e+05  4.32088e-01  1.00000e+00  1.61069e+02  0.00000e+00  4.12079e+01 
 1.00521e-02  8.95702e-03  0.00000e+00  3.47944e+00  2.89373e-04  3.60350e+02  3.60062e+02  3.37748e+00  3.41712e+00  4.39031e-01 -2.81307e+02  1.20413e+02  1.89332e+06 -2.20428e+06  5.90797e+02  0.00000e+00 -3.10371e+05 -1.88066e+04 -3.29177e+05  4.39024e-01  1.00000e+00  2.80513e+02  0.00000e+00  5.89320e+01 
 1.02653e-02  9.19555e-03  0.00000e+00  3.47944e+00  2.41256e-04  3.60518e+02  3.60063e+02  3.01289e+00  3.04561e+00  4.46821e-01 -6.02108e+02  1.44431e+02  2.99870e+06 -3.49161e+06  6.27731e+02  0.00000e+00 -4.92282e+05 -4.74898e+04 -5.39772e+05  4.46811e-01  1.00000e+00  6.01080e+02  0.00000e+00  9.76764e+01 
 1.04795e-02  9.43408e-03  0.00000e+00  3.47944e+00  1.83075e-04  3.61036e+02  3.60065e+02  2.51776e+00  2.53781e+00  4.57526e-01 -5.50487e+03  1.90334e+02  6.41678e+06 -6.64833e+06  7.10917e+02  1.73700e+06  1.50616e+06 -1.52554e+06 -1.93842e+04  4.57524e-01  1.00000e+00  5.50338e+03  3.48315e+03  2.46944e+02 
