# Code_Saturne plot output (1D profile)
#
# Iteration output: 6414
# Time output:      2.30013e+01
#
#COLUMN_TITLES: Distance | X | Y | Z | diameter_Field2 | temp_Field1 | temp_Field2 | Velocity_Field1[Z] | Velocity_Field2[Z] | vol_f_Field2 | mass_trans_Field1 | Xd_Field2 | BK | COAL | COMP | NUCL | W1 | MT | SMBR | ALPBB | CONDNUM | GAMA | GAMANUC | epsilon_Field1
 4.56474e-03  1.39645e-04  0.00000e+00  3.47944e+00  6.97100e-04  3.60222e+02  3.60094e+02  7.23286e+00  7.35936e+00  5.73092e-01 -2.71294e+01  4.98871e+01  1.68640e+05 -2.05558e+05  8.64929e+02  0.00000e+00 -3.60532e+04 -8.81827e+02 -3.69350e+04  5.73093e-01  1.00000e+00  2.71359e+01  0.00000e+00  5.74284e+00 
 4.57812e-03  3.76525e-04  4.25872e-21  3.47944e+00  6.98509e-04  3.60222e+02  3.60094e+02  7.23151e+00  7.35896e+00  5.73191e-01 -2.70575e+01  4.97865e+01  1.68448e+05 -2.04089e+05  8.63194e+02  0.00000e+00 -3.47774e+04 -8.77564e+02 -3.56550e+04  5.73193e-01  1.00000e+00  2.70640e+01  0.00000e+00  5.77467e+00 
 4.60371e-03  6.13858e-04  0.00000e+00  3.47944e+00  6.98385e-04  3.60222e+02  3.60094e+02  7.22752e+00  7.35514e+00  5.73358e-01 -2.70264e+01  4.97954e+01  1.69131e+05 -2.03781e+05  8.63030e+02  0.00000e+00 -3.37878e+04 -8.76458e+02 -3.46643e+04  5.73360e-01  1.00000e+00  2.70330e+01  0.00000e+00  5.83639e+00 
 4.64138e-03  8.51483e-04  0.00000e+00  3.47944e+00  6.97118e-04  3.60221e+02  3.60094e+02  7.22172e+00  7.34913e+00  5.73617e-01 -2.70250e+01  4.98858e+01  1.70536e+05 -2.04293e+05  8.64055e+02  0.00000e+00 -3.28928e+04 -8.77609e+02 -3.37704e+04  5.73619e-01  1.00000e+00  2.70316e+01  0.00000e+00  5.92838e+00 
 4.69084e-03  1.08931e-03  0.00000e+00  3.47944e+00  6.94856e-04  3.60221e+02  3.60094e+02  7.21397e+00  7.34088e+00  5.73951e-01 -2.70484e+01  5.00482e+01  1.72631e+05 -2.05496e+05  8.66103e+02  0.00000e+00 -3.19990e+04 -8.80715e+02 -3.28797e+04  5.73953e-01  1.00000e+00  2.70550e+01  0.00000e+00  6.05167e+00 
 4.75174e-03  1.32727e-03  1.05001e-20  3.47944e+00  6.91644e-04  3.60220e+02  3.60094e+02  7.20430e+00  7.33049e+00  5.74375e-01 -2.70954e+01  5.02807e+01  1.75411e+05 -2.07380e+05  8.69145e+02  0.00000e+00 -3.10996e+04 -8.85691e+02 -3.19852e+04  5.74378e-01  1.00000e+00  2.71021e+01  0.00000e+00  6.20727e+00 
 4.82366e-03  1.56534e-03  0.00000e+00  3.47944e+00  6.87459e-04  3.60220e+02  3.60094e+02  7.19269e+00  7.31791e+00  5.74884e-01 -2.71675e+01  5.05868e+01  1.78914e+05 -2.09997e+05  8.73228e+02  0.00000e+00 -3.02100e+04 -8.92666e+02 -3.11027e+04  5.74887e-01  1.00000e+00  2.71742e+01  0.00000e+00  6.39658e+00 
 4.90611e-03  1.80349e-03  8.81027e-21  3.47944e+00  6.82269e-04  3.60219e+02  3.60094e+02  7.17913e+00  7.30313e+00  5.75480e-01 -2.72671e+01  5.09716e+01  1.83189e+05 -2.13431e+05  8.78428e+02  0.00000e+00 -2.93635e+04 -9.01819e+02 -3.02653e+04  5.75483e-01  1.00000e+00  2.72739e+01  0.00000e+00  6.62136e+00 
 4.99859e-03  2.04170e-03  0.00000e+00  3.47944e+00  6.76060e-04  3.60218e+02  3.60094e+02  7.16358e+00  7.28612e+00  5.76163e-01 -2.73961e+01  5.14398e+01  1.88289e+05 -2.17765e+05  8.84808e+02  0.00000e+00 -2.85906e+04 -9.13327e+02 -2.95039e+04  5.76166e-01  1.00000e+00  2.74030e+01  0.00000e+00  6.88363e+00 
 5.10055e-03  2.27996e-03  7.58893e-21  3.47944e+00  6.68835e-04  3.60217e+02  3.60094e+02  7.14596e+00  7.26677e+00  5.76935e-01 -2.75562e+01  5.19956e+01  1.94276e+05 -2.23087e+05  8.92412e+02  0.00000e+00 -2.79183e+04 -9.27351e+02 -2.88456e+04  5.76938e-01  1.00000e+00  2.75632e+01  0.00000e+00  7.18597e+00 
 5.21143e-03  2.51826e-03  7.09702e-21  3.47944e+00  6.60627e-04  3.60216e+02  3.60094e+02  7.12627e+00  7.24511e+00  5.77794e-01 -2.77478e+01  5.26418e+01  2.01208e+05 -2.29475e+05  9.01271e+02  0.00000e+00 -2.73658e+04 -9.44002e+02 -2.83098e+04  5.77796e-01  1.00000e+00  2.77550e+01  0.00000e+00  7.53115e+00 
 5.33068e-03  2.75659e-03  1.33300e-20  3.47944e+00  6.51492e-04  3.60214e+02  3.60094e+02  7.10436e+00  7.22099e+00  5.78741e-01 -2.79708e+01  5.33800e+01  2.09150e+05 -2.37005e+05  9.11375e+02  0.00000e+00 -2.69428e+04 -9.63359e+02 -2.79062e+04  5.78743e-01  1.00000e+00  2.79781e+01  0.00000e+00  7.92275e+00 
 5.45775e-03  2.99495e-03  1.25651e-20  3.47944e+00  6.41508e-04  3.60213e+02  3.60094e+02  7.08017e+00  7.19437e+00  5.79774e-01 -2.82243e+01  5.42109e+01  2.18165e+05 -2.45744e+05  9.22706e+02  0.00000e+00 -2.66559e+04 -9.85464e+02 -2.76414e+04  5.79776e-01  1.00000e+00  2.82317e+01  0.00000e+00  8.36436e+00 
 5.59212e-03  3.23333e-03  0.00000e+00  3.47944e+00  6.30759e-04  3.60211e+02  3.60094e+02  7.05362e+00  7.16519e+00  5.80890e-01 -2.85069e+01  5.51349e+01  2.28329e+05 -2.55763e+05  9.35227e+02  0.00000e+00 -2.64989e+04 -1.01035e+03 -2.75093e+04  5.80893e-01  1.00000e+00  2.85145e+01  0.00000e+00  8.86084e+00 
 5.73326e-03  3.47172e-03  0.00000e+00  3.47944e+00  6.19340e-04  3.60210e+02  3.60094e+02  7.02455e+00  7.13332e+00  5.82088e-01 -2.88175e+01  5.61516e+01  2.39716e+05 -2.67139e+05  9.48889e+02  0.00000e+00 -2.64749e+04 -1.03806e+03 -2.75129e+04  5.82090e-01  1.00000e+00  2.88253e+01  0.00000e+00  9.41673e+00 
 5.88069e-03  3.71014e-03 -5.35987e-21  3.47944e+00  6.07333e-04  3.60208e+02  3.60095e+02  6.99292e+00  7.09872e+00  5.83363e-01 -2.91551e+01  5.72620e+01  2.52428e+05 -2.79962e+05  9.63654e+02  0.00000e+00 -2.65703e+04 -1.06866e+03 -2.76389e+04  5.83365e-01  1.00000e+00  2.91631e+01  0.00000e+00  1.00387e+01 
 6.03395e-03  3.94857e-03  5.10973e-21  3.47944e+00  5.94824e-04  3.60206e+02  3.60095e+02  6.95849e+00  7.06120e+00  5.84713e-01 -2.95195e+01  5.84665e+01  2.66559e+05 -2.94340e+05  9.79477e+02  0.00000e+00 -2.68009e+04 -1.10223e+03 -2.79031e+04  5.84715e-01  1.00000e+00  2.95277e+01  0.00000e+00  1.07323e+01 
 6.19261e-03  4.18701e-03  0.00000e+00  3.47944e+00  5.81876e-04  3.60204e+02  3.60095e+02  6.92124e+00  7.02074e+00  5.86146e-01 -2.99115e+01  5.97678e+01  2.82254e+05 -3.10409e+05  9.96339e+02  0.00000e+00 -2.71590e+04 -1.13894e+03 -2.82979e+04  5.86147e-01  1.00000e+00  2.99201e+01  0.00000e+00  1.15072e+01 
 6.35626e-03  4.42546e-03  0.00000e+00  3.47944e+00  5.68559e-04  3.60203e+02  3.60095e+02  6.88088e+00  6.97707e+00  5.87643e-01 -3.03331e+01  6.11681e+01  2.99645e+05 -3.28332e+05  1.01420e+03  0.00000e+00 -2.76726e+04 -1.17905e+03 -2.88516e+04  5.87644e-01  1.00000e+00  3.03420e+01  0.00000e+00  1.23700e+01 
 6.52453e-03  4.66392e-03 -8.96437e-21  3.47944e+00  5.54908e-04  3.60201e+02  3.60096e+02  6.83741e+00  6.93021e+00  5.89218e-01 -3.07880e+01  6.26732e+01  3.18948e+05 -3.48314e+05  1.03310e+03  0.00000e+00 -2.83331e+04 -1.22291e+03 -2.95560e+04  5.89218e-01  1.00000e+00  3.07971e+01  0.00000e+00  1.33348e+01 
 6.69707e-03  4.90238e-03  1.72236e-20  3.47944e+00  5.40978e-04  3.60199e+02  3.60096e+02  6.79036e+00  6.87971e+00  5.90847e-01 -3.12821e+01  6.42874e+01  3.40346e+05 -3.70599e+05  1.05296e+03  0.00000e+00 -2.91992e+04 -1.27103e+03 -3.04703e+04  5.90847e-01  1.00000e+00  3.12916e+01  0.00000e+00  1.44098e+01 
 6.87356e-03  5.14086e-03  8.28595e-21  3.47944e+00  5.26776e-04  3.60197e+02  3.60096e+02  6.73996e+00  6.82578e+00  5.92558e-01 -3.18242e+01  6.60212e+01  3.64168e+05 -3.95502e+05  1.07391e+03  0.00000e+00 -3.02599e+04 -1.32410e+03 -3.15840e+04  5.92558e-01  1.00000e+00  3.18340e+01  0.00000e+00  1.56170e+01 
 7.05370e-03  5.37934e-03 -1.59677e-20  3.47944e+00  5.12345e-04  3.60195e+02  3.60097e+02  6.68527e+00  6.76751e+00  5.94312e-01 -3.24276e+01  6.78813e+01  3.90670e+05 -4.23389e+05  1.09584e+03  0.00000e+00 -3.16230e+04 -1.38313e+03 -3.30062e+04  5.94312e-01  1.00000e+00  3.24378e+01  0.00000e+00  1.69659e+01 
 7.23722e-03  5.61783e-03  0.00000e+00  3.47944e+00  4.97658e-04  3.60193e+02  3.60097e+02  6.62707e+00  6.70567e+00  5.96156e-01 -3.31099e+01  6.98851e+01  4.20379e+05 -4.54752e+05  1.11903e+03  0.00000e+00 -3.32546e+04 -1.44944e+03 -3.47040e+04  5.96156e-01  1.00000e+00  3.31205e+01  0.00000e+00  1.84928e+01 
 7.42387e-03  5.85632e-03  0.00000e+00  3.47944e+00  4.82756e-04  3.60191e+02  3.60097e+02  6.56333e+00  6.63824e+00  5.98031e-01 -3.38994e+01  7.20430e+01  4.53664e+05 -4.90159e+05  1.14320e+03  0.00000e+00 -3.53521e+04 -1.52503e+03 -3.68771e+04  5.98031e-01  1.00000e+00  3.39104e+01  0.00000e+00  2.02087e+01 
 7.61342e-03  6.09482e-03  0.00000e+00  3.47944e+00  4.67567e-04  3.60189e+02  3.60098e+02  6.49629e+00  6.56747e+00  6.00010e-01 -3.48305e+01  7.43841e+01  4.91412e+05 -5.30411e+05  1.16905e+03  0.00000e+00 -3.78305e+04 -1.61250e+03 -3.94430e+04  6.00010e-01  1.00000e+00  3.48420e+01  0.00000e+00  2.21759e+01 
 7.80566e-03  6.33332e-03  0.00000e+00  3.47944e+00  4.52134e-04  3.60188e+02  3.60098e+02  6.42113e+00  6.48850e+00  6.01986e-01 -3.59666e+01  7.69240e+01  5.34190e+05 -5.76435e+05  1.19578e+03  0.00000e+00 -4.10487e+04 -1.71631e+03 -4.27650e+04  6.01987e-01  1.00000e+00  3.59786e+01  0.00000e+00  2.44048e+01 
 8.00039e-03  6.57182e-03  0.00000e+00  3.47944e+00  4.36317e-04  3.60187e+02  3.60099e+02  6.34435e+00  6.40795e+00  6.04088e-01 -3.73757e+01  7.97133e+01  5.83598e+05 -6.29628e+05  1.22502e+03  0.00000e+00 -4.48052e+04 -1.84180e+03 -4.66470e+04  6.04088e-01  1.00000e+00  3.73883e+01  0.00000e+00  2.70111e+01 
 8.19744e-03  6.81033e-03  1.31016e-20  3.47944e+00  4.20180e-04  3.60186e+02  3.60100e+02  6.25378e+00  6.31348e+00  6.06148e-01 -3.91989e+01  8.27757e+01  6.40549e+05 -6.91604e+05  1.25468e+03  0.00000e+00 -4.98005e+04 -1.99903e+03 -5.17995e+04  6.06148e-01  1.00000e+00  3.92120e+01  0.00000e+00  3.00031e+01 
 8.39664e-03  7.04884e-03  0.00000e+00  3.47944e+00  4.03464e-04  3.60185e+02  3.60100e+02  6.16675e+00  6.22263e+00  6.08381e-01 -4.15892e+01  8.62064e+01  7.08192e+05 -7.65078e+05  1.28907e+03  0.00000e+00 -5.55966e+04 -2.20072e+03 -5.77973e+04  6.08380e-01  1.00000e+00  4.16030e+01  0.00000e+00  3.36114e+01 
 8.59784e-03  7.28736e-03  0.00000e+00  3.47944e+00  3.86286e-04  3.60185e+02  3.60101e+02  6.05318e+00  6.10499e+00  6.10556e-01 -4.49014e+01  9.00413e+01  7.88053e+05 -8.53149e+05  1.32229e+03  0.00000e+00 -6.37736e+04 -2.47282e+03 -6.62464e+04  6.10556e-01  1.00000e+00  4.49159e+01  0.00000e+00  3.78363e+01 
 8.80092e-03  7.52587e-03  0.00000e+00  3.47944e+00  3.68160e-04  3.60186e+02  3.60102e+02  5.95572e+00  6.00366e+00  6.12986e-01 -4.95377e+01  9.44755e+01  8.87103e+05 -9.61822e+05  1.36549e+03  0.00000e+00 -7.33538e+04 -2.85112e+03 -7.62049e+04  6.12984e-01  1.00000e+00  4.95530e+01  0.00000e+00  4.31769e+01 
 9.00573e-03  7.76439e-03 -1.17014e-20  3.47944e+00  3.49320e-04  3.60189e+02  3.60103e+02  5.80568e+00  5.84925e+00  6.15372e-01 -5.64938e+01  9.95727e+01  1.00846e+06 -1.09788e+06  1.40319e+03  0.00000e+00 -8.80153e+04 -3.41353e+03 -9.14289e+04  6.15370e-01  1.00000e+00  5.65100e+01  0.00000e+00  4.96390e+01 
 9.21216e-03  8.00291e-03  0.00000e+00  3.47944e+00  3.28859e-04  3.60194e+02  3.60103e+02  5.69602e+00  5.73569e+00  6.18115e-01 -6.71583e+01  1.05769e+02  1.16956e+06 -1.27695e+06  1.46265e+03  0.00000e+00 -1.05931e+05 -4.29120e+03 -1.10222e+05  6.18113e-01  1.00000e+00  6.71756e+01  0.00000e+00  5.84094e+01 
 9.42012e-03  8.24144e-03  0.00000e+00  3.47944e+00  3.07157e-04  3.60202e+02  3.60104e+02  5.48659e+00  5.52149e+00  6.20833e-01 -8.49771e+01  1.13245e+02  1.38060e+06 -1.51788e+06  1.50765e+03  0.00000e+00 -1.35770e+05 -5.78783e+03 -1.41557e+05  6.20832e-01  1.00000e+00  8.49956e+01  0.00000e+00  6.97157e+01 
 9.62949e-03  8.47996e-03  0.00000e+00  3.47944e+00  2.82584e-04  3.60217e+02  3.60105e+02  5.35306e+00  5.38413e+00  6.24069e-01 -1.16770e+02  1.23094e+02  1.69393e+06 -1.87121e+06  1.59826e+03  0.00000e+00 -1.75677e+05 -8.59985e+03 -1.84277e+05  6.24067e-01  1.00000e+00  1.16790e+02  0.00000e+00  8.69357e+01 
 9.84019e-03  8.71849e-03  0.00000e+00  3.47944e+00  2.55559e-04  3.60245e+02  3.60107e+02  5.04048e+00  5.06649e+00  6.27361e-01 -1.80938e+02  1.36115e+02  2.16329e+06 -2.41415e+06  1.66152e+03  0.00000e+00 -2.49191e+05 -1.46572e+04 -2.63848e+05  6.27359e-01  1.00000e+00  1.80960e+02  0.00000e+00  1.12393e+02 
 1.00521e-02  8.95702e-03  0.00000e+00  3.47944e+00  2.23270e-04  3.60304e+02  3.60108e+02  4.82946e+00  4.85207e+00  6.31430e-01 -3.35895e+02  1.55803e+02  3.02431e+06 -3.37899e+06  1.81543e+03  0.00000e+00 -3.52862e+05 -3.09431e+04 -3.83805e+05  6.31430e-01  1.00000e+00  3.35920e+02  0.00000e+00  1.61081e+02 
 1.02653e-02  9.19555e-03  0.00000e+00  3.47944e+00  1.85959e-04  3.60455e+02  3.60110e+02  4.27865e+00  4.29645e+00  6.35338e-01 -8.30687e+02  1.87070e+02  4.80429e+06 -5.28673e+06  1.92013e+03  0.00000e+00 -4.80522e+05 -9.13121e+04 -5.71835e+05  6.35343e-01  1.00000e+00  8.30715e+02  0.00000e+00  2.65789e+02 
 1.04795e-02  9.43408e-03  0.00000e+00  3.47944e+00  1.45299e-04  3.61046e+02  3.60112e+02  3.64568e+00  3.65713e+00  6.42082e-01 -7.54889e+03  2.39429e+02  9.80770e+06 -8.62965e+06  2.14015e+03  8.72427e+05  2.05261e+06 -2.07297e+06 -2.03624e+04  6.42091e-01  1.00000e+00  7.54892e+03  4.11169e+03  6.72500e+02 
