# Code_Saturne plot output (1D profile)
#
# Iteration output: 4858
# Time output:      2.30006e+01
#
#COLUMN_TITLES: Distance | X | Y | Z | diameter_Field2 | temp_Field1 | temp_Field2 | Velocity_Field1[Z] | Velocity_Field2[Z] | vol_f_Field2 | mass_trans_Field1 | Xd_Field2 | BK | COAL | COMP | NUCL | W1 | MT | SMBR | ALPBB | CONDNUM | GAMA | GAMANUC | epsilon_Field1
 4.56474e-03  1.39645e-04  0.00000e+00  3.47944e+00  1.46781e-04  3.60103e+02  3.60057e+02  5.30386e+00  5.33577e+00  2.07833e-01 -2.47296e+01  2.37344e+02  1.02625e+05 -1.02824e+06  1.80202e+03  0.00000e+00 -9.23809e+05 -1.77545e+04 -9.41564e+05  2.07846e-01  1.00000e+00  2.48299e+01  0.00000e+00  9.41697e-01 
 4.57812e-03  3.76525e-04  4.25872e-21  3.47944e+00  1.84207e-04  3.60103e+02  3.60057e+02  5.30156e+00  5.34351e+00  2.08986e-01 -1.89063e+01  1.89122e+02  1.88409e+05 -7.00522e+05  1.43767e+03  0.00000e+00 -5.10675e+05 -1.07561e+04 -5.21431e+05  2.08999e-01  1.00000e+00  1.89835e+01  0.00000e+00  9.54701e-01 
 4.60371e-03  6.13858e-04  0.00000e+00  3.47944e+00  2.09094e-04  3.60104e+02  3.60057e+02  5.29863e+00  5.34719e+00  2.11114e-01 -1.64886e+01  1.66613e+02  2.27760e+05 -5.72078e+05  1.26777e+03  0.00000e+00 -3.43050e+05 -8.18059e+03 -3.51231e+05  2.11126e-01  1.00000e+00  1.65557e+01  0.00000e+00  9.79525e-01 
 4.64138e-03  8.51483e-04  0.00000e+00  3.47944e+00  2.25405e-04  3.60104e+02  3.60057e+02  5.29490e+00  5.34764e+00  2.14024e-01 -1.54112e+01  1.54556e+02  2.49551e+05 -5.14389e+05  1.17660e+03  0.00000e+00 -2.63661e+05 -6.99600e+03 -2.70657e+05  2.14036e-01  1.00000e+00  1.54735e+01  0.00000e+00  1.01664e+00 
 4.69084e-03  1.08931e-03  0.00000e+00  3.47944e+00  2.36594e-04  3.60104e+02  3.60057e+02  5.29009e+00  5.34547e+00  2.17875e-01 -1.49632e+01  1.47246e+02  2.66332e+05 -4.87939e+05  1.12111e+03  0.00000e+00 -2.20486e+05 -6.35677e+03 -2.26843e+05  2.17886e-01  1.00000e+00  1.50232e+01  0.00000e+00  1.06634e+00 
 4.75174e-03  1.32727e-03  1.05001e-20  3.47944e+00  2.44643e-04  3.60105e+02  3.60057e+02  5.28405e+00  5.34107e+00  2.22532e-01 -1.48580e+01  1.42402e+02  2.82399e+05 -4.78018e+05  1.08406e+03  0.00000e+00 -1.94535e+05 -5.97645e+03 -2.00512e+05  2.22542e-01  1.00000e+00  1.49172e+01  0.00000e+00  1.12963e+00 
 4.82366e-03  1.56534e-03  0.00000e+00  3.47944e+00  2.50850e-04  3.60105e+02  3.60057e+02  5.27665e+00  5.33468e+00  2.28046e-01 -1.49616e+01  1.38878e+02  2.99178e+05 -4.77996e+05  1.05680e+03  0.00000e+00 -1.77761e+05 -5.72705e+03 -1.83489e+05  2.28056e-01  1.00000e+00  1.50206e+01  0.00000e+00  1.20751e+00 
 4.90611e-03  1.80349e-03  8.81027e-21  3.47944e+00  2.56060e-04  3.60105e+02  3.60057e+02  5.26775e+00  5.32639e+00  2.34318e-01 -1.51923e+01  1.36053e+02  3.17134e+05 -4.84086e+05  1.03464e+03  0.00000e+00 -1.65917e+05 -5.54436e+03 -1.71462e+05  2.34329e-01  1.00000e+00  1.52518e+01  0.00000e+00  1.30138e+00 
 4.99859e-03  2.04170e-03  0.00000e+00  3.47944e+00  2.60837e-04  3.60105e+02  3.60057e+02  5.25719e+00  5.31621e+00  2.41312e-01 -1.55011e+01  1.33561e+02  3.36193e+05 -4.94044e+05  1.01479e+03  0.00000e+00 -1.56836e+05 -5.39230e+03 -1.62228e+05  2.41324e-01  1.00000e+00  1.55613e+01  0.00000e+00  1.41267e+00 
 5.10055e-03  2.27996e-03  7.58893e-21  3.47944e+00  2.65539e-04  3.60105e+02  3.60057e+02  5.24484e+00  5.30411e+00  2.48923e-01 -1.58524e+01  1.31196e+02  3.56085e+05 -5.06286e+05  9.95681e+02  0.00000e+00 -1.49205e+05 -5.25109e+03 -1.54456e+05  2.48934e-01  1.00000e+00  1.59135e+01  0.00000e+00  1.54305e+00 
 5.21143e-03  2.51826e-03  7.09702e-21  3.47944e+00  2.70391e-04  3.60106e+02  3.60057e+02  5.23053e+00  5.28998e+00  2.57073e-01 -1.62219e+01  1.28842e+02  3.76373e+05 -5.19710e+05  9.76405e+02  0.00000e+00 -1.42360e+05 -5.10960e+03 -1.47470e+05  2.57084e-01  1.00000e+00  1.62839e+01  0.00000e+00  1.69416e+00 
 5.33068e-03  2.75659e-03  1.33300e-20  3.47944e+00  2.75514e-04  3.60106e+02  3.60057e+02  5.21407e+00  5.27368e+00  2.65635e-01 -1.65904e+01  1.26446e+02  3.96613e+05 -5.33435e+05  9.56608e+02  0.00000e+00 -1.35865e+05 -4.96312e+03 -1.40829e+05  2.65645e-01  1.00000e+00  1.66534e+01  0.00000e+00  1.86773e+00 
 5.45775e-03  2.99495e-03  1.25651e-20  3.47944e+00  2.80965e-04  3.60106e+02  3.60057e+02  5.19540e+00  5.25517e+00  2.74518e-01 -1.69456e+01  1.23993e+02  4.16325e+05 -5.46819e+05  9.36087e+02  0.00000e+00 -1.29558e+05 -4.81009e+03 -1.34368e+05  2.74527e-01  1.00000e+00  1.70095e+01  0.00000e+00  2.06539e+00 
 5.59212e-03  3.23333e-03  0.00000e+00  3.47944e+00  2.86733e-04  3.60106e+02  3.60057e+02  5.17436e+00  5.23431e+00  2.83578e-01 -1.72780e+01  1.21499e+02  4.35175e+05 -5.59366e+05  9.14932e+02  0.00000e+00 -1.23275e+05 -4.65215e+03 -1.27927e+05  2.83586e-01  1.00000e+00  1.73426e+01  0.00000e+00  2.28889e+00 
 5.73326e-03  3.47172e-03  0.00000e+00  3.47944e+00  2.92766e-04  3.60106e+02  3.60057e+02  5.15085e+00  5.21098e+00  2.92776e-01 -1.75874e+01  1.18996e+02  4.52843e+05 -5.70914e+05  8.93438e+02  0.00000e+00 -1.17177e+05 -4.49210e+03 -1.21669e+05  2.92784e-01  1.00000e+00  1.76528e+01  0.00000e+00  2.53974e+00 
 5.88069e-03  3.71014e-03 -5.35987e-21  3.47944e+00  2.98956e-04  3.60106e+02  3.60057e+02  5.12487e+00  5.18517e+00  3.01945e-01 -1.78719e+01  1.16532e+02  4.69312e+05 -5.81304e+05  8.71859e+02  0.00000e+00 -1.11120e+05 -4.33445e+03 -1.15455e+05  3.01951e-01  1.00000e+00  1.79379e+01  0.00000e+00  2.81985e+00 
 6.03395e-03  3.94857e-03  5.10973e-21  3.47944e+00  3.05171e-04  3.60106e+02  3.60057e+02  5.09638e+00  5.15682e+00  3.11056e-01 -1.81405e+01  1.14159e+02  4.84544e+05 -5.90733e+05  8.50741e+02  0.00000e+00 -1.05338e+05 -4.18368e+03 -1.09521e+05  3.11062e-01  1.00000e+00  1.82071e+01  0.00000e+00  3.13034e+00 
 6.19261e-03  4.18701e-03  0.00000e+00  3.47944e+00  3.11235e-04  3.60107e+02  3.60057e+02  5.06539e+00  5.12594e+00  3.19966e-01 -1.83989e+01  1.11935e+02  4.98941e+05 -5.99458e+05  8.30313e+02  0.00000e+00 -9.96861e+04 -4.04464e+03 -1.03731e+05  3.19973e-01  1.00000e+00  1.84660e+01  0.00000e+00  3.47421e+00 
 6.35626e-03  4.42546e-03  0.00000e+00  3.47944e+00  3.16971e-04  3.60107e+02  3.60057e+02  5.03197e+00  5.09257e+00  3.28664e-01 -1.86648e+01  1.09910e+02  5.12753e+05 -6.07956e+05  8.11134e+02  0.00000e+00 -9.43924e+04 -3.92218e+03 -9.83146e+04  3.28672e-01  1.00000e+00  1.87325e+01  0.00000e+00  3.85269e+00 
 6.52453e-03  4.66392e-03 -8.96437e-21  3.47944e+00  3.22176e-04  3.60107e+02  3.60057e+02  4.99609e+00  5.05662e+00  3.37055e-01 -1.89486e+01  1.08134e+02  5.26647e+05 -6.16798e+05  7.93386e+02  0.00000e+00 -8.93568e+04 -3.81986e+03 -9.31767e+04  3.37064e-01  1.00000e+00  1.90168e+01  0.00000e+00  4.27016e+00 
 6.69707e-03  4.90238e-03  1.72236e-20  3.47944e+00  3.26682e-04  3.60107e+02  3.60058e+02  4.95767e+00  5.01800e+00  3.45188e-01 -1.92757e+01  1.06643e+02  5.41056e+05 -6.26685e+05  7.77545e+02  0.00000e+00 -8.48523e+04 -3.74185e+03 -8.85942e+04  3.45197e-01  1.00000e+00  1.93446e+01  0.00000e+00  4.72962e+00 
 6.87356e-03  5.14086e-03  8.28595e-21  3.47944e+00  3.30312e-04  3.60107e+02  3.60058e+02  4.91668e+00  4.97662e+00  3.53033e-01 -1.96605e+01  1.05472e+02  5.56719e+05 -6.38362e+05  7.63678e+02  0.00000e+00 -8.08798e+04 -3.69065e+03 -8.45705e+04  3.53043e-01  1.00000e+00  1.97303e+01  0.00000e+00  5.23756e+00 
 7.05370e-03  5.37934e-03 -1.59677e-20  3.47944e+00  3.32943e-04  3.60107e+02  3.60058e+02  4.87295e+00  4.93235e+00  3.60624e-01 -2.01326e+01  1.04638e+02  5.74163e+05 -6.52517e+05  7.51952e+02  0.00000e+00 -7.76020e+04 -3.67040e+03 -8.12724e+04  3.60634e-01  1.00000e+00  2.02035e+01  0.00000e+00  5.79953e+00 
 7.23722e-03  5.61783e-03  0.00000e+00  3.47944e+00  3.34449e-04  3.60108e+02  3.60058e+02  4.82640e+00  4.88500e+00  3.67928e-01 -2.07127e+01  1.04168e+02  5.94225e+05 -6.69932e+05  7.42376e+02  0.00000e+00 -7.49638e+04 -3.68440e+03 -7.86482e+04  3.67940e-01  1.00000e+00  2.07848e+01  0.00000e+00  6.42578e+00 
 7.42387e-03  5.85632e-03  0.00000e+00  3.47944e+00  3.34777e-04  3.60108e+02  3.60058e+02  4.77666e+00  4.83427e+00  3.75014e-01 -2.14408e+01  1.04066e+02  6.17417e+05 -6.91348e+05  7.34987e+02  0.00000e+00 -7.31959e+04 -3.73804e+03 -7.69339e+04  3.75026e-01  1.00000e+00  2.15146e+01  0.00000e+00  7.12521e+00 
 7.61342e-03  6.09482e-03  0.00000e+00  3.47944e+00  3.33843e-04  3.60108e+02  3.60058e+02  4.72363e+00  4.77998e+00  3.81824e-01 -2.23543e+01  1.04358e+02  6.44819e+05 -7.17695e+05  7.29745e+02  0.00000e+00 -7.21463e+04 -3.83831e+03 -7.59847e+04  3.81838e-01  1.00000e+00  2.24300e+01  0.00000e+00  7.91521e+00 
 7.80566e-03  6.33332e-03  0.00000e+00  3.47944e+00  3.31656e-04  3.60109e+02  3.60059e+02  4.66659e+00  4.72148e+00  3.88474e-01 -2.35199e+01  1.05046e+02  6.76992e+05 -7.49932e+05  7.26592e+02  0.00000e+00 -7.22129e+04 -3.99523e+03 -7.62082e+04  3.88489e-01  1.00000e+00  2.35979e+01  0.00000e+00  8.81011e+00 
 8.00039e-03  6.57182e-03  0.00000e+00  3.47944e+00  3.28143e-04  3.60110e+02  3.60059e+02  4.60573e+00  4.65887e+00  3.94898e-01 -2.50172e+01  1.06172e+02  7.15515e+05 -7.89487e+05  7.25634e+02  0.00000e+00 -7.32465e+04 -4.22483e+03 -7.74714e+04  3.94916e-01  1.00000e+00  2.50980e+01  0.00000e+00  9.83999e+00 
 8.19744e-03  6.81033e-03  1.31016e-20  3.47944e+00  3.23341e-04  3.60111e+02  3.60059e+02  4.53935e+00  4.59054e+00  4.01212e-01 -2.69766e+01  1.07749e+02  7.61370e+05 -8.37837e+05  7.26662e+02  0.00000e+00 -7.57405e+04 -4.55017e+03 -8.02906e+04  4.01228e-01  1.00000e+00  2.70606e+01  0.00000e+00  1.10307e+01 
 8.39664e-03  7.04884e-03  0.00000e+00  3.47944e+00  3.17144e-04  3.60112e+02  3.60060e+02  4.46871e+00  4.51770e+00  4.07319e-01 -2.95837e+01  1.09855e+02  8.17307e+05 -8.97534e+05  7.30087e+02  0.00000e+00 -7.94966e+04 -5.01054e+03 -8.45072e+04  4.07329e-01  1.00000e+00  2.96715e+01  0.00000e+00  1.24387e+01 
 8.59784e-03  7.28736e-03  0.00000e+00  3.47944e+00  3.09596e-04  3.60115e+02  3.60060e+02  4.38922e+00  4.43578e+00  4.13407e-01 -3.31391e+01  1.12534e+02  8.85155e+05 -9.71485e+05  7.35223e+02  0.00000e+00 -8.55945e+04 -5.66404e+03 -9.12586e+04  4.13408e-01  1.00000e+00  3.32315e+01  0.00000e+00  1.41134e+01 
 8.80092e-03  7.52587e-03  0.00000e+00  3.47944e+00  3.00502e-04  3.60118e+02  3.60060e+02  4.30615e+00  4.35009e+00  4.19320e-01 -3.81289e+01  1.15941e+02  9.70753e+05 -1.06503e+06  7.42923e+02  0.00000e+00 -9.35369e+04 -6.61808e+03 -1.00155e+05  4.19318e-01  1.00000e+00  3.82267e+01  0.00000e+00  1.61843e+01 
 9.00573e-03  7.76439e-03 -1.17014e-20  3.47944e+00  2.89903e-04  3.60123e+02  3.60061e+02  4.20625e+00  4.24730e+00  4.25332e-01 -4.53848e+01  1.20181e+02  1.07764e+06 -1.18447e+06  7.53052e+02  0.00000e+00 -1.06072e+05 -8.04805e+03 -1.14120e+05  4.25328e-01  1.00000e+00  4.54892e+01  0.00000e+00  1.87364e+01 
 9.21216e-03  8.00291e-03  0.00000e+00  3.47944e+00  2.77428e-04  3.60130e+02  3.60061e+02  4.10678e+00  4.14472e+00  4.31270e-01 -5.64156e+01  1.25586e+02  1.22024e+06 -1.34284e+06  7.66879e+02  0.00000e+00 -1.21841e+05 -1.03070e+04 -1.32148e+05  4.31266e-01  1.00000e+00  5.65282e+01  0.00000e+00  2.21255e+01 
 9.42012e-03  8.24144e-03  0.00000e+00  3.47944e+00  2.63126e-04  3.60140e+02  3.60062e+02  3.96867e+00  4.00267e+00  4.37382e-01 -7.41125e+01  1.32413e+02  1.40786e+06 -1.55602e+06  7.84437e+02  0.00000e+00 -1.47375e+05 -1.40720e+04 -1.61447e+05  4.37374e-01  1.00000e+00  7.42352e+01  0.00000e+00  2.65399e+01 
 9.62949e-03  8.47996e-03  0.00000e+00  3.47944e+00  2.46358e-04  3.60158e+02  3.60062e+02  3.84246e+00  3.87300e+00  4.43557e-01 -1.04768e+02  1.41427e+02  1.68069e+06 -1.86132e+06  8.07947e+02  0.00000e+00 -1.79820e+05 -2.09437e+04 -2.00764e+05  4.43545e-01  1.00000e+00  1.04904e+02  0.00000e+00  3.30567e+01 
 9.84019e-03  8.71849e-03  0.00000e+00  3.47944e+00  2.27165e-04  3.60188e+02  3.60063e+02  3.63994e+00  3.66686e+00  4.49893e-01 -1.63337e+02  1.53378e+02  2.08272e+06 -2.31218e+06  8.32200e+02  0.00000e+00 -2.28628e+05 -3.49000e+04 -2.63528e+05  4.49875e-01  1.00000e+00  1.63491e+02  0.00000e+00  4.27670e+01 
 1.00521e-02  8.95702e-03  0.00000e+00  3.47944e+00  2.04493e-04  3.60246e+02  3.60064e+02  3.44981e+00  3.47387e+00  4.56438e-01 -2.94674e+02  1.70386e+02  2.77938e+06 -3.04730e+06  8.69535e+02  0.00000e+00 -2.67042e+05 -6.89201e+04 -3.35962e+05  4.56420e-01  1.00000e+00  2.94853e+02  0.00000e+00  6.07671e+01 
 1.02653e-02  9.19555e-03  0.00000e+00  3.47944e+00  1.79325e-04  3.60386e+02  3.60065e+02  3.08441e+00  3.10603e+00  4.63476e-01 -6.63021e+02  1.94303e+02  4.09504e+06 -4.26527e+06  8.82196e+02  0.00000e+00 -1.69340e+05 -1.74106e+05 -3.43446e+05  4.63455e-01  1.00000e+00  6.63234e+02  0.00000e+00  9.99964e+01 
 1.04795e-02  9.43408e-03  0.00000e+00  3.47944e+00  1.56450e-04  3.60880e+02  3.60066e+02  2.58593e+00  2.60156e+00  4.73288e-01 -5.53281e+03  2.22716e+02  7.14292e+06 -5.65418e+06  8.71551e+02  1.19365e+06  2.68326e+06 -2.68605e+06 -2.78772e+03  4.73281e-01  1.00000e+00  5.53307e+03  3.36538e+03  2.51596e+02 
