# Code_Saturne plot output (1D profile)
#
# Iteration output: 2720
# Time output:      2.30037e+01
#
#COLUMN_TITLES: Distance | X | Y | Z | diameter_Field2 | temp_Field1 | temp_Field2 | Velocity_Field1[Z] | Velocity_Field2[Z] | vol_f_Field2 | mass_trans_Field1 | Xd_Field2 | BK | COAL | COMP | NUCL | W1 | MT | SMBR | ALPBB | CONDNUM | GAMA | GAMANUC | epsilon_Field1
 4.56474e-03  1.39645e-04  0.00000e+00  3.47944e+00  1.62715e-05  3.59779e+02  3.60051e+02  4.44560e+00  4.44662e+00  2.30412e-02  2.84702e+02  2.14187e+03 1.58844e-129 -2.93206e+06  1.18226e+04  0.00000e+00 -2.92024e+06  1.57245e+07  1.28043e+07  2.30454e-02  1.00000e+00 -2.84383e+02  0.00000e+00  3.69446e-01 
 4.57812e-03  3.76525e-04  4.25872e-21  3.47944e+00  2.79931e-05  3.59775e+02  3.60050e+02  4.44605e+00  4.44860e+00  2.65173e-02  1.46596e+02  1.24501e+03  1.03568e-46 -1.35490e+06  6.84315e+03  0.00000e+00 -1.34806e+06  4.08949e+06  2.74144e+06  2.65192e-02  1.00000e+00 -1.46415e+02  0.00000e+00  3.72355e-01 
 4.60371e-03  6.13858e-04  0.00000e+00  3.47944e+00  4.00855e-05  3.59772e+02  3.60050e+02  4.44583e+00  4.45031e+00  2.90250e-02  9.63438e+01  8.69429e+02  1.22041e-21 -8.11132e+05  4.77738e+03  0.00000e+00 -8.06354e+05  1.71480e+06  9.08449e+05  2.90248e-02  1.00000e+00 -9.62201e+01  0.00000e+00  3.77769e-01 
 4.64138e-03  8.51483e-04  0.00000e+00  3.47944e+00  5.19087e-05  3.59771e+02  3.60050e+02  4.44511e+00  4.45179e+00  3.11555e-02  7.20677e+01  6.71400e+02  4.32564e-11 -5.64966e+05  3.69041e+03  0.00000e+00 -5.61276e+05  9.22858e+05  3.61583e+05  3.11543e-02  1.00000e+00 -7.19736e+01  0.00000e+00  3.85678e-01 
 4.69084e-03  1.08931e-03  0.00000e+00  3.47944e+00  6.31995e-05  3.59771e+02  3.60050e+02  4.44380e+00  4.45286e+00  3.34124e-02  5.86632e+01  5.51452e+02  1.06619e-05 -4.37102e+05  3.03211e+03  0.00000e+00 -4.34070e+05  5.75344e+05  1.41274e+05  3.34109e-02  1.00000e+00 -5.85857e+01  0.00000e+00  3.96340e-01 
 4.75174e-03  1.32727e-03  1.05001e-20  3.47944e+00  7.37060e-05  3.59773e+02  3.60050e+02  4.44194e+00  4.45322e+00  3.60931e-02  5.11639e+01  4.72844e+02  1.33377e-02 -3.67127e+05  2.60124e+03  0.00000e+00 -3.64525e+05  3.98315e+05  3.37900e+04  3.60917e-02  1.00000e+00 -5.10954e+01  0.00000e+00  4.10134e-01 
 4.82366e-03  1.56534e-03  0.00000e+00  3.47944e+00  8.34492e-05  3.59776e+02  3.60050e+02  4.43950e+00  4.45286e+00  3.92215e-02  4.66192e+01  4.17637e+02  1.21478e+00 -3.26889e+05  2.29841e+03  0.00000e+00 -3.24590e+05  2.94992e+05 -2.95977e+04  3.92203e-02  1.00000e+00 -4.65558e+01  0.00000e+00  4.27445e-01 
 4.90611e-03  1.80349e-03  8.81027e-21  3.47944e+00  9.25987e-05  3.59782e+02  3.60050e+02  4.43646e+00  4.45177e+00  4.28390e-02  4.37228e+01  3.76371e+02  2.67549e+01 -3.03399e+05  2.07180e+03  0.00000e+00 -3.01300e+05  2.28271e+05 -7.30296e+04  4.28385e-02  1.00000e+00 -4.36622e+01  0.00000e+00  4.48776e-01 
 4.99859e-03  2.04170e-03  0.00000e+00  3.47944e+00  1.01303e-04  3.59788e+02  3.60050e+02  4.43278e+00  4.44991e+00  4.69947e-02  4.18141e+01  3.44033e+02  2.52757e+02 -2.90410e+05  1.89392e+03  0.00000e+00 -2.88263e+05  1.81898e+05 -1.06365e+05  4.69950e-02  1.00000e+00 -4.17546e+01  0.00000e+00  4.74760e-01 
 5.10055e-03  2.27996e-03  7.58893e-21  3.47944e+00  1.09612e-04  3.59797e+02  3.60050e+02  4.42839e+00  4.44726e+00  5.17483e-02  4.05600e+01  3.17954e+02  1.37207e+03 -2.84983e+05  1.75017e+03  0.00000e+00 -2.81861e+05  1.48083e+05 -1.33778e+05  5.17495e-02  1.00000e+00 -4.05004e+01  0.00000e+00  5.06187e-01 
 5.21143e-03  2.51826e-03  7.09702e-21  3.47944e+00  1.17463e-04  3.59807e+02  3.60050e+02  4.42323e+00  4.44369e+00  5.71660e-02  3.97959e+01  2.96703e+02  5.03558e+03 -2.85912e+05  1.63272e+03  0.00000e+00 -2.79243e+05  1.22728e+05 -1.56515e+05  5.71681e-02  1.00000e+00 -3.97353e+01  0.00000e+00  5.44035e-01 
 5.33068e-03  2.75659e-03  1.33300e-20  3.47944e+00  1.24704e-04  3.59818e+02  3.60050e+02  4.41724e+00  4.43912e+00  6.33227e-02  3.94055e+01  2.79473e+02  1.38249e+04 -2.92987e+05  1.53709e+03  0.00000e+00 -2.77625e+05  1.03334e+05 -1.74292e+05  6.33260e-02  1.00000e+00 -3.93429e+01  0.00000e+00  5.89503e-01 
 5.45775e-03  2.99495e-03  1.25651e-20  3.47944e+00  1.31145e-04  3.59831e+02  3.60050e+02  4.41029e+00  4.43338e+00  7.02950e-02  3.90821e+01  2.65748e+02  3.04824e+04 -3.06575e+05  1.46052e+03  0.00000e+00 -2.74632e+05  8.77815e+04 -1.86850e+05  7.02994e-02  1.00000e+00 -3.90167e+01  0.00000e+00  6.44059e-01 
 5.59212e-03  3.23333e-03  0.00000e+00  3.47944e+00  1.36609e-04  3.59845e+02  3.60050e+02  4.40228e+00  4.42635e+00  7.81635e-02  3.90364e+01  2.55119e+02  5.69653e+04 -3.27435e+05  1.40062e+03  0.00000e+00 -2.69069e+05  7.56930e+04 -1.93376e+05  7.81690e-02  1.00000e+00 -3.89671e+01  0.00000e+00  7.09475e-01 
 5.73326e-03  3.47172e-03  0.00000e+00  3.47944e+00  1.41000e-04  3.59860e+02  3.60050e+02  4.39307e+00  4.41784e+00  8.70062e-02  3.92004e+01  2.47174e+02  9.41754e+04 -3.56524e+05  1.35514e+03  0.00000e+00 -2.60994e+05  6.61529e+04 -1.94841e+05  8.70128e-02  1.00000e+00 -3.91261e+01  0.00000e+00  7.87875e-01 
 5.88069e-03  3.71014e-03 -5.35987e-21  3.47944e+00  1.44324e-04  3.59875e+02  3.60050e+02  4.38248e+00  4.40766e+00  9.68913e-02  3.94773e+01  2.41480e+02  1.42416e+05 -3.94897e+05  1.32162e+03  0.00000e+00 -2.51159e+05  5.84381e+04 -1.92721e+05  9.68988e-02  1.00000e+00 -3.93967e+01  0.00000e+00  8.81797e-01 
 6.03395e-03  3.94857e-03  5.10973e-21  3.47944e+00  1.46677e-04  3.59891e+02  3.60050e+02  4.37033e+00  4.39564e+00  1.07869e-01  3.97491e+01  2.37608e+02  2.01979e+05 -4.43660e+05  1.29759e+03  0.00000e+00 -2.40383e+05  5.19961e+04 -1.88387e+05  1.07878e-01  1.00000e+00 -3.96609e+01  0.00000e+00  9.94238e-01 
 6.19261e-03  4.18701e-03  0.00000e+00  3.47944e+00  1.48205e-04  3.59908e+02  3.60050e+02  4.35637e+00  4.38163e+00  1.19970e-01  3.98847e+01  2.35157e+02  2.73418e+05 -5.03958e+05  1.28084e+03  0.00000e+00 -2.29259e+05  4.64178e+04 -1.82841e+05  1.19979e-01  1.00000e+00 -3.97877e+01  0.00000e+00  1.12869e+00 
 6.35626e-03  4.42546e-03  0.00000e+00  3.47944e+00  1.49079e-04  3.59924e+02  3.60050e+02  4.34035e+00  4.36538e+00  1.33183e-01  3.97486e+01  2.33780e+02  3.57524e+05 -5.76876e+05  1.26932e+03  0.00000e+00 -2.18082e+05  4.14150e+04 -1.76667e+05  1.33193e-01  1.00000e+00 -3.96414e+01  0.00000e+00  1.28917e+00 
 6.52453e-03  4.66392e-03 -8.96437e-21  3.47944e+00  1.49463e-04  3.59940e+02  3.60050e+02  4.32196e+00  4.34661e+00  1.47469e-01  3.92173e+01  2.33178e+02  4.55088e+05 -6.63399e+05  1.26131e+03  0.00000e+00 -2.07050e+05  3.67957e+04 -1.70254e+05  1.47480e-01  1.00000e+00 -3.90988e+01  0.00000e+00  1.48023e+00 
 6.69707e-03  4.90238e-03  1.72236e-20  3.47944e+00  1.49510e-04  3.59956e+02  3.60050e+02  4.30088e+00  4.32505e+00  1.62724e-01  3.81856e+01  2.33106e+02  5.66734e+05 -7.64164e+05  1.25535e+03  0.00000e+00 -1.96175e+05  3.24459e+04 -1.63729e+05  1.62735e-01  1.00000e+00 -3.80550e+01  0.00000e+00  1.70701e+00 
 6.87356e-03  5.14086e-03  8.28595e-21  3.47944e+00  1.49349e-04  3.59971e+02  3.60050e+02  4.27675e+00  4.30036e+00  1.78828e-01  3.65890e+01  2.33357e+02  6.92610e+05 -8.79539e+05  1.25021e+03  0.00000e+00 -1.85678e+05  2.83057e+04 -1.57372e+05  1.78839e-01  1.00000e+00 -3.64455e+01  0.00000e+00  1.97508e+00 
 7.05370e-03  5.37934e-03 -1.59677e-20  3.47944e+00  1.49085e-04  3.59985e+02  3.60050e+02  4.24920e+00  4.27219e+00  1.95585e-01  3.44000e+01  2.33771e+02  8.32429e+05 -1.00925e+06  1.24489e+03  0.00000e+00 -1.75580e+05  2.43597e+04 -1.51220e+05  1.95595e-01  1.00000e+00 -3.42431e+01  0.00000e+00  2.29066e+00 
 7.23722e-03  5.61783e-03  0.00000e+00  3.47944e+00  1.48799e-04  3.59998e+02  3.60050e+02  4.21787e+00  4.24020e+00  2.12815e-01  3.16455e+01  2.34221e+02  9.85218e+05 -1.15271e+06  1.23862e+03  0.00000e+00 -1.66253e+05  2.06174e+04 -1.45636e+05  2.12824e-01  1.00000e+00 -3.14751e+01  0.00000e+00  2.66027e+00 
 7.42387e-03  5.85632e-03  0.00000e+00  3.47944e+00  1.48539e-04  3.60010e+02  3.60051e+02  4.18241e+00  4.20404e+00  2.30273e-01  2.83940e+01  2.34631e+02  1.14976e+06 -1.30877e+06  1.23085e+03  0.00000e+00 -1.57772e+05  1.71076e+04 -1.40664e+05  2.30282e-01  1.00000e+00 -2.82103e+01  0.00000e+00  3.09138e+00 
 7.61342e-03  6.09482e-03  0.00000e+00  3.47944e+00  1.48330e-04  3.60020e+02  3.60051e+02  4.14247e+00  4.16340e+00  2.47764e-01  2.47544e+01  2.34962e+02  1.32445e+06 -1.47628e+06  1.22130e+03  0.00000e+00 -1.50609e+05  1.38606e+04 -1.36749e+05  2.47773e-01  1.00000e+00 -2.45578e+01  0.00000e+00  3.59189e+00 
 7.80566e-03  6.33332e-03  0.00000e+00  3.47944e+00  1.48160e-04  3.60029e+02  3.60051e+02  4.09779e+00  4.11800e+00  2.65066e-01  2.08562e+01  2.35233e+02  1.50817e+06 -1.65427e+06  1.20996e+03  0.00000e+00 -1.44898e+05  1.09054e+04 -1.33993e+05  2.65074e-01  1.00000e+00 -2.06473e+01  0.00000e+00  4.17176e+00 
 8.00039e-03  6.57182e-03  0.00000e+00  3.47944e+00  1.47992e-04  3.60038e+02  3.60051e+02  4.04804e+00  4.06751e+00  2.82017e-01  1.68333e+01  2.35501e+02  1.70025e+06 -1.84254e+06  1.19703e+03  0.00000e+00 -1.41097e+05  8.25638e+03 -1.32841e+05  2.82026e-01  1.00000e+00 -1.66127e+01  0.00000e+00  4.84272e+00 
 8.19744e-03  6.81033e-03  1.31016e-20  3.47944e+00  1.47756e-04  3.60045e+02  3.60051e+02  3.99299e+00  4.01172e+00  2.98495e-01  1.28072e+01  2.35878e+02  1.90155e+06 -2.04237e+06  1.18295e+03  0.00000e+00 -1.39643e+05  5.91435e+03 -1.33729e+05  2.98503e-01  1.00000e+00 -1.25755e+01  0.00000e+00  5.62144e+00 
 8.39664e-03  7.04884e-03  0.00000e+00  3.47944e+00  1.47356e-04  3.60051e+02  3.60051e+02  3.93215e+00  3.95011e+00  3.14393e-01  8.86754e+00  2.36518e+02  2.11469e+06 -2.25676e+06  1.16832e+03  0.00000e+00 -1.40907e+05  3.86188e+03 -1.37045e+05  3.14402e-01  1.00000e+00 -8.62531e+00  0.00000e+00  6.53080e+00 
 8.59784e-03  7.28736e-03  0.00000e+00  3.47944e+00  1.46675e-04  3.60056e+02  3.60051e+02  3.86505e+00  3.88220e+00  3.29722e-01  5.06529e+00  2.37618e+02  2.34463e+06 -2.49185e+06  1.15383e+03  0.00000e+00 -1.46059e+05  2.06420e+03 -1.43995e+05  3.29731e-01  1.00000e+00 -4.81269e+00  0.00000e+00  7.60453e+00 
 8.80092e-03  7.52587e-03  0.00000e+00  3.47944e+00  1.45560e-04  3.60060e+02  3.60052e+02  3.79089e+00  3.80719e+00  3.44430e-01  1.39852e+00  2.39440e+02  2.60069e+06 -2.75728e+06  1.14023e+03  0.00000e+00 -1.55451e+05  4.69770e+02 -1.54981e+05  3.44440e-01  1.00000e+00 -1.13541e+00  0.00000e+00  8.89538e+00 
 9.00573e-03  7.76439e-03 -1.17014e-20  3.47944e+00  1.43862e-04  3.60064e+02  3.60052e+02  3.70798e+00  3.72338e+00  3.58653e-01 -4.89518e+00  2.42267e+02  2.89539e+06 -3.06805e+06  1.12827e+03  0.00000e+00 -1.71527e+05 -2.14555e+03 -1.73672e+05  3.58666e-01  1.00000e+00  5.33688e+00  0.00000e+00  1.04801e+01 
 9.21216e-03  8.00291e-03  0.00000e+00  3.47944e+00  1.41342e-04  3.60068e+02  3.60052e+02  3.61599e+00  3.63039e+00  3.72401e-01 -1.32825e+01  2.46587e+02  3.25391e+06 -3.45037e+06  1.11896e+03  0.00000e+00 -1.95341e+05 -5.41338e+03 -2.00754e+05  3.72416e-01  1.00000e+00  1.37364e+01  0.00000e+00  1.25000e+01 
 9.42012e-03  8.24144e-03  0.00000e+00  3.47944e+00  1.37772e-04  3.60072e+02  3.60053e+02  3.50818e+00  3.52150e+00  3.85896e-01 -2.43580e+01  2.52980e+02  3.70940e+06 -3.94402e+06  1.11316e+03  0.00000e+00 -2.33500e+05 -9.68614e+03 -2.43186e+05  3.85916e-01  1.00000e+00  2.48255e+01  0.00000e+00  1.51632e+01 
 9.62949e-03  8.47996e-03  0.00000e+00  3.47944e+00  1.32797e-04  3.60078e+02  3.60053e+02  3.38794e+00  3.40006e+00  3.99200e-01 -4.25872e+01  2.62459e+02  4.33970e+06 -4.62657e+06  1.11260e+03  0.00000e+00 -2.85757e+05 -1.68544e+04 -3.02611e+05  3.99210e-01  1.00000e+00  4.30708e+01  0.00000e+00  1.89501e+01 
 9.84019e-03  8.71849e-03  0.00000e+00  3.47944e+00  1.26159e-04  3.60089e+02  3.60053e+02  3.23204e+00  3.24290e+00  4.12370e-01 -8.00329e+01  2.76272e+02  5.26503e+06 -5.62175e+06  1.11599e+03  0.00000e+00 -3.55609e+05 -3.21153e+04 -3.87724e+05  4.12373e-01  1.00000e+00  8.05355e+01  0.00000e+00  2.46866e+01 
 1.00521e-02  8.95702e-03  0.00000e+00  3.47944e+00  1.17451e-04  3.60114e+02  3.60054e+02  3.05047e+00  3.06004e+00  4.25413e-01 -1.76598e+02  2.96757e+02  6.83231e+06 -7.22431e+06  1.12400e+03  0.00000e+00 -3.90871e+05 -7.35458e+04 -4.64417e+05  4.25410e-01  1.00000e+00  1.77124e+02  0.00000e+00  3.49617e+01 
 1.02653e-02  9.19555e-03  0.00000e+00  3.47944e+00  1.07421e-04  3.60189e+02  3.60055e+02  2.76563e+00  2.77380e+00  4.39223e-01 -5.06476e+02  3.24471e+02  9.78074e+06 -9.91969e+06  1.10728e+03  0.00000e+00 -1.37842e+05 -2.22962e+05 -3.60803e+05  4.39215e-01  1.00000e+00  5.07029e+02  0.00000e+00  5.74657e+01 
 1.04795e-02  9.43408e-03  0.00000e+00  3.47944e+00  1.00643e-04  3.60543e+02  3.60056e+02  2.32364e+00  2.32921e+00  4.54679e-01 -5.45475e+03  3.46329e+02  1.65613e+07 -1.38189e+07  1.03010e+03  1.30279e+06  4.04616e+06 -4.12580e+06 -7.96324e+04  4.54679e-01  1.00000e+00  5.45532e+03  3.25348e+03  1.42814e+02 
