# Code_Saturne plot output (1D profile)
#
# Iteration output: 17125
# Time output:      1.16910e+01
#
#COLUMN_TITLES: Distance | X | Y | Z | diameter_Field2 | temp_Field1 | temp_Field2 | Velocity_Field1[Z] | Velocity_Field2[Z] | vol_f_Field2 | mass_trans_Field1 | Xd_Field2 | BK | COAL | COMP | NUCL | W1 | MT | SMBR | ALPBB | CONDNUM | GAMA | GAMANUC | epsilon_Field1
 4.56474e-03  1.39645e-04  0.00000e+00  3.47944e+00  6.04394e-04  3.60104e+02  3.60345e+02  1.03238e+01  1.03967e+01  8.19609e-01 -2.41063e+01  5.79419e+01  1.77173e+05 -3.41492e+05  8.68728e+03  0.00000e+00 -1.55632e+05 -7.92807e+02 -1.56425e+05  8.24436e-01  1.00000e+00  2.40415e+01  0.00000e+00  7.47797e+00 
 4.57812e-03  3.76525e-04  4.25872e-21  3.47944e+00  6.01253e-04  3.60104e+02  3.60351e+02  1.03204e+01  1.03943e+01  8.08728e-01 -2.29972e+01  5.82506e+01  1.91014e+05 -3.40550e+05  8.39427e+03  0.00000e+00 -1.41141e+05 -7.70343e+02 -1.41911e+05  8.13335e-01  1.00000e+00  2.29355e+01  0.00000e+00  7.60930e+00 
 4.60371e-03  6.13858e-04  0.00000e+00  3.47944e+00  6.00054e-04  3.60104e+02  3.60364e+02  1.03068e+01  1.03805e+01  8.10865e-01 -2.36042e+01  5.83784e+01  1.91660e+05 -3.40980e+05  7.78395e+03  0.00000e+00 -1.41536e+05 -7.90023e+02 -1.42326e+05  8.15306e-01  1.00000e+00  2.35409e+01  0.00000e+00  7.84077e+00 
 4.64138e-03  8.51483e-04  0.00000e+00  3.47944e+00  5.99231e-04  3.60103e+02  3.60383e+02  1.02884e+01  1.03628e+01  8.08230e-01 -2.33801e+01  5.84745e+01  1.98228e+05 -3.37970e+05  7.09936e+03  0.00000e+00 -1.32643e+05 -7.86368e+02 -1.33429e+05  8.12186e-01  1.00000e+00  2.33173e+01  0.00000e+00  8.15732e+00 
 4.69084e-03  1.08931e-03  0.00000e+00  3.47944e+00  5.95682e-04  3.60103e+02  3.60406e+02  1.02720e+01  1.03474e+01  7.94497e-01 -2.23902e+01  5.88432e+01  2.20160e+05 -3.34195e+05  6.29859e+03  0.00000e+00 -1.07737e+05 -7.72120e+02 -1.08509e+05  7.96899e-01  1.00000e+00  2.23303e+01  0.00000e+00  8.53843e+00 
 4.75174e-03  1.32727e-03  1.05001e-20  3.47944e+00  5.92373e-04  3.60103e+02  3.60434e+02  1.02484e+01  1.03233e+01  7.85995e-01 -2.27903e+01  5.91970e+01  2.36752e+05 -3.31866e+05  5.34197e+03  0.00000e+00 -8.97720e+04 -7.99517e+02 -9.05715e+04  7.87697e-01  1.00000e+00  2.27292e+01  0.00000e+00  8.99076e+00 
 4.82366e-03  1.56534e-03  0.00000e+00  3.47944e+00  5.90020e-04  3.60102e+02  3.60468e+02  1.02144e+01  1.02887e+01  7.80626e-01 -2.31071e+01  5.94626e+01  2.50157e+05 -3.28700e+05  4.50290e+03  0.00000e+00 -7.40395e+04 -8.19819e+02 -7.48593e+04  7.82010e-01  1.00000e+00  2.30450e+01  0.00000e+00  9.52802e+00 
 4.90611e-03  1.80349e-03  8.81027e-21  3.47944e+00  5.88161e-04  3.60101e+02  3.60505e+02  1.01722e+01  1.02459e+01  7.74153e-01 -2.33238e+01  5.96833e+01  2.65572e+05 -3.23667e+05  3.89100e+03  0.00000e+00 -5.42043e+04 -8.37446e+02 -5.50418e+04  7.75309e-01  1.00000e+00  2.32610e+01  0.00000e+00  1.01438e+01 
 4.99859e-03  2.04170e-03  0.00000e+00  3.47944e+00  5.86322e-04  3.60101e+02  3.60545e+02  1.01206e+01  1.01933e+01  7.69443e-01 -2.34783e+01  5.99058e+01  2.79680e+05 -3.18857e+05  3.53550e+03  0.00000e+00 -3.56414e+04 -8.51059e+02 -3.64925e+04  7.70564e-01  1.00000e+00  2.34149e+01  0.00000e+00  1.08280e+01 
 5.10055e-03  2.27996e-03  7.58893e-21  3.47944e+00  5.84529e-04  3.60100e+02  3.60586e+02  1.00615e+01  1.01328e+01  7.67292e-01 -2.35591e+01  6.01255e+01  2.91398e+05 -3.14511e+05  3.41492e+03  0.00000e+00 -1.96984e+04 -8.59288e+02 -2.05576e+04  7.68385e-01  1.00000e+00  2.34952e+01  0.00000e+00  1.15719e+01 
 5.21143e-03  2.51826e-03  7.09702e-21  3.47944e+00  5.82077e-04  3.60098e+02  3.60626e+02  9.99795e+00  1.00677e+01  7.65769e-01 -2.35741e+01  6.04144e+01  3.03125e+05 -3.11112e+05  3.44059e+03  0.00000e+00 -4.54663e+03 -8.65231e+02 -5.41187e+03  7.66955e-01  1.00000e+00  2.35098e+01  0.00000e+00  1.23601e+01 
 5.33068e-03  2.75659e-03  1.33300e-20  3.47944e+00  5.78644e-04  3.60097e+02  3.60665e+02  9.93235e+00  1.00003e+01  7.64584e-01 -2.35489e+01  6.08074e+01  3.15091e+05 -3.09615e+05  3.60826e+03  0.00000e+00  9.08472e+03 -8.70658e+02  8.21406e+03  7.66003e-01  1.00000e+00  2.34839e+01  0.00000e+00  1.31475e+01 
 5.45775e-03  2.99495e-03  1.25651e-20  3.47944e+00  5.74273e-04  3.60096e+02  3.60702e+02  9.86665e+00  9.93284e+00  7.63962e-01 -2.34780e+01  6.13037e+01  3.26703e+05 -3.10333e+05  3.82463e+03  0.00000e+00  2.01945e+04 -8.75054e+02  1.93194e+04  7.65696e-01  1.00000e+00  2.34124e+01  0.00000e+00  1.38943e+01 
 5.59212e-03  3.23333e-03  0.00000e+00  3.47944e+00  5.69168e-04  3.60094e+02  3.60738e+02  9.80297e+00  9.86743e+00  7.63992e-01 -2.33304e+01  6.18856e+01  3.37432e+05 -3.13297e+05  4.05479e+03  0.00000e+00  2.81903e+04 -8.76775e+02  2.73135e+04  7.66219e-01  1.00000e+00  2.32641e+01  0.00000e+00  1.45848e+01 
 5.73326e-03  3.47172e-03  0.00000e+00  3.47944e+00  5.63204e-04  3.60092e+02  3.60771e+02  9.74466e+00  9.80757e+00  7.64491e-01 -2.31164e+01  6.25715e+01  3.47676e+05 -3.18931e+05  4.24652e+03  0.00000e+00  3.29911e+04 -8.76749e+02  3.21144e+04  7.67231e-01  1.00000e+00  2.30492e+01  0.00000e+00  1.51948e+01 
 5.88069e-03  3.71014e-03 -5.35987e-21  3.47944e+00  5.56477e-04  3.60090e+02  3.60803e+02  9.69316e+00  9.75465e+00  7.65260e-01 -2.28259e+01  6.33568e+01  3.57729e+05 -3.27251e+05  4.36898e+03  0.00000e+00  3.48472e+04 -8.74731e+02  3.39725e+04  7.68475e-01  1.00000e+00  2.27578e+01  0.00000e+00  1.57170e+01 
 6.03395e-03  3.94857e-03  5.10973e-21  3.47944e+00  5.48402e-04  3.60088e+02  3.60832e+02  9.64932e+00  9.70947e+00  7.65309e-01 -2.25190e+01  6.43172e+01  3.70096e+05 -3.39256e+05  4.42569e+03  0.00000e+00  3.52658e+04 -8.75183e+02  3.43906e+04  7.68887e-01  1.00000e+00  2.24498e+01  0.00000e+00  1.61661e+01 
 6.19261e-03  4.18701e-03  0.00000e+00  3.47944e+00  5.39348e-04  3.60085e+02  3.60859e+02  9.61307e+00  9.67194e+00  7.64185e-01 -2.21734e+01  6.54229e+01  3.85588e+05 -3.54466e+05  4.41378e+03  0.00000e+00  3.55358e+04 -8.77330e+02  3.46585e+04  7.67976e-01  1.00000e+00  2.21028e+01  0.00000e+00  1.65428e+01 
 6.35626e-03  4.42546e-03  0.00000e+00  3.47944e+00  5.28911e-04  3.60083e+02  3.60884e+02  9.58568e+00  9.64328e+00  7.61331e-01 -2.18959e+01  6.67388e+01  4.06030e+05 -3.74173e+05  4.30863e+03  0.00000e+00  3.61656e+04 -8.86907e+02  3.52787e+04  7.65188e-01  1.00000e+00  2.18236e+01  0.00000e+00  1.68370e+01 
 6.52453e-03  4.66392e-03 -8.96437e-21  3.47944e+00  5.16703e-04  3.60081e+02  3.60908e+02  9.56632e+00  9.62257e+00  7.53746e-01 -2.17824e+01  6.83396e+01  4.38312e+05 -3.98551e+05  4.15429e+03  0.00000e+00  4.39162e+04 -9.12898e+02  4.30033e+04  7.57438e-01  1.00000e+00  2.17076e+01  0.00000e+00  1.70536e+01 
 6.69707e-03  4.90238e-03  1.72236e-20  3.47944e+00  5.02134e-04  3.60078e+02  3.60932e+02  9.55220e+00  9.60756e+00  7.40820e-01 -2.19482e+01  7.03465e+01  4.86282e+05 -4.29819e+05  4.04582e+03  0.00000e+00  6.05090e+04 -9.64401e+02  5.95446e+04  7.44053e-01  1.00000e+00  2.18698e+01  0.00000e+00  1.71762e+01 
 6.87356e-03  5.14086e-03  8.28595e-21  3.47944e+00  4.85028e-04  3.60076e+02  3.60956e+02  9.54070e+00  9.59587e+00  7.24410e-01 -2.24065e+01  7.28533e+01  5.49712e+05 -4.71106e+05  4.11299e+03  0.00000e+00  8.27196e+04 -1.04482e+03  8.16748e+04  7.26783e-01  1.00000e+00  2.23229e+01  0.00000e+00  1.71927e+01 
 7.05370e-03  5.37934e-03 -1.59677e-20  3.47944e+00  4.65793e-04  3.60074e+02  3.60984e+02  9.52777e+00  9.58336e+00  7.08951e-01 -2.30411e+01  7.58924e+01  6.21748e+05 -5.26524e+05  4.46757e+03  0.00000e+00  9.96913e+04 -1.14691e+03  9.85444e+04  7.10228e-01  1.00000e+00  2.29511e+01  0.00000e+00  1.71154e+01 
 7.23722e-03  5.61783e-03  0.00000e+00  3.47944e+00  4.45231e-04  3.60072e+02  3.61022e+02  9.51319e+00  9.56969e+00  6.98534e-01 -2.37565e+01  7.94410e+01  6.92404e+05 -6.00770e+05  5.38143e+03  0.00000e+00  9.70150e+04 -1.26093e+03  9.57540e+04  6.98519e-01  1.00000e+00  2.36593e+01  0.00000e+00  1.68832e+01 
 7.42387e-03  5.85632e-03  0.00000e+00  3.47944e+00  4.24139e-04  3.60070e+02  3.61081e+02  9.49999e+00  9.55690e+00  6.93886e-01 -2.45320e+01  8.34625e+01  7.57558e+05 -6.96628e+05  7.09611e+03  0.00000e+00  6.80265e+04 -1.38395e+03  6.66426e+04  6.92212e-01  1.00000e+00  2.44276e+01  0.00000e+00  1.64859e+01 
 7.61342e-03  6.09482e-03  0.00000e+00  3.47944e+00  4.05657e-04  3.60069e+02  3.61863e+02  9.47442e+00  9.52905e+00  7.02034e-01 -3.49507e+01  8.82234e+01  7.84624e+05 -8.05436e+05  1.02607e+05  0.00000e+00  8.17951e+04 -2.06964e+03  7.97255e+04  6.98612e-01  1.00000e+00  3.48430e+01  0.00000e+00  1.59678e+01 
 7.80566e-03  6.33332e-03  0.00000e+00  3.47944e+00  3.94719e-04  3.60067e+02  3.65019e+02  9.44933e+00  9.49986e+00  7.24595e-01 -5.71922e+01  9.43917e+01  7.50784e+05 -9.07027e+05  2.00670e+05  0.00000e+00  4.44267e+04 -3.53132e+03  4.08953e+04  7.19801e-01  1.00000e+00  5.70884e+01  0.00000e+00  1.53603e+01 
 8.00039e-03  6.57182e-03  0.00000e+00  3.47944e+00  3.86969e-04  3.60065e+02  3.67517e+02  9.45062e+00  9.49685e+00  7.58251e-01 -6.49112e+01  9.90515e+01  6.77663e+05 -1.02541e+06  9.96134e+04  0.00000e+00 -2.48132e+05 -4.05114e+03 -2.52183e+05  7.53030e-01  1.00000e+00  6.48115e+01  0.00000e+00  1.47927e+01 
 8.19744e-03  6.81033e-03  1.31016e-20  3.47944e+00  3.86366e-04  3.60063e+02  3.69096e+02  9.47607e+00  9.51838e+00  7.98581e-01 -6.34075e+01  1.00874e+02  5.67889e+05 -1.10952e+06  6.45218e+04  0.00000e+00 -4.77109e+05 -3.85430e+03 -4.80963e+05  7.93475e-01  1.00000e+00  6.33136e+01  0.00000e+00  1.44286e+01 
 8.39664e-03  7.04884e-03  0.00000e+00  3.47944e+00  3.92562e-04  3.60061e+02  3.70425e+02  9.49824e+00  9.53584e+00  8.36677e-01 -6.09675e+01  1.00620e+02  4.55025e+05 -1.13739e+06  5.61495e+04  0.00000e+00 -6.26219e+05 -3.54903e+03 -6.29768e+05  8.32232e-01  1.00000e+00  6.08574e+01  0.00000e+00  1.44240e+01 
 8.59784e-03  7.28736e-03  0.00000e+00  3.47944e+00  4.02008e-04  3.60059e+02  3.71849e+02  9.50385e+00  9.52916e+00  8.58590e-01 -5.97318e+01  9.96175e+01  3.81412e+05 -1.11002e+06  5.41438e+04  0.00000e+00 -6.74464e+05 -3.35877e+03 -6.77822e+05  8.56657e-01  1.00000e+00  5.96082e+01  0.00000e+00  1.47537e+01 
 8.80092e-03  7.52587e-03  0.00000e+00  3.47944e+00  4.15745e-04  3.60058e+02  3.73497e+02  9.49507e+00  9.50878e+00  8.70278e-01 -6.03876e+01  9.78061e+01  3.38090e+05 -1.02233e+06  5.22889e+04  0.00000e+00 -6.31953e+05 -3.28802e+03 -6.35241e+05  8.68673e-01  1.00000e+00  6.02613e+01  0.00000e+00  1.53747e+01 
 9.00573e-03  7.76439e-03 -1.17014e-20  3.47944e+00  4.29497e-04  3.60059e+02  3.75436e+02  9.46392e+00  9.47491e+00  8.68887e-01 -6.50996e+01  9.63095e+01  3.30696e+05 -9.12643e+05  4.94314e+04  0.00000e+00 -5.32516e+05 -3.48172e+03 -5.35998e+05  8.67490e-01  1.00000e+00  6.49806e+01  0.00000e+00  1.63396e+01 
 9.21216e-03  8.00291e-03  0.00000e+00  3.47944e+00  4.44149e-04  3.60061e+02  3.77764e+02  9.42120e+00  9.43819e+00  8.57117e-01 -7.44227e+01  9.49667e+01  3.51119e+05 -7.91261e+05  4.47835e+04  0.00000e+00 -3.95359e+05 -3.96207e+03 -3.99321e+05  8.55214e-01  1.00000e+00  7.43195e+01  0.00000e+00  1.77215e+01 
 9.42012e-03  8.24144e-03  0.00000e+00  3.47944e+00  4.48386e-04  3.60065e+02  3.80614e+02  9.37358e+00  9.39512e+00  8.34646e-01 -8.88925e+01  9.62135e+01  4.12249e+05 -7.22311e+05  4.11908e+04  0.00000e+00 -2.68871e+05 -4.90525e+03 -2.73776e+05  8.32449e-01  1.00000e+00  8.88087e+01  0.00000e+00  1.96657e+01 
 9.62949e-03  8.47996e-03  0.00000e+00  3.47944e+00  4.47871e-04  3.60073e+02  3.84135e+02  9.27790e+00  9.29233e+00  8.40508e-01 -9.95456e+01  9.88705e+01  4.17306e+05 -6.94795e+05  3.29171e+04  0.00000e+00 -2.44572e+05 -5.58121e+03 -2.50153e+05  8.39257e-01  1.00000e+00  9.94594e+01  0.00000e+00  2.33302e+01 
 9.84019e-03  8.71849e-03  0.00000e+00  3.47944e+00  4.44565e-04  3.60090e+02  3.88563e+02  9.05848e+00  9.06057e+00  8.29716e-01 -1.20703e+02  1.02691e+02  4.85068e+05 -6.39622e+05  1.75905e+04  0.00000e+00 -1.36964e+05 -7.07592e+03 -1.44040e+05  8.29679e-01  1.00000e+00  1.20623e+02  0.00000e+00  3.07493e+01 
 1.00521e-02  8.95702e-03  0.00000e+00  3.47944e+00  4.49180e-04  3.60131e+02  3.94420e+02  8.47695e+00  8.44214e+00  8.44492e-01 -1.53067e+02  1.05478e+02  4.88900e+05 -5.32044e+05 -4.90429e+03  0.00000e+00 -4.80484e+04 -9.01764e+03 -5.70660e+04  8.45486e-01  1.00000e+00  1.52982e+02  0.00000e+00  4.65643e+01 
 1.02653e-02  9.19555e-03  0.00000e+00  3.47944e+00  4.35584e-04  3.60252e+02  4.03085e+02  6.96467e+00  6.89967e+00  8.34668e-01 -2.40336e+02  1.14300e+02  6.56407e+05 -4.01788e+05 -6.14781e+04  0.00000e+00  1.93141e+05 -1.53826e+04  1.77759e+05  8.36736e-01  1.00000e+00  2.40256e+02  0.00000e+00  9.14332e+01 
 1.04795e-02  9.43408e-03  0.00000e+00  3.47944e+00  5.32195e-04  3.60763e+02  4.20141e+02  3.34233e+00  3.29773e+00  8.21781e-01 -6.70225e+03  1.01783e+02  4.87230e+05 -1.86185e+05 -7.84813e+04  5.29616e+05  7.52180e+05 -9.13391e+05 -1.61212e+05  8.24840e-01  1.00000e+00  6.70219e+03  6.31323e+03  2.32254e+02 
