# Code_Saturne plot output (1D profile)
#
# Iteration output: 4733
# Time output:      2.30004e+01
#
#COLUMN_TITLES: Distance | X | Y | Z | diameter_Field2 | temp_Field1 | temp_Field2 | Velocity_Field1[Z] | Velocity_Field2[Z] | vol_f_Field2 | mass_trans_Field1 | Xd_Field2 | BK | COAL | COMP | NUCL | W1 | MT | SMBR | ALPBB | CONDNUM | GAMA | GAMANUC | epsilon_Field1
 4.56474e-03  1.39645e-04  0.00000e+00  3.47944e+00  2.63797e-04  3.59842e+02  3.60055e+02  5.05546e+00  5.11660e+00  1.54824e-01  3.20243e+01  1.32078e+02  5.09944e+05 -7.52126e+05  8.92181e+02  0.00000e+00 -2.41290e+05  5.58113e+03 -2.35708e+05  1.54817e-01  1.00000e+00 -3.21621e+01  0.00000e+00  7.44103e-01 
 4.57812e-03  3.76525e-04  4.25872e-21  3.47944e+00  2.70114e-04  3.59843e+02  3.60055e+02  5.05479e+00  5.11767e+00  1.56022e-01  3.11596e+01  1.28990e+02  5.19631e+05 -7.29795e+05  8.71161e+02  0.00000e+00 -2.09293e+05  5.26268e+03 -2.04030e+05  1.56016e-01  1.00000e+00 -3.12944e+01  0.00000e+00  7.53294e-01 
 4.60371e-03  6.13858e-04  0.00000e+00  3.47944e+00  2.74000e-04  3.59845e+02  3.60055e+02  5.05300e+00  5.11675e+00  1.58107e-01  3.07460e+01  1.27161e+02  5.33204e+05 -7.26346e+05  8.58752e+02  0.00000e+00 -1.92283e+05  5.05183e+03 -1.87231e+05  1.58101e-01  1.00000e+00 -3.08803e+01  0.00000e+00  7.71395e-01 
 4.64138e-03  8.51483e-04  0.00000e+00  3.47944e+00  2.76758e-04  3.59849e+02  3.60055e+02  5.05030e+00  5.11448e+00  1.61147e-01  3.05600e+01  1.25893e+02  5.51654e+05 -7.34963e+05  8.50047e+02  0.00000e+00 -1.82459e+05  4.87775e+03 -1.77581e+05  1.61141e-01  1.00000e+00 -3.06956e+01  0.00000e+00  7.98794e-01 
 4.69084e-03  1.08931e-03  0.00000e+00  3.47944e+00  2.79213e-04  3.59853e+02  3.60055e+02  5.04661e+00  5.11100e+00  1.65148e-01  3.04601e+01  1.24786e+02  5.75229e+05 -7.51671e+05  8.42349e+02  0.00000e+00 -1.75600e+05  4.70270e+03 -1.70897e+05  1.65142e-01  1.00000e+00 -3.05978e+01  0.00000e+00  8.36070e-01 
 4.75174e-03  1.32727e-03  1.05001e-20  3.47944e+00  2.81768e-04  3.59858e+02  3.60055e+02  5.04186e+00  5.10638e+00  1.70101e-01  3.03671e+01  1.23655e+02  6.03758e+05 -7.74503e+05  8.34411e+02  0.00000e+00 -1.69910e+05  4.51109e+03 -1.65399e+05  1.70094e-01  1.00000e+00 -3.05079e+01  0.00000e+00  8.83997e-01 
 4.82366e-03  1.56534e-03  0.00000e+00  3.47944e+00  2.84656e-04  3.59865e+02  3.60055e+02  5.03599e+00  5.10061e+00  1.75988e-01  3.02255e+01  1.22400e+02  6.36800e+05 -8.02177e+05  8.25566e+02  0.00000e+00 -1.64552e+05  4.29647e+03 -1.60256e+05  1.75979e-01  1.00000e+00 -3.03699e+01  0.00000e+00  9.43538e-01 
 4.90611e-03  1.80349e-03  8.81027e-21  3.47944e+00  2.88032e-04  3.59872e+02  3.60055e+02  5.02886e+00  5.09362e+00  1.82765e-01  2.99889e+01  1.20966e+02  6.73683e+05 -8.33583e+05  8.15429e+02  0.00000e+00 -1.59085e+05  4.05737e+03 -1.55028e+05  1.82755e-01  1.00000e+00 -3.01373e+01  0.00000e+00  1.01584e+00 
 4.99859e-03  2.04170e-03  0.00000e+00  3.47944e+00  2.92008e-04  3.59880e+02  3.60055e+02  5.02036e+00  5.08530e+00  1.90387e-01  2.96187e+01  1.19319e+02  7.13490e+05 -8.67640e+05  8.03759e+02  0.00000e+00 -1.53345e+05  3.79530e+03 -1.49550e+05  1.90375e-01  1.00000e+00 -2.97713e+01  0.00000e+00  1.10222e+00 
 5.10055e-03  2.27996e-03  7.58893e-21  3.47944e+00  2.96661e-04  3.59888e+02  3.60055e+02  5.01032e+00  5.07552e+00  1.98767e-01  2.90820e+01  1.17447e+02  7.55152e+05 -9.03146e+05  7.90445e+02  0.00000e+00 -1.47204e+05  3.51434e+03 -1.43689e+05  1.98752e-01  1.00000e+00 -2.92389e+01  0.00000e+00  1.20414e+00 
 5.21143e-03  2.51826e-03  7.09702e-21  3.47944e+00  3.02040e-04  3.59897e+02  3.60055e+02  4.99858e+00  5.06411e+00  2.07822e-01  2.83573e+01  1.15355e+02  7.97417e+05 -9.38922e+05  7.75491e+02  0.00000e+00 -1.40730e+05  3.22008e+03 -1.37510e+05  2.07802e-01  1.00000e+00 -2.85185e+01  0.00000e+00  1.32314e+00 
 5.33068e-03  2.75659e-03  1.33300e-20  3.47944e+00  3.08151e-04  3.59907e+02  3.60055e+02  4.98495e+00  5.05091e+00  2.17408e-01  2.74317e+01  1.13068e+02  8.39096e+05 -9.73686e+05  7.59111e+02  0.00000e+00 -1.33831e+05  2.91963e+03 -1.30911e+05  2.17381e-01  1.00000e+00 -2.75968e+01  0.00000e+00  1.46089e+00 
 5.45775e-03  2.99495e-03  1.25651e-20  3.47944e+00  3.14972e-04  3.59917e+02  3.60055e+02  4.96927e+00  5.03574e+00  2.27482e-01  2.63140e+01  1.10619e+02  8.78831e+05 -1.00663e+06  7.41969e+02  0.00000e+00 -1.27061e+05  2.61975e+03 -1.24441e+05  2.27448e-01  1.00000e+00 -2.64827e+01  0.00000e+00  1.61881e+00 
 5.59212e-03  3.23333e-03  0.00000e+00  3.47944e+00  3.22419e-04  3.59927e+02  3.60055e+02  4.95140e+00  5.01843e+00  2.37809e-01  2.50114e+01  1.08065e+02  9.16050e+05 -1.03677e+06  7.22525e+02  0.00000e+00 -1.19996e+05  2.32792e+03 -1.17668e+05  2.37782e-01  1.00000e+00 -2.51832e+01  0.00000e+00  1.79912e+00 
 5.73326e-03  3.47172e-03  0.00000e+00  3.47944e+00  3.30359e-04  3.59938e+02  3.60055e+02  4.93121e+00  4.99887e+00  2.48305e-01  2.35545e+01  1.05467e+02  9.49894e+05 -1.06363e+06  7.03287e+02  0.00000e+00 -1.13029e+05  2.05022e+03 -1.10979e+05  2.48284e-01  1.00000e+00 -2.37290e+01  0.00000e+00  2.00276e+00 
 5.88069e-03  3.71014e-03 -5.35987e-21  3.47944e+00  3.38597e-04  3.59948e+02  3.60055e+02  4.90862e+00  4.97692e+00  2.58796e-01  2.19693e+01  1.02901e+02  9.80412e+05 -1.08711e+06  6.84004e+02  0.00000e+00 -1.06018e+05  1.79119e+03 -1.04227e+05  2.58778e-01  1.00000e+00 -2.21461e+01  0.00000e+00  2.23145e+00 
 6.03395e-03  3.94857e-03  5.10973e-21  3.47944e+00  3.46912e-04  3.59958e+02  3.60055e+02  4.88360e+00  4.95252e+00  2.69180e-01  2.02996e+01  1.00435e+02  1.00794e+06 -1.10769e+06  6.65282e+02  0.00000e+00 -9.90817e+04  1.55423e+03 -9.75275e+04  2.69165e-01  1.00000e+00 -2.04785e+01  0.00000e+00  2.48690e+00 
 6.19261e-03  4.18701e-03  0.00000e+00  3.47944e+00  3.55040e-04  3.59969e+02  3.60055e+02  4.85613e+00  4.92558e+00  2.79409e-01  1.85776e+01  9.81362e+01  1.03321e+06 -1.12641e+06  6.47426e+02  0.00000e+00 -9.25466e+04  1.34014e+03 -9.12065e+04  2.79397e-01  1.00000e+00 -1.87584e+01  0.00000e+00  2.77104e+00 
 6.35626e-03  4.42546e-03  0.00000e+00  3.47944e+00  3.62721e-04  3.59979e+02  3.60055e+02  4.82619e+00  4.89607e+00  2.89462e-01  1.68381e+01  9.60583e+01  1.05722e+06 -1.14453e+06  6.30836e+02  0.00000e+00 -8.66867e+04  1.14892e+03 -8.55378e+04  2.89450e-01  1.00000e+00 -1.70209e+01  0.00000e+00  3.08612e+00 
 6.52453e-03  4.66392e-03 -8.96437e-21  3.47944e+00  3.69663e-04  3.59989e+02  3.60055e+02  4.79379e+00  4.86394e+00  2.99263e-01  1.50971e+01  9.42546e+01  1.08147e+06 -1.16346e+06  6.15723e+02  0.00000e+00 -8.13735e+04  9.79063e+02 -8.03945e+04  2.99239e-01  1.00000e+00 -1.52820e+01  0.00000e+00  3.43562e+00 
 6.69707e-03  4.90238e-03  1.72236e-20  3.47944e+00  3.75643e-04  3.59999e+02  3.60055e+02  4.75887e+00  4.82910e+00  3.08760e-01  1.33685e+01  9.27544e+01  1.10705e+06 -1.18443e+06  6.02382e+02  0.00000e+00 -7.67742e+04  8.28361e+02 -7.59459e+04  3.08739e-01  1.00000e+00 -1.35560e+01  0.00000e+00  3.82183e+00 
 6.87356e-03  5.14086e-03  8.28595e-21  3.47944e+00  3.80424e-04  3.60009e+02  3.60055e+02  4.72138e+00  4.79142e+00  3.17892e-01  1.16524e+01  9.15890e+01  1.13570e+06 -1.20897e+06  5.90874e+02  0.00000e+00 -7.26737e+04  6.94045e+02 -7.19797e+04  3.17877e-01  1.00000e+00 -1.18429e+01  0.00000e+00  4.24985e+00 
 7.05370e-03  5.37934e-03 -1.59677e-20  3.47944e+00  3.83903e-04  3.60019e+02  3.60055e+02  4.68117e+00  4.75078e+00  3.26705e-01  9.94742e+00  9.07592e+01  1.16839e+06 -1.23827e+06  5.81304e+02  0.00000e+00 -6.92974e+04  5.73064e+02 -6.87243e+04  3.26690e-01  1.00000e+00 -1.01416e+01  0.00000e+00  4.72430e+00 
 7.23722e-03  5.61783e-03  0.00000e+00  3.47944e+00  3.85936e-04  3.60028e+02  3.60056e+02  4.63813e+00  4.70701e+00  3.35160e-01  8.24200e+00  9.02815e+01  1.20690e+06 -1.27396e+06  5.73614e+02  0.00000e+00 -6.64825e+04  4.62462e+02 -6.60201e+04  3.35146e-01  1.00000e+00 -8.44054e+00  0.00000e+00  5.25420e+00 
 7.42387e-03  5.85632e-03  0.00000e+00  3.47944e+00  3.86545e-04  3.60037e+02  3.60056e+02  4.59194e+00  4.65980e+00  3.43355e-01  6.52141e+00  9.01397e+01  1.25190e+06 -1.31714e+06  5.67735e+02  0.00000e+00 -6.46739e+04  3.59118e+02 -6.43148e+04  3.43341e-01  1.00000e+00 -6.72523e+00  0.00000e+00  5.84672e+00 
 7.61342e-03  6.09482e-03  0.00000e+00  3.47944e+00  3.85619e-04  3.60046e+02  3.60056e+02  4.54247e+00  4.60900e+00  3.51202e-01  4.76520e+00  9.03565e+01  1.30572e+06 -1.36966e+06  5.63595e+02  0.00000e+00 -6.33787e+04  2.60359e+02 -6.31184e+04  3.51188e-01  1.00000e+00 -4.97526e+00  0.00000e+00  6.51703e+00 
 7.80566e-03  6.33332e-03  0.00000e+00  3.47944e+00  3.83277e-04  3.60055e+02  3.60056e+02  4.48911e+00  4.55405e+00  3.58876e-01  2.94775e+00  9.09091e+01  1.36880e+06 -1.43284e+06  5.61060e+02  0.00000e+00 -6.34787e+04  1.63085e+02 -6.33156e+04  3.58861e-01  1.00000e+00 -3.16516e+00  0.00000e+00  7.27614e+00 
 8.00039e-03  6.57182e-03  0.00000e+00  3.47944e+00  3.79372e-04  3.60064e+02  3.60056e+02  4.43196e+00  4.49500e+00  3.66231e-01  1.03908e+00  9.18452e+01  1.44490e+06 -1.50962e+06  5.60129e+02  0.00000e+00 -6.41601e+04  6.45328e+01 -6.40956e+04  3.66218e-01  1.00000e+00 -1.26511e+00  0.00000e+00  8.15138e+00 
 8.19744e-03  6.81033e-03  1.31016e-20  3.47944e+00  3.74078e-04  3.60072e+02  3.60057e+02  4.36953e+00  4.43042e+00  3.73470e-01 -2.32597e+00  9.31456e+01  1.53480e+06 -1.60194e+06  5.60659e+02  0.00000e+00 -6.65751e+04 -9.17193e+01 -6.66668e+04  3.73455e-01  1.00000e+00  1.80802e+00  0.00000e+00  9.16168e+00 
 8.39664e-03  7.04884e-03  0.00000e+00  3.47944e+00  3.67171e-04  3.60081e+02  3.60057e+02  4.30286e+00  4.36130e+00  3.80459e-01 -7.36564e+00  9.48984e+01  1.64469e+06 -1.71530e+06  5.62932e+02  0.00000e+00 -7.00487e+04 -3.46146e+02 -7.03948e+04  3.80445e-01  1.00000e+00  6.82274e+00  0.00000e+00  1.03573e+01 
 8.59784e-03  7.28736e-03  0.00000e+00  3.47944e+00  3.58814e-04  3.60090e+02  3.60057e+02  4.22792e+00  4.28369e+00  3.87415e-01 -1.31214e+01  9.71092e+01  1.77723e+06 -1.85391e+06  5.66309e+02  0.00000e+00 -7.61147e+04 -6.39814e+02 -7.67545e+04  3.87400e-01  1.00000e+00  1.25494e+01  0.00000e+00  1.17793e+01 
 8.80092e-03  7.52587e-03  0.00000e+00  3.47944e+00  3.48600e-04  3.60099e+02  3.60058e+02  4.14917e+00  4.20200e+00  3.94129e-01 -2.00219e+01  9.99553e+01  1.94508e+06 -2.02929e+06  5.71716e+02  0.00000e+00 -8.36358e+04 -1.00148e+03 -8.46373e+04  3.94116e-01  1.00000e+00  1.94147e+01  0.00000e+00  1.35362e+01 
 9.00573e-03  7.76439e-03 -1.17014e-20  3.47944e+00  3.36732e-04  3.60109e+02  3.60058e+02  4.05501e+00  4.10460e+00  4.00950e-01 -2.87702e+01  1.03479e+02  2.15384e+06 -2.25142e+06  5.78883e+02  0.00000e+00 -9.70001e+04 -1.47618e+03 -9.84763e+04  4.00935e-01  1.00000e+00  2.81212e+01  0.00000e+00  1.57022e+01 
 9.21216e-03  8.00291e-03  0.00000e+00  3.47944e+00  3.22463e-04  3.60121e+02  3.60058e+02  3.95984e+00  4.00589e+00  4.07620e-01 -4.06458e+01  1.08058e+02  2.43481e+06 -2.54892e+06  5.89301e+02  0.00000e+00 -1.13525e+05 -2.15376e+03 -1.15679e+05  4.07605e-01  1.00000e+00  3.99441e+01  0.00000e+00  1.85749e+01 
 9.42012e-03  8.24144e-03  0.00000e+00  3.47944e+00  3.05987e-04  3.60137e+02  3.60059e+02  3.83318e+00  3.87545e+00  4.14517e-01 -5.79931e+01  1.13878e+02  2.80768e+06 -2.95151e+06  6.01538e+02  0.00000e+00 -1.43227e+05 -3.19764e+03 -1.46425e+05  4.14499e-01  1.00000e+00  5.72256e+01  0.00000e+00  2.23602e+01 
 9.62949e-03  8.47996e-03  0.00000e+00  3.47944e+00  2.85980e-04  3.60158e+02  3.60059e+02  3.70836e+00  3.74571e+00  4.21465e-01 -8.60180e+01  1.21846e+02  3.36070e+06 -3.54709e+06  6.21669e+02  0.00000e+00 -1.85764e+05 -5.00753e+03 -1.90771e+05  4.21450e-01  1.00000e+00  8.51616e+01  0.00000e+00  2.79408e+01 
 9.84019e-03  8.71849e-03  0.00000e+00  3.47944e+00  2.62393e-04  3.60192e+02  3.60060e+02  3.51690e+00  3.54975e+00  4.28582e-01 -1.36638e+02  1.32801e+02  4.19209e+06 -4.46400e+06  6.43869e+02  0.00000e+00 -2.71262e+05 -8.54931e+03 -2.79812e+05  4.28565e-01  1.00000e+00  1.35661e+02  0.00000e+00  3.61898e+01 
 1.00521e-02  8.95702e-03  0.00000e+00  3.47944e+00  2.32173e-04  3.60252e+02  3.60061e+02  3.33382e+00  3.36306e+00  4.35938e-01 -2.48286e+02  1.50088e+02  5.73659e+06 -6.14989e+06  6.81991e+02  0.00000e+00 -4.12621e+05 -1.73036e+04 -4.29924e+05  4.35924e-01  1.00000e+00  2.47117e+02  0.00000e+00  5.16673e+01 
 1.02653e-02  9.19555e-03  0.00000e+00  3.47944e+00  1.94395e-04  3.60386e+02  3.60062e+02  2.99246e+00  3.01697e+00  4.44015e-01 -5.71935e+02  1.79259e+02  9.04448e+06 -9.72776e+06  7.24968e+02  0.00000e+00 -6.82551e+05 -4.68398e+04 -7.29391e+05  4.43991e-01  1.00000e+00  5.70443e+02  0.00000e+00  8.57539e+01 
 1.04795e-02  9.43408e-03  0.00000e+00  3.47944e+00  1.46978e-04  3.60842e+02  3.60063e+02  2.50661e+00  2.52099e+00  4.55504e-01 -5.62004e+03  2.37095e+02  1.95554e+07 -1.96370e+07  8.30174e+02  1.81774e+06  1.73693e+06 -1.78717e+06 -5.02370e+04  4.55489e-01  1.00000e+00  5.61790e+03  3.43681e+03  2.16947e+02 
