# Code_Saturne plot output (1D profile)
#
# Iteration output: 3373
# Time output:      2.30002e+01
#
#COLUMN_TITLES: Distance | X | Y | Z | diameter_Field2 | temp_Field1 | temp_Field2 | Velocity_Field1[Z] | Velocity_Field2[Z] | vol_f_Field2 | mass_trans_Field1 | Xd_Field2 | BK | COAL | COMP | NUCL | W1 | MT | SMBR | ALPBB | CONDNUM | GAMA | GAMANUC | epsilon_Field1
 4.56474e-03  1.39645e-04  0.00000e+00  3.47944e+00  1.00000e-05  3.58481e+02  3.60048e+02  4.08725e+00  4.08722e+00  3.42185e-05  5.49275e+00  3.48563e+03 2.60667e-278 -3.31998e+04  8.55916e+03  0.00000e+00 -2.46407e+04  3.59943e+08  3.59918e+08  3.32756e-05  1.00000e+00 -5.48508e+00  0.00000e+00  4.14754e-01 
 4.57812e-03  3.76525e-04  4.25872e-21  3.47944e+00  1.00000e-05  3.58486e+02  3.60048e+02  4.08689e+00  4.08693e+00  1.98742e-04  3.18141e+01  3.48563e+03 1.00525e-276 -1.94432e+05  8.63047e+03  0.00000e+00 -1.85801e+05  3.56956e+08  3.56771e+08  1.94345e-04  1.00000e+00 -3.17696e+01  0.00000e+00  4.18208e-01 
 4.60371e-03  6.13858e-04  0.00000e+00  3.47944e+00  1.57524e-05  3.58494e+02  3.60048e+02  4.08567e+00  4.08590e+00  9.89058e-04  9.34572e+01  2.21276e+03 1.06936e-122 -4.65902e+05  7.78929e+03  0.00000e+00 -4.58112e+05  1.29620e+08  1.29161e+08  9.96641e-04  1.00000e+00 -9.33264e+01  0.00000e+00  4.25011e-01 
 4.64138e-03  8.51483e-04  0.00000e+00  3.47944e+00  2.71549e-05  3.58505e+02  3.60048e+02  4.08391e+00  4.08484e+00  2.70322e-03  1.13195e+02  1.28361e+03  3.40958e-43 -5.08463e+05  5.50198e+03  0.00000e+00 -5.02961e+05  3.34601e+07  3.29571e+07  2.70962e-03  1.00000e+00 -1.13036e+02  0.00000e+00  4.35287e-01 
 4.69084e-03  1.08931e-03  0.00000e+00  3.47944e+00  4.13065e-05  3.58518e+02  3.60048e+02  4.08149e+00  4.08397e+00  4.50822e-03  9.76570e+01  8.43845e+02  7.13652e-17 -4.20725e+05  3.74266e+03  0.00000e+00 -4.16982e+05  1.13927e+07  1.09758e+07  4.51536e-03  1.00000e+00 -9.75184e+01  0.00000e+00  4.49073e-01 
 4.75174e-03  1.32727e-03  1.05001e-20  3.47944e+00  5.59669e-05  3.58534e+02  3.60048e+02  4.07834e+00  4.08302e+00  6.03070e-03  8.00540e+01  6.22801e+02  7.65551e-07 -3.39875e+05  2.78275e+03  0.00000e+00 -3.37093e+05  5.15576e+06  4.81867e+06  6.03854e-03  1.00000e+00 -7.99391e+01  0.00000e+00  4.66548e-01 
 4.82366e-03  1.56534e-03  0.00000e+00  3.47944e+00  6.96169e-05  3.58554e+02  3.60048e+02  4.07437e+00  4.08187e+00  7.53597e-03  6.83537e+01  5.00687e+02  2.41931e-02 -2.96912e+05  2.24098e+03  0.00000e+00 -2.94671e+05  2.83355e+06  2.53888e+06  7.54418e-03  1.00000e+00 -6.82543e+01  0.00000e+00  4.88013e-01 
 4.90611e-03  1.80349e-03  8.81027e-21  3.47944e+00  8.18194e-05  3.58577e+02  3.60048e+02  4.06958e+00  4.07953e+00  9.33055e-03  6.49432e+01  4.26014e+02  5.48153e+00 -2.83510e+05  1.90926e+03  0.00000e+00 -2.81595e+05  1.85076e+06  1.56916e+06  9.33930e-03  1.00000e+00 -6.48473e+01  0.00000e+00  5.13891e-01 
 4.99859e-03  2.04170e-03  0.00000e+00  3.47944e+00  9.31862e-05  3.58604e+02  3.60048e+02  4.06397e+00  4.07623e+00  1.14336e-02  6.42936e+01  3.74050e+02  1.51407e+02 -2.83162e+05  1.67770e+03  0.00000e+00 -2.81333e+05  1.31311e+06  1.03178e+06  1.14435e-02  1.00000e+00 -6.41969e+01  0.00000e+00  5.44699e-01 
 5.10055e-03  2.27996e-03  7.58893e-21  3.47944e+00  1.04234e-04  3.58635e+02  3.60048e+02  4.05747e+00  4.07199e+00  1.38877e-02  6.49990e+01  3.34406e+02  1.42414e+03 -2.89581e+05  1.50037e+03  0.00000e+00 -2.86657e+05  9.77239e+05  6.90582e+05  1.38989e-02  1.00000e+00 -6.48992e+01  0.00000e+00  5.80959e-01 
 5.21143e-03  2.51826e-03  7.09702e-21  3.47944e+00  1.15114e-04  3.58669e+02  3.60048e+02  4.05006e+00  4.06675e+00  1.67403e-02  6.65976e+01  3.02798e+02  6.94846e+03 -3.00866e+05  1.35852e+03  0.00000e+00 -2.92559e+05  7.52216e+05  4.59657e+05  1.67529e-02  1.00000e+00 -6.64929e+01  0.00000e+00  6.23415e-01 
 5.33068e-03  2.75659e-03  1.33300e-20  3.47944e+00  1.25776e-04  3.58707e+02  3.60048e+02  4.04166e+00  4.06043e+00  2.00581e-02  6.89591e+01  2.77129e+02  2.18496e+04 -3.16999e+05  1.24275e+03  0.00000e+00 -2.93906e+05  5.95006e+05  3.01100e+05  2.00717e-02  1.00000e+00 -6.88477e+01  0.00000e+00  6.73106e-01 
 5.45775e-03  2.99495e-03  1.25651e-20  3.47944e+00  1.36104e-04  3.58748e+02  3.60048e+02  4.03222e+00  4.05295e+00  2.38974e-02  7.20348e+01  2.56101e+02  5.05646e+04 -3.38203e+05  1.14753e+03  0.00000e+00 -2.86491e+05  4.82155e+05  1.95664e+05  2.39112e-02  1.00000e+00 -7.19148e+01  0.00000e+00  7.31070e-01 
 5.59212e-03  3.23333e-03  0.00000e+00  3.47944e+00  1.46051e-04  3.58792e+02  3.60048e+02  4.02167e+00  4.04421e+00  2.83372e-02  7.57719e+01  2.38658e+02  9.44042e+04 -3.64959e+05  1.06539e+03  0.00000e+00 -2.69490e+05  3.98620e+05  1.29131e+05  2.83521e-02  1.00000e+00 -7.56414e+01  0.00000e+00  7.98569e-01 
 5.73326e-03  3.47172e-03  0.00000e+00  3.47944e+00  1.55667e-04  3.58839e+02  3.60048e+02  4.00989e+00  4.03413e+00  3.34514e-02  8.00485e+01  2.23917e+02  1.51667e+05 -3.97066e+05  1.00013e+03  0.00000e+00 -2.44399e+05  3.34816e+05  9.04174e+04  3.34562e-02  1.00000e+00 -7.99054e+01  0.00000e+00  8.77095e-01 
 5.88069e-03  3.71014e-03 -5.35987e-21  3.47944e+00  1.65176e-04  3.58888e+02  3.60048e+02  3.99677e+00  4.02263e+00  3.93294e-02  8.46940e+01  2.11026e+02  2.19136e+05 -4.34271e+05  9.40378e+02  0.00000e+00 -2.14194e+05  2.84007e+05  6.98135e+04  3.93274e-02  1.00000e+00 -8.45364e+01  0.00000e+00  9.68430e-01 
 6.03395e-03  3.94857e-03  5.10973e-21  3.47944e+00  1.74877e-04  3.58938e+02  3.60048e+02  3.98215e+00  4.00960e+00  4.60163e-02  8.93855e+01  1.99320e+02  2.92969e+05 -4.75083e+05  8.86146e+02  0.00000e+00 -1.81228e+05  2.41967e+05  6.07388e+04  4.60130e-02  1.00000e+00 -8.92118e+01  0.00000e+00  1.07427e+00 
 6.19261e-03  4.18701e-03  0.00000e+00  3.47944e+00  1.85137e-04  3.58991e+02  3.60048e+02  3.96590e+00  3.99501e+00  5.36006e-02  9.38071e+01  1.88274e+02  3.69127e+05 -5.18007e+05  8.34907e+02  0.00000e+00 -1.48045e+05  2.05889e+05  5.78448e+04  5.36022e-02  1.00000e+00 -9.36160e+01  0.00000e+00  1.19689e+00 
 6.35626e-03  4.42546e-03  0.00000e+00  3.47944e+00  1.96343e-04  3.59044e+02  3.60048e+02  3.94784e+00  3.97874e+00  6.21294e-02  9.76009e+01  1.77528e+02  4.43217e+05 -5.60670e+05  7.85137e+02  0.00000e+00 -1.16668e+05  1.74223e+05  5.75549e+04  6.21383e-02  1.00000e+00 -9.73920e+01  0.00000e+00  1.33880e+00 
 6.52453e-03  4.66392e-03 -8.96437e-21  3.47944e+00  2.08890e-04  3.59098e+02  3.60048e+02  3.92774e+00  3.96069e+00  7.16651e-02  9.91396e+01  1.66866e+02  5.10844e+05 -6.00698e+05  7.35455e+02  0.00000e+00 -8.91182e+04  1.44181e+05  5.50632e+04  7.16785e-02  1.00000e+00 -9.89156e+01  0.00000e+00  1.50305e+00 
 6.69707e-03  4.90238e-03  1.72236e-20  3.47944e+00  2.23046e-04  3.59153e+02  3.60048e+02  3.90534e+00  3.94058e+00  8.21806e-02  9.92024e+01  1.56275e+02  5.67982e+05 -6.35577e+05  6.86159e+02  0.00000e+00 -6.69091e+04  1.17814e+05  5.09047e+04  8.21932e-02  1.00000e+00 -9.89650e+01  0.00000e+00  1.69285e+00 
 6.87356e-03  5.14086e-03  8.28595e-21  3.47944e+00  2.39005e-04  3.59207e+02  3.60048e+02  3.88038e+00  3.91807e+00  9.36755e-02  9.77593e+01  1.45841e+02  6.12004e+05 -6.63802e+05  6.37182e+02  0.00000e+00 -5.11605e+04  9.50433e+04  4.38828e+04  9.36863e-02  1.00000e+00 -9.75107e+01  0.00000e+00  1.91237e+00 
 7.05370e-03  5.37934e-03 -1.59677e-20  3.47944e+00  2.56787e-04  3.59262e+02  3.60048e+02  3.85250e+00  3.89277e+00  1.06027e-01  9.48574e+01  1.35741e+02  6.41721e+05 -6.83967e+05  5.89985e+02  0.00000e+00 -4.16555e+04  7.58293e+04  3.41738e+04  1.06034e-01  1.00000e+00 -9.46000e+01  0.00000e+00  2.16528e+00 
 7.23722e-03  5.61783e-03  0.00000e+00  3.47944e+00  2.76204e-04  3.59316e+02  3.60049e+02  3.82145e+00  3.86452e+00  1.19080e-01  9.06729e+01  1.26199e+02  6.57958e+05 -6.96014e+05  5.45066e+02  0.00000e+00 -3.75102e+04  5.99925e+04  2.24822e+04  1.19086e-01  1.00000e+00 -9.04090e+01  0.00000e+00  2.45655e+00 
 7.42387e-03  5.85632e-03  0.00000e+00  3.47944e+00  2.96794e-04  3.59371e+02  3.60049e+02  3.78696e+00  3.83294e+00  1.32673e-01  8.55527e+01  1.17445e+02  6.62857e+05 -7.01116e+05  5.03751e+02  0.00000e+00 -3.77545e+04  4.72696e+04  9.51508e+03  1.32683e-01  1.00000e+00 -8.52843e+01  0.00000e+00  2.79038e+00 
 7.61342e-03  6.09482e-03  0.00000e+00  3.47944e+00  3.17780e-04  3.59426e+02  3.60049e+02  3.74893e+00  3.79779e+00  1.46525e-01  7.98111e+01  1.09689e+02  6.60368e+05 -7.01304e+05  4.66591e+02  0.00000e+00 -4.04695e+04  3.72808e+04 -3.18870e+03  1.46542e-01  1.00000e+00 -7.95395e+01  0.00000e+00  3.17453e+00 
 7.80566e-03  6.33332e-03  0.00000e+00  3.47944e+00  3.38201e-04  3.59480e+02  3.60049e+02  3.70704e+00  3.75865e+00  1.60494e-01  7.38149e+01  1.03066e+02  6.54277e+05 -6.99642e+05  4.34436e+02  0.00000e+00 -4.49309e+04  2.95682e+04 -1.53628e+04  1.60518e-01  1.00000e+00 -7.35404e+01  0.00000e+00  3.61483e+00 
 8.00039e-03  6.57182e-03  0.00000e+00  3.47944e+00  3.56911e-04  3.59535e+02  3.60049e+02  3.66131e+00  3.71530e+00  1.74246e-01  6.77609e+01  9.76633e+01  6.49223e+05 -6.99070e+05  4.07210e+02  0.00000e+00 -4.94397e+04  2.36812e+04 -2.57585e+04  1.74276e-01  1.00000e+00 -6.74829e+01  0.00000e+00  4.12543e+00 
 8.19744e-03  6.81033e-03  1.31016e-20  3.47944e+00  3.72998e-04  3.59591e+02  3.60049e+02  3.61127e+00  3.66713e+00  1.87906e-01  6.18197e+01  9.34514e+01  6.47838e+05 -7.03204e+05  3.85054e+02  0.00000e+00 -5.49805e+04  1.91607e+04 -3.58198e+04  1.87946e-01  1.00000e+00 -6.15366e+01  0.00000e+00  4.71741e+00 
 8.39664e-03  7.04884e-03  0.00000e+00  3.47944e+00  3.85513e-04  3.59648e+02  3.60049e+02  3.55700e+00  3.61335e+00  2.01087e-01  5.58038e+01  9.04181e+01  6.53991e+05 -7.14364e+05  3.67327e+02  0.00000e+00 -6.00055e+04  1.56282e+04 -4.43772e+04  2.01134e-01  1.00000e+00 -5.55138e+01  0.00000e+00  5.42088e+00 
 8.59784e-03  7.28736e-03  0.00000e+00  3.47944e+00  3.94082e-04  3.59706e+02  3.60049e+02  3.49631e+00  3.55220e+00  2.14158e-01  4.97750e+01  8.84524e+01  6.68655e+05 -7.35716e+05  3.53728e+02  0.00000e+00 -6.67067e+04  1.27937e+04 -5.39129e+04  2.14212e-01  1.00000e+00 -4.94747e+01  0.00000e+00  6.25810e+00 
 8.80092e-03  7.52587e-03  0.00000e+00  3.47944e+00  3.98137e-04  3.59766e+02  3.60050e+02  3.43004e+00  3.48523e+00  2.26890e-01  4.34978e+01  8.75519e+01  6.95580e+05 -7.70417e+05  3.43631e+02  0.00000e+00 -7.44933e+04  1.04331e+04 -6.40603e+04  2.26949e-01  1.00000e+00 -4.31831e+01  0.00000e+00  7.28837e+00 
 9.00573e-03  7.76439e-03 -1.17014e-20  3.47944e+00  3.97631e-04  3.59830e+02  3.60050e+02  3.35285e+00  3.40739e+00  2.39511e-01  3.65207e+01  8.76636e+01  7.36306e+05 -8.22218e+05  3.36753e+02  0.00000e+00 -8.55747e+04  8.29279e+03 -7.72819e+04  2.39573e-01  1.00000e+00 -3.61864e+01  0.00000e+00  8.55830e+00 
 9.21216e-03  8.00291e-03  0.00000e+00  3.47944e+00  3.91991e-04  3.59897e+02  3.60050e+02  3.27114e+00  3.32484e+00  2.51770e-01  2.82327e+01  8.89254e+01  7.98571e+05 -8.98404e+05  3.32765e+02  0.00000e+00 -9.94996e+04  6.16395e+03 -9.33357e+04  2.51834e-01  1.00000e+00 -2.78720e+01  0.00000e+00  1.02176e+01 
 9.42012e-03  8.24144e-03  0.00000e+00  3.47944e+00  3.81263e-04  3.59971e+02  3.60050e+02  3.16825e+00  3.22040e+00  2.64052e-01  1.75265e+01  9.14282e+01  8.88080e+05 -1.00923e+06  3.31888e+02  0.00000e+00 -1.20814e+05  3.71389e+03 -1.17100e+05  2.64123e-01  1.00000e+00 -1.71307e+01  0.00000e+00  1.24068e+01 
 9.62949e-03  8.47996e-03  0.00000e+00  3.47944e+00  3.64556e-04  3.60055e+02  3.60051e+02  3.06329e+00  3.11241e+00  2.76268e-01  2.51175e+00  9.56187e+01  1.02755e+06 -1.17661e+06  3.33441e+02  0.00000e+00 -1.48733e+05  4.48124e+02 -1.48285e+05  2.76344e-01  1.00000e+00 -2.06789e+00  0.00000e+00  1.56479e+01 
 9.84019e-03  8.71849e-03  0.00000e+00  3.47944e+00  3.41958e-04  3.60155e+02  3.60051e+02  2.90664e+00  2.95066e+00  2.88971e-01 -4.72197e+01  1.01939e+02  1.24030e+06 -1.43482e+06  3.38983e+02  0.00000e+00 -1.94187e+05 -1.06777e+04 -2.04865e+05  2.89054e-01  1.00000e+00  4.83483e+01  0.00000e+00  2.05164e+01 
 1.00521e-02  8.95702e-03  0.00000e+00  3.47944e+00  3.10759e-04  3.60290e+02  3.60052e+02  2.74308e+00  2.78296e+00  3.01709e-01 -1.44339e+02  1.12174e+02  1.62620e+06 -1.88359e+06  3.48969e+02  0.00000e+00 -2.57040e+05 -3.39116e+04 -2.90952e+05  3.01792e-01  1.00000e+00  1.45689e+02  0.00000e+00  2.94282e+01 
 1.02653e-02  9.19555e-03  0.00000e+00  3.47944e+00  2.70244e-04  3.60513e+02  3.60052e+02  2.46603e+00  2.50044e+00  3.15926e-01 -3.73314e+02  1.28992e+02  2.41389e+06 -2.74273e+06  3.57124e+02  0.00000e+00 -3.28479e+05 -9.58623e+04 -4.24341e+05  3.16020e-01  1.00000e+00  3.75030e+02  0.00000e+00  4.91925e+01 
 1.04795e-02  9.43408e-03  0.00000e+00  3.47944e+00  2.20366e-04  3.61063e+02  3.60053e+02  2.04258e+00  2.06489e+00  3.33508e-01 -4.28603e+03  1.58191e+02  4.62805e+06 -4.42523e+06  3.78635e+02  2.01796e+06  2.22116e+06 -2.24990e+06 -2.87406e+04  3.33586e-01  1.00000e+00  4.28843e+03  3.08966e+03  1.25384e+02 
