# Code_Saturne plot output (1D profile)
#
# Iteration output: 2799
# Time output:      2.30037e+01
#
#COLUMN_TITLES: Distance | X | Y | Z | diameter_Field2 | temp_Field1 | temp_Field2 | Velocity_Field1[Z] | Velocity_Field2[Z] | vol_f_Field2 | mass_trans_Field1 | Xd_Field2 | BK | COAL | COMP | NUCL | W1 | MT | SMBR | ALPBB | CONDNUM | GAMA | GAMANUC | epsilon_Field1
 4.56474e-03  1.39645e-04  0.00000e+00  3.47944e+00  6.27102e-05  3.59700e+02  3.60052e+02  4.73556e+00  4.74556e+00  5.25286e-02  1.13493e+02  5.55704e+02  1.56909e-06 -7.52235e+05  3.36452e+03  0.00000e+00 -7.48871e+05  3.46697e+05 -4.02173e+05  5.25280e-02  1.00000e+00 -1.13493e+02  0.00000e+00  3.67776e-01 
 4.57812e-03  3.76525e-04  4.25872e-21  3.47944e+00  8.13301e-05  3.59701e+02  3.60052e+02  4.73519e+00  4.74956e+00  5.34140e-02  8.05875e+01  4.28480e+02  1.02933e-01 -4.92710e+05  2.59412e+03  0.00000e+00 -4.90116e+05  1.86672e+05 -3.03444e+05  5.34130e-02  1.00000e+00 -8.05878e+01  0.00000e+00  3.72577e-01 
 4.60371e-03  6.13858e-04  0.00000e+00  3.47944e+00  9.72376e-05  3.59703e+02  3.60052e+02  4.73400e+00  4.75210e+00  5.50956e-02  6.50662e+01  3.58383e+02  1.76926e+01 -3.77262e+05  2.17052e+03  0.00000e+00 -3.75074e+05  1.22216e+05 -2.52858e+05  5.50936e-02  1.00000e+00 -6.50664e+01  0.00000e+00  3.81991e-01 
 4.64138e-03  8.51483e-04  0.00000e+00  3.47944e+00  1.10691e-04  3.59708e+02  3.60052e+02  4.73222e+00  4.75342e+00  5.75373e-02  5.67638e+01  3.14826e+02  3.06396e+02 -3.19105e+05  1.90717e+03  0.00000e+00 -3.16891e+05  8.96890e+04 -2.27202e+05  5.75347e-02  1.00000e+00 -5.67640e+01  0.00000e+00  3.96209e-01 
 4.69084e-03  1.08931e-03  0.00000e+00  3.47944e+00  1.22491e-04  3.59715e+02  3.60052e+02  4.72978e+00  4.75363e+00  6.07593e-02  5.18476e+01  2.84496e+02  1.91605e+03 -2.87423e+05  1.72360e+03  0.00000e+00 -2.83783e+05  7.01026e+04 -2.13680e+05  6.07575e-02  1.00000e+00 -5.18478e+01  0.00000e+00  4.15547e-01 
 4.75174e-03  1.32727e-03  1.05001e-20  3.47944e+00  1.32898e-04  3.59724e+02  3.60051e+02  4.72669e+00  4.75278e+00  6.47995e-02  4.87582e+01  2.62218e+02  6.85406e+03 -2.71326e+05  1.58855e+03  0.00000e+00 -2.62883e+05  5.69736e+04 -2.05910e+05  6.47992e-02  1.00000e+00 -4.87584e+01  0.00000e+00  4.40452e-01 
 4.82366e-03  1.56534e-03  0.00000e+00  3.47944e+00  1.41912e-04  3.59735e+02  3.60051e+02  4.72289e+00  4.75086e+00  6.96989e-02  4.68477e+01  2.45563e+02  1.73169e+04 -2.66270e+05  1.48732e+03  0.00000e+00 -2.47466e+05  4.76597e+04 -1.99806e+05  6.97004e-02  1.00000e+00 -4.68478e+01  0.00000e+00  4.71525e-01 
 4.90611e-03  1.80349e-03  8.81027e-21  3.47944e+00  1.49456e-04  3.59749e+02  3.60051e+02  4.71836e+00  4.74780e+00  7.55044e-02  4.58679e+01  2.33167e+02  3.47176e+04 -2.70250e+05  1.41164e+03  0.00000e+00 -2.34121e+05  4.08995e+04 -1.93222e+05  7.55072e-02  1.00000e+00 -4.58681e+01  0.00000e+00  5.09528e-01 
 4.99859e-03  2.04170e-03  0.00000e+00  3.47944e+00  1.55506e-04  3.59764e+02  3.60051e+02  4.71304e+00  4.74357e+00  8.22594e-02  4.55729e+01  2.24096e+02  5.94429e+04 -2.82405e+05  1.35588e+03  0.00000e+00 -2.21606e+05  3.58481e+04 -1.85758e+05  8.22626e-02  1.00000e+00 -4.55731e+01  0.00000e+00  5.55410e-01 
 5.10055e-03  2.27996e-03  7.58893e-21  3.47944e+00  1.60126e-04  3.59780e+02  3.60051e+02  4.70684e+00  4.73810e+00  9.00054e-02  4.57629e+01  2.17630e+02  9.13299e+04 -3.02470e+05  1.31565e+03  0.00000e+00 -2.09824e+05  3.19505e+04 -1.77874e+05  9.00085e-02  1.00000e+00 -4.57631e+01  0.00000e+00  6.10316e-01 
 5.21143e-03  2.51826e-03  7.09702e-21  3.47944e+00  1.63468e-04  3.59798e+02  3.60051e+02  4.69968e+00  4.73131e+00  9.87722e-02  4.62529e+01  2.13181e+02  1.30242e+05 -3.30515e+05  1.28737e+03  0.00000e+00 -1.98986e+05  2.88250e+04 -1.70161e+05  9.87749e-02  1.00000e+00 -4.62531e+01  0.00000e+00  6.75622e-01 
 5.33068e-03  2.75659e-03  1.33300e-20  3.47944e+00  1.65734e-04  3.59817e+02  3.60051e+02  4.69144e+00  4.72316e+00  1.08575e-01  4.68685e+01  2.10266e+02  1.76349e+05 -3.66827e+05  1.26805e+03  0.00000e+00 -1.89210e+05  2.62085e+04 -1.63001e+05  1.08577e-01  1.00000e+00 -4.68687e+01  0.00000e+00  7.52950e-01 
 5.45775e-03  2.99495e-03  1.25651e-20  3.47944e+00  1.67140e-04  3.59837e+02  3.60051e+02  4.68197e+00  4.71358e+00  1.19407e-01  4.74430e+01  2.08498e+02  2.30134e+05 -4.11823e+05  1.25534e+03  0.00000e+00 -1.80434e+05  2.39204e+04 -1.56513e+05  1.19409e-01  1.00000e+00 -4.74433e+01  0.00000e+00  8.44204e-01 
 5.59212e-03  3.23333e-03  0.00000e+00  3.47944e+00  1.67886e-04  3.59857e+02  3.60051e+02  4.67111e+00  4.70242e+00  1.31246e-01  4.78222e+01  2.07571e+02  2.92255e+05 -4.65998e+05  1.24731e+03  0.00000e+00 -1.72496e+05  2.18393e+04 -1.50656e+05  1.31246e-01  1.00000e+00 -4.78225e+01  0.00000e+00  9.51576e-01 
 5.73326e-03  3.47172e-03  0.00000e+00  3.47944e+00  1.68151e-04  3.59877e+02  3.60051e+02  4.65867e+00  4.68955e+00  1.44032e-01  4.78662e+01  2.07244e+02  3.63393e+05 -5.29810e+05  1.24247e+03  0.00000e+00 -1.65174e+05  1.98877e+04 -1.45287e+05  1.44031e-01  1.00000e+00 -4.78665e+01  0.00000e+00  1.07757e+00 
 5.88069e-03  3.71014e-03 -5.35987e-21  3.47944e+00  1.68084e-04  3.59897e+02  3.60051e+02  4.64443e+00  4.67477e+00  1.57689e-01  4.74611e+01  2.07327e+02  4.44100e+05 -6.03657e+05  1.23961e+03  0.00000e+00 -1.58317e+05  1.80187e+04 -1.40298e+05  1.57688e-01  1.00000e+00 -4.74614e+01  0.00000e+00  1.22501e+00 
 6.03395e-03  3.94857e-03  5.10973e-21  3.47944e+00  1.67808e-04  3.59916e+02  3.60051e+02  4.62814e+00  4.65787e+00  1.72100e-01  4.65187e+01  2.07668e+02  5.34716e+05 -6.87713e+05  1.23772e+03  0.00000e+00 -1.51760e+05  1.62087e+04 -1.35551e+05  1.72099e-01  1.00000e+00 -4.65191e+01  0.00000e+00  1.39703e+00 
 6.19261e-03  4.18701e-03  0.00000e+00  3.47944e+00  1.67424e-04  3.59934e+02  3.60051e+02  4.60955e+00  4.63861e+00  1.87142e-01  4.49905e+01  2.08145e+02  6.35244e+05 -7.81968e+05  1.23602e+03  0.00000e+00 -1.45488e+05  1.44494e+04 -1.31038e+05  1.87141e-01  1.00000e+00 -4.49909e+01  0.00000e+00  1.59702e+00 
 6.35626e-03  4.42546e-03  0.00000e+00  3.47944e+00  1.67008e-04  3.59952e+02  3.60051e+02  4.58839e+00  4.61674e+00  2.02648e-01  4.28628e+01  2.08663e+02  7.45379e+05 -8.86036e+05  1.23386e+03  0.00000e+00 -1.39423e+05  1.27443e+04 -1.26678e+05  2.02648e-01  1.00000e+00 -4.28632e+01  0.00000e+00  1.82868e+00 
 6.52453e-03  4.66392e-03 -8.96437e-21  3.47944e+00  1.66622e-04  3.59968e+02  3.60051e+02  4.56437e+00  4.59200e+00  2.18469e-01  4.01671e+01  2.09147e+02  8.64409e+05 -9.99330e+05  1.23070e+03  0.00000e+00 -1.33690e+05  1.11036e+04 -1.22586e+05  2.18469e-01  1.00000e+00 -4.01675e+01  0.00000e+00  2.09587e+00 
 6.69707e-03  4.90238e-03  1.72236e-20  3.47944e+00  1.66303e-04  3.59983e+02  3.60051e+02  4.53727e+00  4.56414e+00  2.34419e-01  3.69674e+01  2.09549e+02  9.91407e+05 -1.12090e+06  1.22619e+03  0.00000e+00 -1.28264e+05  9.54209e+03 -1.18722e+05  2.34419e-01  1.00000e+00 -3.69679e+01  0.00000e+00  2.40275e+00 
 6.87356e-03  5.14086e-03  8.28595e-21  3.47944e+00  1.66075e-04  3.59996e+02  3.60051e+02  4.50681e+00  4.53294e+00  2.50350e-01  3.33616e+01  2.09837e+02  1.12517e+06 -1.24973e+06  1.22011e+03  0.00000e+00 -1.23336e+05  8.07448e+03 -1.15261e+05  2.50350e-01  1.00000e+00 -3.33621e+01  0.00000e+00  2.75362e+00 
 7.05370e-03  5.37934e-03 -1.59677e-20  3.47944e+00  1.65937e-04  3.60008e+02  3.60052e+02  4.47283e+00  4.49820e+00  2.66094e-01  2.94651e+01  2.10011e+02  1.26461e+06 -1.38474e+06  1.21239e+03  0.00000e+00 -1.18913e+05  6.71506e+03 -1.12198e+05  2.66095e-01  1.00000e+00 -2.94656e+01  0.00000e+00  3.15330e+00 
 7.23722e-03  5.61783e-03  0.00000e+00  3.47944e+00  1.65875e-04  3.60019e+02  3.60052e+02  4.43511e+00  4.45973e+00  2.81531e-01  2.54029e+01  2.10090e+02  1.40870e+06 -1.52510e+06  1.20309e+03  0.00000e+00 -1.15200e+05  5.47389e+03 -1.09726e+05  2.81533e-01  1.00000e+00 -2.54034e+01  0.00000e+00  3.60705e+00 
 7.42387e-03  5.85632e-03  0.00000e+00  3.47944e+00  1.65853e-04  3.60029e+02  3.60052e+02  4.39354e+00  4.41741e+00  2.96550e-01  2.12964e+01  2.10119e+02  1.55695e+06 -1.67044e+06  1.19244e+03  0.00000e+00 -1.12297e+05  4.35722e+03 -1.07940e+05  2.96552e-01  1.00000e+00 -2.12970e+01  0.00000e+00  4.12140e+00 
 7.61342e-03  6.09482e-03  0.00000e+00  3.47944e+00  1.65819e-04  3.60037e+02  3.60052e+02  4.34793e+00  4.37104e+00  3.11070e-01  1.72532e+01  2.10163e+02  1.70943e+06 -1.82097e+06  1.18076e+03  0.00000e+00 -1.10361e+05  3.36593e+03 -1.06995e+05  3.11072e-01  1.00000e+00 -1.72538e+01  0.00000e+00  4.70433e+00 
 7.80566e-03  6.33332e-03  0.00000e+00  3.47944e+00  1.65706e-04  3.60044e+02  3.60052e+02  4.29815e+00  4.32050e+00  3.25053e-01  1.33616e+01  2.10307e+02  1.86710e+06 -1.97797e+06  1.16846e+03  0.00000e+00 -1.09699e+05  2.49633e+03 -1.07202e+05  3.25055e-01  1.00000e+00 -1.33622e+01  0.00000e+00  5.36662e+00 
 8.00039e-03  6.57182e-03  0.00000e+00  3.47944e+00  1.65431e-04  3.60051e+02  3.60052e+02  4.24389e+00  4.26546e+00  3.38452e-01  9.68438e+00  2.10658e+02  2.03207e+06 -2.14363e+06  1.15600e+03  0.00000e+00 -1.10411e+05  1.74061e+03 -1.08670e+05  3.38454e-01  1.00000e+00 -9.68497e+00  0.00000e+00  6.12289e+00 
 8.19744e-03  6.81033e-03  1.31016e-20  3.47944e+00  1.64903e-04  3.60056e+02  3.60052e+02  4.18488e+00  4.20565e+00  3.51306e-01  6.26032e+00  2.11333e+02  2.20750e+06 -2.32184e+06  1.14390e+03  0.00000e+00 -1.13199e+05  1.08754e+03 -1.12111e+05  3.51309e-01  1.00000e+00 -6.26093e+00  0.00000e+00  6.99320e+00 
 8.39664e-03  7.04884e-03  0.00000e+00  3.47944e+00  1.64007e-04  3.60060e+02  3.60053e+02  4.12060e+00  4.14052e+00  3.63587e-01  3.10320e+00  2.12489e+02  2.39889e+06 -2.51813e+06  1.13267e+03  0.00000e+00 -1.18109e+05  5.23779e+02 -1.17585e+05  3.63590e-01  1.00000e+00 -3.10382e+00  0.00000e+00  8.00721e+00 
 8.59784e-03  7.28736e-03  0.00000e+00  3.47944e+00  1.62635e-04  3.60064e+02  3.60053e+02  4.05021e+00  4.06922e+00  3.75416e-01  2.03850e-01  2.14282e+02  2.61279e+06 -2.74065e+06  1.12289e+03  0.00000e+00 -1.26736e+05  3.37028e+01 -1.26702e+05  3.75418e-01  1.00000e+00 -2.04488e-01  0.00000e+00  9.20484e+00 
 8.80092e-03  7.52587e-03  0.00000e+00  3.47944e+00  1.60629e-04  3.60067e+02  3.60053e+02  3.97332e+00  3.99136e+00  3.86762e-01 -5.36606e+00  2.16959e+02  2.86140e+06 -3.00165e+06  1.11512e+03  0.00000e+00 -1.39132e+05 -8.69030e+02 -1.40001e+05  3.86765e-01  1.00000e+00  5.36510e+00  0.00000e+00  1.06524e+01 
 9.00573e-03  7.76439e-03 -1.17014e-20  3.47944e+00  1.57842e-04  3.60070e+02  3.60053e+02  3.88685e+00  3.90381e+00  3.97793e-01 -1.11452e+01  2.20791e+02  3.15882e+06 -3.31867e+06  1.11008e+03  0.00000e+00 -1.58744e+05 -1.78606e+03 -1.60530e+05  3.97796e-01  1.00000e+00  1.11442e+01  0.00000e+00  1.24371e+01 
 9.21216e-03  8.00291e-03  0.00000e+00  3.47944e+00  1.54022e-04  3.60073e+02  3.60054e+02  3.79255e+00  3.80831e+00  4.08541e-01 -1.78743e+01  2.26269e+02  3.53512e+06 -3.72323e+06  1.10889e+03  0.00000e+00 -1.87006e+05 -2.85836e+03 -1.89865e+05  4.08545e-01  1.00000e+00  1.78733e+01  0.00000e+00  1.47334e+01 
 9.42012e-03  8.24144e-03  0.00000e+00  3.47944e+00  1.48959e-04  3.60076e+02  3.60054e+02  3.67955e+00  3.69399e+00  4.19196e-01 -2.74120e+01  2.33961e+02  4.02705e+06 -4.26028e+06  1.11215e+03  0.00000e+00 -2.32113e+05 -4.41745e+03 -2.36530e+05  4.19200e-01  1.00000e+00  2.74110e+01  0.00000e+00  1.77743e+01 
 9.62949e-03  8.47996e-03  0.00000e+00  3.47944e+00  1.42248e-04  3.60082e+02  3.60055e+02  3.55723e+00  3.57017e+00  4.29902e-01 -4.39010e+01  2.45002e+02  4.72677e+06 -5.02624e+06  1.12280e+03  0.00000e+00 -2.98340e+05 -7.22412e+03 -3.05564e+05  4.29906e-01  1.00000e+00  4.39000e+01  0.00000e+00  2.21441e+01 
 9.84019e-03  8.71849e-03  0.00000e+00  3.47944e+00  1.33559e-04  3.60092e+02  3.60055e+02  3.39218e+00  3.40348e+00  4.40729e-01 -7.88575e+01  2.60943e+02  5.77521e+06 -6.17924e+06  1.13949e+03  0.00000e+00 -4.02890e+05 -1.34813e+04 -4.16371e+05  4.40732e-01  1.00000e+00  7.88565e+01  0.00000e+00  2.87788e+01 
 1.00521e-02  8.95702e-03  0.00000e+00  3.47944e+00  1.22226e-04  3.60116e+02  3.60056e+02  3.20772e+00  3.21727e+00  4.51880e-01 -1.71307e+02  2.85141e+02  7.60092e+06 -8.13365e+06  1.16888e+03  0.00000e+00 -5.31553e+05 -3.12129e+04 -5.62765e+05  4.51880e-01  1.00000e+00  1.71306e+02  0.00000e+00  4.07772e+01 
 1.02653e-02  9.19555e-03  0.00000e+00  3.47944e+00  1.08434e-04  3.60186e+02  3.60056e+02  2.90453e+00  2.91181e+00  4.63466e-01 -5.01645e+02  3.21413e+02  1.12023e+07 -1.17272e+07  1.18528e+03  0.00000e+00 -5.23691e+05 -1.00455e+05 -6.24146e+05  4.63465e-01  1.00000e+00  5.01644e+02  0.00000e+00  6.70246e+01 
 1.04795e-02  9.43408e-03  0.00000e+00  3.47944e+00  9.52357e-05  3.60527e+02  3.60057e+02  2.44705e+00  2.45010e+00  4.78481e-01 -5.73008e+03  3.65964e+02  2.03475e+07 -1.84943e+07  1.17878e+03  1.02666e+06  2.88107e+06 -2.96265e+06 -8.15737e+04  4.78481e-01  1.00000e+00  5.73008e+03  3.32842e+03  1.66565e+02 
