# Code_Saturne plot output (1D profile)
#
# Iteration output: 2724
# Time output:      2.30027e+01
#
#COLUMN_TITLES: Distance | X | Y | Z | diameter_Field2 | temp_Field1 | temp_Field2 | Velocity_Field1[Z] | Velocity_Field2[Z] | vol_f_Field2 | mass_trans_Field1 | Xd_Field2 | BK | COAL | COMP | NUCL | W1 | MT | SMBR | ALPBB | CONDNUM | GAMA | GAMANUC | epsilon_Field1
 4.56474e-03  1.39645e-04  0.00000e+00  3.47944e+00  4.22960e-04  3.59842e+02  3.60057e+02  5.18299e+00  5.27573e+00  2.22906e-01  2.60689e+01  8.23677e+01  2.19598e+05 -4.51034e+05  6.40012e+02  0.00000e+00 -2.30796e+05  2.14707e+03 -2.28649e+05  2.22908e-01  1.00000e+00 -2.60671e+01  0.00000e+00  1.36124e+00 
 4.57812e-03  3.76525e-04  4.25872e-21  3.47944e+00  4.38612e-04  3.59842e+02  3.60057e+02  5.18180e+00  5.27593e+00  2.23679e-01  2.47159e+01  7.94284e+01  2.12829e+05 -4.23174e+05  6.17291e+02  0.00000e+00 -2.09727e+05  1.95620e+03 -2.07771e+05  2.23682e-01  1.00000e+00 -2.47142e+01  0.00000e+00  1.37453e+00 
 4.60371e-03  6.13858e-04  0.00000e+00  3.47944e+00  4.54493e-04  3.59844e+02  3.60057e+02  5.17914e+00  5.27378e+00  2.25005e-01  2.34517e+01  7.66530e+01  2.07062e+05 -3.99108e+05  5.95620e+02  0.00000e+00 -1.91450e+05  1.78073e+03 -1.89670e+05  2.25007e-01  1.00000e+00 -2.34500e+01  0.00000e+00  1.40034e+00 
 4.64138e-03  8.51483e-04  0.00000e+00  3.47944e+00  4.71769e-04  3.59846e+02  3.60057e+02  5.17521e+00  5.26988e+00  2.26945e-01  2.21918e+01  7.38460e+01  2.01581e+05 -3.76490e+05  5.73526e+02  0.00000e+00 -1.74335e+05  1.60948e+03 -1.72726e+05  2.26948e-01  1.00000e+00 -2.21902e+01  0.00000e+00  1.43900e+00 
 4.69084e-03  1.08931e-03  0.00000e+00  3.47944e+00  4.91217e-04  3.59848e+02  3.60057e+02  5.16991e+00  5.26429e+00  2.29495e-01  2.08951e+01  7.09223e+01  1.95940e+05 -3.54046e+05  5.50368e+02  0.00000e+00 -1.57556e+05  1.43926e+03 -1.56116e+05  2.29497e-01  1.00000e+00 -2.08936e+01  0.00000e+00  1.49099e+00 
 4.75174e-03  1.32727e-03  1.05001e-20  3.47944e+00  5.12923e-04  3.59852e+02  3.60057e+02  5.16321e+00  5.25707e+00  2.32624e-01  1.95768e+01  6.79210e+01  1.90058e+05 -3.31724e+05  5.26493e+02  0.00000e+00 -1.41140e+05  1.27403e+03 -1.39866e+05  2.32626e-01  1.00000e+00 -1.95754e+01  0.00000e+00  1.55705e+00 
 4.82366e-03  1.56534e-03  0.00000e+00  3.47944e+00  5.36622e-04  3.59856e+02  3.60057e+02  5.15505e+00  5.24824e+00  2.36333e-01  1.82707e+01  6.49215e+01  1.84015e+05 -3.09932e+05  5.02545e+02  0.00000e+00 -1.25415e+05  1.11868e+03 -1.24297e+05  2.36335e-01  1.00000e+00 -1.82693e+01  0.00000e+00  1.63801e+00 
 4.90611e-03  1.80349e-03  8.81027e-21  3.47944e+00  5.61750e-04  3.59861e+02  3.60057e+02  5.14536e+00  5.23776e+00  2.40580e-01  1.70108e+01  6.20174e+01  1.78023e+05 -2.89193e+05  4.79268e+02  0.00000e+00 -1.10690e+05  9.77382e+02 -1.09713e+05  2.40583e-01  1.00000e+00 -1.70095e+01  0.00000e+00  1.73491e+00 
 4.99859e-03  2.04170e-03  0.00000e+00  3.47944e+00  5.87541e-04  3.59867e+02  3.60057e+02  5.13407e+00  5.22559e+00  2.45344e-01  1.58267e+01  5.92951e+01  1.72341e+05 -2.70039e+05  4.57336e+02  0.00000e+00 -9.72404e+04  8.52550e+02 -9.63878e+04  2.45346e-01  1.00000e+00 -1.58255e+01  0.00000e+00  1.84890e+00 
 5.10055e-03  2.27996e-03  7.58893e-21  3.47944e+00  6.13073e-04  3.59873e+02  3.60057e+02  5.12110e+00  5.21166e+00  2.50572e-01  1.47378e+01  5.68257e+01  1.67248e+05 -2.52902e+05  4.37300e+02  0.00000e+00 -8.52171e+04  7.44954e+02 -8.44722e+04  2.50574e-01  1.00000e+00 -1.47366e+01  0.00000e+00  1.98127e+00 
 5.21143e-03  2.51826e-03  7.09702e-21  3.47944e+00  6.37388e-04  3.59881e+02  3.60057e+02  5.10634e+00  5.19589e+00  2.56226e-01  1.37531e+01  5.46580e+01  1.62982e+05 -2.38097e+05  4.19532e+02  0.00000e+00 -7.46949e+04  6.53908e+02 -7.40410e+04  2.56228e-01  1.00000e+00 -1.37520e+01  0.00000e+00  2.13342e+00 
 5.33068e-03  2.75659e-03  1.33300e-20  3.47944e+00  6.59586e-04  3.59889e+02  3.60057e+02  5.08972e+00  5.17820e+00  2.62241e-01  1.28712e+01  5.28185e+01  1.59736e+05 -2.25783e+05  4.04225e+02  0.00000e+00 -6.56433e+04  5.77812e+02 -6.50655e+04  2.62244e-01  1.00000e+00 -1.28700e+01  0.00000e+00  2.30686e+00 
 5.45775e-03  2.99495e-03  1.25651e-20  3.47944e+00  6.78941e-04  3.59897e+02  3.60057e+02  5.07114e+00  5.15851e+00  2.68590e-01  1.20829e+01  5.13129e+01  1.57619e+05 -2.16018e+05  3.91410e+02  0.00000e+00 -5.80074e+04  5.14506e+02 -5.74929e+04  2.68593e-01  1.00000e+00 -1.20818e+01  0.00000e+00  2.50317e+00 
 5.59212e-03  3.23333e-03  0.00000e+00  3.47944e+00  6.94941e-04  3.59907e+02  3.60057e+02  5.05053e+00  5.13675e+00  2.75196e-01  1.13722e+01  5.01316e+01  1.56698e+05 -2.08725e+05  3.80974e+02  0.00000e+00 -5.16459e+04  4.61738e+02 -5.11841e+04  2.75199e-01  1.00000e+00 -1.13711e+01  0.00000e+00  2.72415e+00 
 5.73326e-03  3.47172e-03  0.00000e+00  3.47944e+00  7.07359e-04  3.59917e+02  3.60057e+02  5.02780e+00  5.11285e+00  2.82012e-01  1.07190e+01  4.92516e+01  1.56969e+05 -2.03758e+05  3.72752e+02  0.00000e+00 -4.64168e+04  4.17240e+02 -4.59996e+04  2.82015e-01  1.00000e+00 -1.07179e+01  0.00000e+00  2.97162e+00 
 5.88069e-03  3.71014e-03 -5.35987e-21  3.47944e+00  7.16143e-04  3.59928e+02  3.60057e+02  5.00287e+00  5.08676e+00  2.88966e-01  1.01018e+01  4.86476e+01  1.58424e+05 -2.00954e+05  3.66511e+02  0.00000e+00 -4.21641e+04  3.79043e+02 -4.17850e+04  2.88968e-01  1.00000e+00 -1.01007e+01  0.00000e+00  3.24775e+00 
 6.03395e-03  3.94857e-03  5.10973e-21  3.47944e+00  7.21430e-04  3.59939e+02  3.60057e+02  4.97569e+00  5.05840e+00  2.95862e-01  9.49584e+00  4.82912e+01  1.61058e+05 -2.00049e+05  3.62083e+02  0.00000e+00 -3.86282e+04  3.45449e+02 -3.82827e+04  2.95865e-01  1.00000e+00 -9.49471e+00  0.00000e+00  3.55469e+00 
 6.19261e-03  4.18701e-03  0.00000e+00  3.47944e+00  7.23506e-04  3.59951e+02  3.60057e+02  4.94615e+00  5.02769e+00  3.02940e-01  8.88714e+00  4.81527e+01  1.64767e+05 -2.01054e+05  3.59088e+02  0.00000e+00 -3.59273e+04  3.14843e+02 -3.56124e+04  3.02943e-01  1.00000e+00 -8.88598e+00  0.00000e+00  3.89530e+00 
 6.35626e-03  4.42546e-03  0.00000e+00  3.47944e+00  7.22676e-04  3.59963e+02  3.60057e+02  4.91419e+00  4.99456e+00  3.10031e-01  8.25172e+00  4.82081e+01  1.69551e+05 -2.03759e+05  3.57377e+02  0.00000e+00 -3.38511e+04  2.85970e+02 -3.35651e+04  3.10034e-01  1.00000e+00 -8.25052e+00  0.00000e+00  4.27235e+00 
 6.52453e-03  4.66392e-03 -8.96437e-21  3.47944e+00  7.19238e-04  3.59976e+02  3.60058e+02  4.87974e+00  4.95897e+00  3.17047e-01  7.57036e+00  4.84387e+01  1.75433e+05 -2.08057e+05  3.56778e+02  0.00000e+00 -3.22670e+04  2.57774e+02 -3.20092e+04  3.17050e-01  1.00000e+00 -7.56912e+00  0.00000e+00  4.69001e+00 
 6.69707e-03  4.90238e-03  1.72236e-20  3.47944e+00  7.13526e-04  3.59989e+02  3.60058e+02  4.84267e+00  4.92076e+00  3.24030e-01  6.82532e+00  4.88267e+01  1.82395e+05 -2.13930e+05  3.57129e+02  0.00000e+00 -3.11778e+04  2.29212e+02 -3.09486e+04  3.24033e-01  1.00000e+00 -6.82403e+00  0.00000e+00  5.15204e+00 
 6.87356e-03  5.14086e-03  8.28595e-21  3.47944e+00  7.05771e-04  3.60002e+02  3.60058e+02  4.80290e+00  4.87987e+00  3.30872e-01  5.99800e+00  4.93634e+01  1.90540e+05 -2.21354e+05  3.58327e+02  0.00000e+00 -3.04559e+04  1.99425e+02 -3.02565e+04  3.30876e-01  1.00000e+00 -5.99666e+00  0.00000e+00  5.66500e+00 
 7.05370e-03  5.37934e-03 -1.59677e-20  3.47944e+00  6.96249e-04  3.60016e+02  3.60058e+02  4.76021e+00  4.83609e+00  3.37668e-01  5.07012e+00  5.00387e+01  1.99880e+05 -2.30430e+05  3.60259e+02  0.00000e+00 -3.01897e+04  1.67433e+02 -3.00223e+04  3.37671e-01  1.00000e+00 -5.06872e+00  0.00000e+00  6.23402e+00 
 7.23722e-03  5.61783e-03  0.00000e+00  3.47944e+00  6.85076e-04  3.60030e+02  3.60058e+02  4.71456e+00  4.78938e+00  3.44272e-01  4.02101e+00  5.08550e+01  2.10642e+05 -2.41230e+05  3.62881e+02  0.00000e+00 -3.02243e+04  1.32353e+02 -3.00919e+04  3.44275e-01  1.00000e+00 -4.01954e+00  0.00000e+00  6.87012e+00 
 7.42387e-03  5.85632e-03  0.00000e+00  3.47944e+00  6.72470e-04  3.60045e+02  3.60058e+02  4.66549e+00  4.73927e+00  3.50844e-01  2.82766e+00  5.18085e+01  2.22871e+05 -2.54003e+05  3.66122e+02  0.00000e+00 -3.07665e+04  9.30256e+01 -3.06735e+04  3.50848e-01  1.00000e+00 -2.82612e+00  0.00000e+00  7.58036e+00 
 7.61342e-03  6.09482e-03  0.00000e+00  3.47944e+00  6.58424e-04  3.60060e+02  3.60059e+02  4.61315e+00  4.68593e+00  3.57186e-01  1.46253e+00  5.29140e+01  2.36991e+05 -2.68955e+05  3.70006e+02  0.00000e+00 -3.15942e+04  4.82419e+01 -3.15459e+04  3.57189e-01  1.00000e+00 -1.46091e+00  0.00000e+00  8.38421e+00 
 7.80566e-03  6.33332e-03  0.00000e+00  3.47944e+00  6.43128e-04  3.60075e+02  3.60059e+02  4.55648e+00  4.62826e+00  3.63536e-01 -3.39262e-01  5.41728e+01  2.53084e+05 -2.86548e+05  3.74472e+02  0.00000e+00 -3.30900e+04 -1.13925e+01 -3.31014e+04  3.63540e-01  1.00000e+00  3.42972e-01  0.00000e+00  9.29151e+00 
 8.00039e-03  6.57182e-03  0.00000e+00  3.47944e+00  6.26449e-04  3.60091e+02  3.60059e+02  4.49629e+00  4.56714e+00  3.69632e-01 -4.52547e+00  5.56154e+01  2.71914e+05 -3.07190e+05  3.79619e+02  0.00000e+00 -3.48963e+04 -1.51912e+02 -3.50482e+04  3.69635e-01  1.00000e+00  4.52939e+00  0.00000e+00  1.03386e+01 
 8.19744e-03  6.81033e-03  1.31016e-20  3.47944e+00  6.08556e-04  3.60107e+02  3.60059e+02  4.42990e+00  4.49980e+00  3.75794e-01 -9.45128e+00  5.72510e+01  2.93645e+05 -3.31730e+05  3.85371e+02  0.00000e+00 -3.77004e+04 -3.21101e+02 -3.80215e+04  3.75797e-01  1.00000e+00  9.45542e+00  0.00000e+00  1.15395e+01 
 8.39664e-03  7.04884e-03  0.00000e+00  3.47944e+00  5.89099e-04  3.60124e+02  3.60060e+02  4.36033e+00  4.42937e+00  3.81702e-01 -1.53531e+01  5.91423e+01  3.19750e+05 -3.61134e+05  3.92036e+02  0.00000e+00 -4.09913e+04 -5.30420e+02 -4.15218e+04  3.81705e-01  1.00000e+00  1.53575e+01  0.00000e+00  1.29672e+01 
 8.59784e-03  7.28736e-03  0.00000e+00  3.47944e+00  5.68243e-04  3.60143e+02  3.60060e+02  4.28030e+00  4.34847e+00  3.87744e-01 -2.25831e+01  6.13134e+01  3.50639e+05 -3.97076e+05  3.99398e+02  0.00000e+00 -4.60378e+04 -7.96179e+02 -4.68340e+04  3.87748e-01  1.00000e+00  2.25878e+01  0.00000e+00  1.46438e+01 
 8.80092e-03  7.52587e-03  0.00000e+00  3.47944e+00  5.45382e-04  3.60163e+02  3.60060e+02  4.19930e+00  4.26669e+00  3.93582e-01 -3.16994e+01  6.38839e+01  3.89303e+05 -4.41776e+05  4.08267e+02  0.00000e+00 -5.20640e+04 -1.14711e+03 -5.32111e+04  3.93584e-01  1.00000e+00  3.17044e+01  0.00000e+00  1.67296e+01 
 9.00573e-03  7.76439e-03 -1.17014e-20  3.47944e+00  5.20706e-04  3.60186e+02  3.60061e+02  4.09801e+00  4.16460e+00  3.99634e-01 -4.35708e+01  6.69119e+01  4.36922e+05 -4.98905e+05  4.17870e+02  0.00000e+00 -6.15650e+04 -1.62637e+03 -6.31914e+04  3.99636e-01  1.00000e+00  4.35762e+01  0.00000e+00  1.92708e+01 
 9.21216e-03  8.00291e-03  0.00000e+00  3.47944e+00  4.93157e-04  3.60214e+02  3.60061e+02  4.00227e+00  4.06807e+00  4.05601e-01 -5.97870e+01  7.06503e+01  5.00505e+05 -5.74333e+05  4.30480e+02  0.00000e+00 -7.33982e+04 -2.32164e+03 -7.57198e+04  4.05602e-01  1.00000e+00  5.97928e+01  0.00000e+00  2.26678e+01 
 9.42012e-03  8.24144e-03  0.00000e+00  3.47944e+00  4.62926e-04  3.60247e+02  3.60062e+02  3.86451e+00  3.92930e+00  4.11877e-01 -8.30522e+01  7.52649e+01  5.84395e+05 -6.78082e+05  4.43545e+02  0.00000e+00 -9.32426e+04 -3.38332e+03 -9.66259e+04  4.11877e-01  1.00000e+00  8.30586e+01  0.00000e+00  2.70818e+01 
 9.62949e-03  8.47996e-03  0.00000e+00  3.47944e+00  4.28082e-04  3.60291e+02  3.60062e+02  3.74487e+00  3.80771e+00  4.18304e-01 -1.19382e+02  8.13919e+01  7.09331e+05 -8.29688e+05  4.63392e+02  0.00000e+00 -1.19894e+05 -5.17834e+03 -1.25072e+05  4.18303e-01  1.00000e+00  1.19389e+02  0.00000e+00  3.37430e+01 
 9.84019e-03  8.71849e-03  0.00000e+00  3.47944e+00  3.88612e-04  3.60355e+02  3.60063e+02  3.54121e+00  3.59779e+00  4.25181e-01 -1.80994e+02  8.96597e+01  8.99136e+05 -1.06629e+06  4.82771e+02  0.00000e+00 -1.66671e+05 -8.50834e+03 -1.75179e+05  4.25181e-01  1.00000e+00  1.81002e+02  0.00000e+00  4.38068e+01 
 1.00521e-02  8.95702e-03  0.00000e+00  3.47944e+00  3.41294e-04  3.60457e+02  3.60064e+02  3.35597e+00  3.40478e+00  4.32356e-01 -3.05412e+02  1.02092e+02  1.24637e+06 -1.47714e+06  5.16438e+02  0.00000e+00 -2.30251e+05 -1.60763e+04 -2.46327e+05  4.32357e-01  1.00000e+00  3.05422e+02  0.00000e+00  6.30119e+01 
 1.02653e-02  9.19555e-03  0.00000e+00  3.47944e+00  2.87027e-04  3.60660e+02  3.60065e+02  2.97861e+00  3.01632e+00  4.40795e-01 -6.15184e+02  1.21396e+02  1.94419e+06 -2.25380e+06  5.41653e+02  0.00000e+00 -3.09073e+05 -3.77669e+04 -3.46840e+05  4.40803e-01  1.00000e+00  6.15195e+02  0.00000e+00  1.04382e+02 
 1.04795e-02  9.43408e-03  0.00000e+00  3.47944e+00  2.28137e-04  3.61237e+02  3.60066e+02  2.47623e+00  2.49810e+00  4.49738e-01 -5.25914e+03  1.52735e+02  3.87411e+06 -3.39634e+06  5.83098e+02  7.19529e+05  1.19787e+06 -1.18778e+06  1.00933e+04  4.49754e-01  1.00000e+00  5.25916e+03  3.48805e+03  2.65186e+02 
