# Code_Saturne plot output (1D profile)
#
# Iteration output: 2426
# Time output:      2.30008e+01
#
#COLUMN_TITLES: Distance | X | Y | Z | diameter_Field2 | temp_Field1 | temp_Field2 | Velocity_Field1[Z] | Velocity_Field2[Z] | vol_f_Field2 | mass_trans_Field1 | Xd_Field2 | BK | COAL | COMP | NUCL | W1 | MT | SMBR | ALPBB | CONDNUM | GAMA | GAMANUC | epsilon_Field1
 4.56474e-03  1.39645e-04  0.00000e+00  3.47944e+00  1.00000e-05  3.54975e+02  3.60052e+02  3.52658e+00  3.52698e+00  4.05611e-15 -6.41557e-10  3.48601e+03  0.00000e+00 -3.26427e-09  1.07296e+04  0.00000e+00  1.07296e+04 -4.40875e-01  5.22779e+06  5.87535e-18  5.87535e-12  6.41557e-10  0.00000e+00  1.86051e-01 
 4.57812e-03  3.76525e-04  4.25872e-21  3.47944e+00  1.00000e-05  3.54981e+02  3.60052e+02  3.52610e+00  3.52650e+00  4.05649e-15 -6.41510e-10  3.48601e+03  0.00000e+00 -3.29510e-09  1.07281e+04  0.00000e+00  1.07281e+04 -4.40843e-01  5.19431e+06  5.91354e-18  5.91354e-12  6.41511e-10  0.00000e+00  1.87706e-01 
 4.60371e-03  6.13858e-04  0.00000e+00  3.47944e+00  1.00000e-05  3.54993e+02  3.60052e+02  3.52477e+00  3.52517e+00  4.06231e-15 -6.42362e-10  3.48601e+03  0.00000e+00 -3.53235e-09  1.07241e+04  0.00000e+00  1.07241e+04 -4.41428e-01  4.87310e+06  6.30321e-18  6.30321e-12  6.42362e-10  0.00000e+00  1.90987e-01 
 4.64138e-03  8.51483e-04  0.00000e+00  3.47944e+00  1.00000e-05  3.55011e+02  3.60052e+02  3.52276e+00  3.52316e+00  4.08366e-15 -6.48533e-10  3.48601e+03  0.00000e+00 -4.96292e-09  1.07187e+04  0.00000e+00  1.07187e+04 -4.45668e-01  3.48626e+06  8.78160e-18  8.78160e-12  6.48533e-10  0.00000e+00  1.95934e-01 
 4.69084e-03  1.08931e-03  0.00000e+00  3.47944e+00  1.00000e-05  3.55036e+02  3.60052e+02  3.52007e+00  3.52047e+00  3.93792e-15 -6.48884e-10  3.48601e+03  0.00000e+00 -2.69659e-08  1.07113e+04  0.00000e+00  1.07113e+04 -4.45910e-01  7.32167e+05  4.71895e-17  4.71895e-11  6.48884e-10  0.00000e+00  2.02622e-01 
 4.75174e-03  1.32727e-03  1.05001e-20  3.47944e+00  1.00017e-05  3.55066e+02  3.60052e+02  3.51669e+00  3.51710e+00  1.49595e-15  9.46175e-11  3.48544e+03  0.00000e+00 -3.45495e-07  1.05909e+04  0.00000e+00  1.05909e+04  6.50129e-02  1.19044e+07  5.96575e-16  5.96575e-10 -9.46174e-11  0.00000e+00  2.11138e-01 
 4.82366e-03  1.56534e-03  0.00000e+00  3.47944e+00  1.02188e-05  3.55102e+02  3.60052e+02  3.51262e+00  3.51304e+00  9.54431e-15  1.22421e-09  3.41139e+03  0.00000e+00 -4.51078e-06  6.99413e+03  0.00000e+00  6.99413e+03  8.27294e-01  1.26479e+08  7.88258e-15  7.88258e-09 -1.22421e-09  0.00000e+00  2.21604e-01 
 4.90611e-03  1.80349e-03  8.81027e-21  3.47944e+00  1.27370e-05  3.55145e+02  3.60052e+02  3.50784e+00  3.50843e+00  9.00406e-14  1.16356e-08  2.73693e+03 5.70098e-280 -3.09582e-05  6.17654e+03  0.00000e+00  6.17654e+03  6.47845e+00  1.54758e+08  7.35247e-14  7.35247e-08 -1.16356e-08  0.00000e+00  2.34152e-01 
 4.99859e-03  2.04170e-03  0.00000e+00  3.47944e+00  1.74922e-05  3.55194e+02  3.60052e+02  3.50230e+00  3.50310e+00  5.45620e-13  6.60091e-08  1.99290e+03 1.16828e-151 -1.10707e-04  4.74215e+03  0.00000e+00  4.74215e+03  2.65290e+01  5.56521e+07  4.45602e-13  4.45602e-07 -6.60091e-08  0.00000e+00  2.48944e-01 
 5.10055e-03  2.27996e-03  7.58893e-21  3.47944e+00  2.00842e-05  3.55249e+02  3.60052e+02  3.49601e+00  3.49674e+00  3.17025e-12  4.17587e-07  1.73570e+03 5.02177e-110 -5.31891e-04  4.05125e+03  0.00000e+00  4.05125e+03  1.44100e+02  1.07353e+07  2.70715e-12  2.70715e-06 -4.17587e-07  0.00000e+00  2.66159e-01 
 5.21143e-03  2.51826e-03  7.09702e-21  3.47944e+00  2.07084e-05  3.55311e+02  3.60052e+02  3.48890e+00  3.48955e+00  1.86507e-11  2.45210e-06  1.68338e+03  5.15754e-98 -3.04806e-03  3.91597e+03  0.00000e+00  3.91597e+03  8.17161e+02  1.61394e+06  1.60707e-11  1.60707e-05 -2.45210e-06  0.00000e+00  2.86012e-01 
 5.33068e-03  2.75659e-03  1.33300e-20  3.47944e+00  2.08345e-05  3.55379e+02  3.60052e+02  3.48095e+00  3.48157e+00  1.07596e-10  1.34927e-05  1.67320e+03  1.65187e-91 -1.72274e-02  4.02525e+03  0.00000e+00  4.02523e+03  4.46441e+03  3.59190e+04  8.96483e-11  8.96483e-05 -1.34908e-05  0.00000e+00  3.08727e-01 
 5.45775e-03  2.99495e-03  1.25651e-20  3.47944e+00  2.08752e-05  3.55454e+02  3.60052e+02  3.47210e+00  3.47269e+00  6.09370e-10  7.76723e-05  1.66994e+03  5.73849e-86 -1.02318e-01  4.30744e+03  0.00000e+00  4.30734e+03  2.56504e+04  2.99578e+04  5.20292e-10  5.20292e-04 -7.76549e-05  0.00000e+00  3.34570e-01 
 5.59212e-03  3.23333e-03  0.00000e+00  3.47944e+00  2.09294e-05  3.55534e+02  3.60052e+02  3.46231e+00  3.46288e+00  3.37982e-09  4.39130e-04  1.66561e+03  1.69827e-80 -5.98962e-01  4.99576e+03  0.00000e+00  4.99516e+03  1.44719e+05  1.49714e+05  2.97394e-09  2.97394e-03 -4.39024e-04  0.00000e+00  3.63828e-01 
 5.73326e-03  3.47172e-03  0.00000e+00  3.47944e+00  2.10021e-05  3.55622e+02  3.60051e+02  3.45153e+00  3.45209e+00  1.77929e-08  2.66226e-03  1.65982e+03  4.19642e-75 -3.45792e+00  4.69492e+03  0.00000e+00  4.69146e+03  8.75130e+05  8.79822e+05  1.67622e-08  1.67622e-02 -2.66159e-03  0.00000e+00  3.96835e-01 
 5.88069e-03  3.71014e-03 -5.35987e-21  3.47944e+00  2.11239e-05  3.55716e+02  3.60050e+02  3.43972e+00  3.44028e+00  9.53498e-08  1.42823e-02  1.65023e+03  1.26591e-69 -1.93222e+01  4.21289e+03  0.00000e+00  4.19357e+03  4.67302e+06  4.67721e+06  9.16948e-08  9.16948e-02 -1.42787e-02  0.00000e+00  4.33948e-01 
 6.03395e-03  3.94857e-03  5.10973e-21  3.47944e+00  2.14878e-05  3.55816e+02  3.60050e+02  3.42680e+00  3.42737e+00  4.91469e-07  7.15389e-02  1.62228e+03  5.12516e-63 -1.00626e+02  3.91645e+03  0.00000e+00  3.81582e+03  2.30362e+07  2.30401e+07  4.76156e-07  4.76156e-01 -7.15202e-02  0.00000e+00  4.75611e-01 
 6.19261e-03  4.18701e-03  0.00000e+00  3.47944e+00  2.30993e-05  3.55923e+02  3.60050e+02  3.41276e+00  3.41341e+00  2.29057e-06  3.32698e-01  1.50910e+03  2.35279e-50 -4.35708e+02  3.59264e+03  0.00000e+00  3.15693e+03  4.33810e+07  4.33842e+07  2.28328e-06  1.00000e+00 -3.32609e-01  0.00000e+00  5.22300e-01 
 6.35626e-03  4.42546e-03  0.00000e+00  3.47944e+00  2.69487e-05  3.56037e+02  3.60050e+02  3.39749e+00  3.39836e+00  9.02512e-06  1.03234e+00  1.29354e+03  4.88832e-34 -1.36765e+03  3.55859e+03  0.00000e+00  2.19095e+03  2.91313e+07  2.91335e+07  9.03410e-06  1.00000e+00 -1.03206e+00  0.00000e+00  5.74634e-01 
 6.52453e-03  4.66392e-03 -8.96437e-21  3.47944e+00  3.10967e-05  3.56157e+02  3.60050e+02  3.38100e+00  3.38217e+00  2.74379e-05  2.47103e+00  1.12100e+03  7.04773e-23 -3.36355e+03  3.11835e+03  0.00000e+00 -2.45200e+02  1.98895e+07  1.98892e+07  2.74462e-05  1.00000e+00 -2.47033e+00  0.00000e+00  6.33275e-01 
 6.69707e-03  4.90238e-03  1.72236e-20  3.47944e+00  3.53934e-05  3.56285e+02  3.60050e+02  3.36316e+00  3.36470e+00  6.75672e-05  4.86430e+00  9.84909e+02  3.26136e-15 -6.86236e+03  2.75323e+03  0.00000e+00 -4.10912e+03  1.39701e+07  1.39660e+07  6.75793e-05  1.00000e+00 -4.86287e+00  0.00000e+00  6.99136e-01 
 6.87356e-03  5.14086e-03  8.28595e-21  3.47944e+00  3.97377e-05  3.56420e+02  3.60050e+02  3.34395e+00  3.34592e+00  1.41269e-04  8.28561e+00  8.77236e+02  7.16443e-10 -1.21685e+04  2.45373e+03  0.00000e+00 -9.71475e+03  1.01373e+07  1.01276e+07  1.41286e-04  1.00000e+00 -8.28309e+00  0.00000e+00  7.73242e-01 
 7.05370e-03  5.37934e-03 -1.59677e-20  3.47944e+00  4.40541e-05  3.56561e+02  3.60050e+02  3.32325e+00  3.32578e+00  2.67517e-04  1.27643e+01  7.91285e+02  4.50110e-06 -1.99749e+04  2.20685e+03  0.00000e+00 -1.77681e+04  7.43915e+06  7.42138e+06  2.67536e-04  1.00000e+00 -1.27602e+01  0.00000e+00  8.57103e-01 
 7.23722e-03  5.61783e-03  0.00000e+00  3.47944e+00  4.82892e-05  3.56710e+02  3.60050e+02  3.30097e+00  3.30415e+00  4.82943e-04  1.87730e+01  7.21888e+02  2.57095e-03 -3.18812e+04  2.00610e+03  0.00000e+00 -2.98750e+04  5.52934e+06  5.49946e+06  4.82954e-04  1.00000e+00 -1.87668e+01  0.00000e+00  9.52298e-01 
 7.42387e-03  5.85632e-03  0.00000e+00  3.47944e+00  5.24805e-05  3.56865e+02  3.60050e+02  3.27698e+00  3.28080e+00  8.45446e-04  2.71763e+01  6.64236e+02  2.98354e-01 -5.01009e+04  1.83875e+03  0.00000e+00 -4.82618e+04  4.20737e+06  4.15911e+06  8.45422e-04  1.00000e+00 -2.71669e+01  0.00000e+00  1.06127e+00 
 7.61342e-03  6.09482e-03  0.00000e+00  3.47944e+00  5.67204e-05  3.57032e+02  3.60050e+02  3.25109e+00  3.25557e+00  1.42968e-03  3.83203e+01  6.14585e+02  1.17069e+01 -7.68436e+04  1.69396e+03  0.00000e+00 -7.51379e+04  3.24579e+06  3.17065e+06  1.42970e-03  1.00000e+00 -3.83062e+01  0.00000e+00  1.18690e+00 
 7.80566e-03  6.33332e-03  0.00000e+00  3.47944e+00  6.10088e-05  3.57206e+02  3.60050e+02  3.22314e+00  3.22827e+00  2.34650e-03  5.28378e+01  5.71386e+02  2.05551e+02 -1.15470e+05  1.56567e+03  0.00000e+00 -1.13699e+05  2.53522e+06  2.42152e+06  2.34641e-03  1.00000e+00 -5.28173e+01  0.00000e+00  1.33361e+00 
 8.00039e-03  6.57182e-03  0.00000e+00  3.47944e+00  6.53200e-05  3.57388e+02  3.60050e+02  3.19279e+00  3.19855e+00  3.74434e-03  7.12669e+01  5.33674e+02  1.94572e+03 -1.70277e+05  1.45286e+03  0.00000e+00 -1.66879e+05  2.00145e+06  1.83457e+06  3.74416e-03  1.00000e+00 -7.12374e+01  0.00000e+00  1.50633e+00 
 8.19744e-03  6.81033e-03  1.31016e-20  3.47944e+00  6.95840e-05  3.57579e+02  3.60050e+02  3.15980e+00  3.16614e+00  5.84564e-03  9.46146e+01  5.00972e+02  1.14117e+04 -2.48294e+05  1.35246e+03  0.00000e+00 -2.35530e+05  1.59768e+06  1.36215e+06  5.84527e-03  1.00000e+00 -9.45724e+01  0.00000e+00  1.71356e+00 
 8.39664e-03  7.04884e-03  0.00000e+00  3.47944e+00  7.36999e-05  3.57779e+02  3.60051e+02  3.12354e+00  3.13041e+00  8.93148e-03  1.23489e+02  4.72995e+02  4.57768e+04 -3.58682e+05  1.26528e+03  0.00000e+00 -3.11640e+05  1.28851e+06  9.76871e+05  8.93105e-03  1.00000e+00 -1.23429e+02  0.00000e+00  1.96490e+00 
 8.59784e-03  7.28736e-03  0.00000e+00  3.47944e+00  7.75259e-05  3.57988e+02  3.60051e+02  3.08365e+00  3.09096e+00  1.34437e-02  1.59509e+02  4.49653e+02  1.36889e+05 -5.18135e+05  1.18880e+03  0.00000e+00 -3.80057e+05  1.05111e+06  6.71053e+05  1.34431e-02  1.00000e+00 -1.59424e+02  0.00000e+00  2.27751e+00 
 8.80092e-03  7.52587e-03  0.00000e+00  3.47944e+00  8.09504e-05  3.58207e+02  3.60051e+02  3.03877e+00  3.04645e+00  1.98966e-02  2.02929e+02  4.30632e+02  3.26108e+05 -7.48035e+05  1.12393e+03  0.00000e+00 -4.20802e+05  8.65221e+05  4.44419e+05  1.98967e-02  1.00000e+00 -2.02808e+02  0.00000e+00  2.67190e+00 
 9.00573e-03  7.76439e-03 -1.17014e-20  3.47944e+00  8.39296e-05  3.58434e+02  3.60051e+02  2.98872e+00  2.99662e+00  2.91785e-02  2.55456e+02  4.15347e+02  6.61356e+05 -1.08871e+06  1.06580e+03  0.00000e+00 -4.26290e+05  7.16286e+05  2.89997e+05  2.91786e-02  1.00000e+00 -2.55283e+02  0.00000e+00  3.18859e+00 
 9.21216e-03  8.00291e-03  0.00000e+00  3.47944e+00  8.65375e-05  3.58668e+02  3.60051e+02  2.92949e+00  2.93766e+00  4.21373e-02  3.13716e+02  4.02832e+02  1.18929e+06 -1.58413e+06  1.01439e+03  0.00000e+00 -3.93825e+05  5.90672e+05  1.96847e+05  4.21398e-02  1.00000e+00 -3.13470e+02  0.00000e+00  3.87687e+00 
 9.42012e-03  8.24144e-03  0.00000e+00  3.47944e+00  8.89333e-05  3.58907e+02  3.60051e+02  2.86286e+00  2.87126e+00  6.05051e-02  3.76094e+02  3.91980e+02  1.98057e+06 -2.32431e+06  9.61095e+02  0.00000e+00 -3.42778e+05  4.79828e+05  1.37050e+05  6.05051e-02  1.00000e+00 -3.75741e+02  0.00000e+00  4.85033e+00 
 9.62949e-03  8.47996e-03  0.00000e+00  3.47944e+00  9.12888e-05  3.59148e+02  3.60051e+02  2.77517e+00  2.78386e+00  8.51639e-02  4.13603e+02  3.81868e+02  3.08246e+06 -3.37989e+06  9.07966e+02  0.00000e+00 -2.96518e+05  3.65134e+05  6.86162e+04  8.51650e-02  1.00000e+00 -4.13115e+02  0.00000e+00  6.25748e+00 
 9.84019e-03  8.71849e-03  0.00000e+00  3.47944e+00  9.35712e-05  3.59390e+02  3.60052e+02  2.67565e+00  2.68346e+00  1.18256e-01  4.16383e+02  3.72555e+02  4.61702e+06 -4.93697e+06  8.47563e+02  0.00000e+00 -3.19097e+05  2.58205e+05 -6.08917e+04  1.18235e-01  1.00000e+00 -4.15722e+02  0.00000e+00  8.52924e+00 
 1.00521e-02  8.95702e-03  0.00000e+00  3.47944e+00  9.51615e-05  3.59638e+02  3.60052e+02  2.52230e+00  2.52987e+00  1.56660e-01  3.45889e+02  3.66331e+02  6.68343e+06 -7.09367e+06  7.86042e+02  0.00000e+00 -4.09456e+05  1.59161e+05 -2.50295e+05  1.56519e-01  1.00000e+00 -3.45031e+02  0.00000e+00  1.23975e+01 
 1.02653e-02  9.19555e-03  0.00000e+00  3.47944e+00  9.48666e-05  3.59919e+02  3.60052e+02  2.33673e+00  2.34258e+00  2.01128e-01  1.50899e+02  3.67472e+02  1.02351e+07 -1.07108e+07  7.17550e+02  0.00000e+00 -4.74937e+05  5.39643e+04 -4.20973e+05  2.01060e-01  1.00000e+00 -1.49792e+02  0.00000e+00  2.12198e+01 
 1.04795e-02  9.43408e-03  0.00000e+00  3.47944e+00  9.22190e-05  3.60390e+02  3.60053e+02  1.96446e+00  1.96832e+00  2.53231e-01 -3.58005e+03  3.78026e+02  1.88182e+07 -1.82061e+07  6.59102e+02  2.74721e+06  3.36001e+06 -3.61539e+06 -2.55377e+05  2.53331e-01  1.00000e+00  3.58272e+03  2.57537e+03  5.34751e+01 
