# Code_Saturne plot output (1D profile)
#
# Iteration output: 1755
# Time output:      2.30008e+01
#
#COLUMN_TITLES: Distance | X | Y | Z | diameter_Field2 | temp_Field1 | temp_Field2 | Velocity_Field1[Z] | Velocity_Field2[Z] | vol_f_Field2 | mass_trans_Field1 | Xd_Field2 | BK | COAL | COMP | NUCL | W1 | MT | SMBR | ALPBB | CONDNUM | GAMA | GAMANUC | epsilon_Field1
 4.56474e-03  1.39645e-04  0.00000e+00  3.47944e+00  1.00000e-05  3.50671e+02  3.60062e+02  3.32358e+00  3.32397e+00  6.39961e-17  4.11252e-09  3.48504e+03  0.00000e+00 -4.01560e-05  1.08755e+04  0.00000e+00  1.08755e+04  8.27424e+00 -4.51913e+04  4.68731e-14  4.68731e-08 -4.11252e-09  0.00000e+00  1.86506e-01 
 4.57812e-03  3.76525e-04  4.25872e-21  3.47944e+00  1.00000e-05  3.50676e+02  3.60062e+02  3.32327e+00  3.32366e+00  6.26617e-17  4.10884e-09  3.48504e+03  0.00000e+00 -4.02305e-05  1.08744e+04  0.00000e+00  1.08744e+04  8.26684e+00 -4.52516e+04  4.68298e-14  4.68298e-08 -4.10884e-09  0.00000e+00  1.88083e-01 
 4.60371e-03  6.13858e-04  0.00000e+00  3.47944e+00  1.00000e-05  3.50685e+02  3.60062e+02  3.32191e+00  3.32229e+00  6.10580e-17  4.10254e-09  3.48504e+03  0.00000e+00 -4.03854e-05  1.08705e+04  0.00000e+00  1.08705e+04  8.25417e+00 -4.53707e+04  4.67557e-14  4.67557e-08 -4.10254e-09  0.00000e+00  1.91203e-01 
 4.64138e-03  8.51483e-04  0.00000e+00  3.47944e+00  1.00000e-05  3.50699e+02  3.60062e+02  3.31984e+00  3.32022e+00  6.02630e-17  4.09697e-09  3.48504e+03  0.00000e+00 -4.06525e-05  1.08630e+04  0.00000e+00  1.08630e+04  8.24296e+00 -4.54676e+04  4.66900e-14  4.66900e-08 -4.09697e-09  0.00000e+00  1.95896e-01 
 4.69084e-03  1.08931e-03  0.00000e+00  3.47944e+00  1.00000e-05  3.50717e+02  3.60062e+02  3.31715e+00  3.31753e+00  6.50989e-17  4.08398e-09  3.48504e+03  0.00000e+00 -4.09464e-05  1.08490e+04  0.00000e+00  1.08490e+04  8.21682e+00 -4.56812e+04  4.65372e-14  4.65372e-08 -4.08398e-09  0.00000e+00  2.02225e-01 
 4.75174e-03  1.32727e-03  1.05001e-20  3.47944e+00  1.00000e-05  3.50741e+02  3.60062e+02  3.31357e+00  3.31395e+00  1.42533e-16  4.02733e-09  3.48504e+03  0.00000e+00 -4.10616e-05  1.02044e+04  0.00000e+00  1.02044e+04  8.10285e+00 -4.64083e+04  4.60730e-14  4.60730e-08 -4.02733e-09  0.00000e+00  2.10255e-01 
 4.82366e-03  1.56534e-03  0.00000e+00  3.47944e+00  1.00000e-05  3.50768e+02  3.60062e+02  3.30955e+00  3.30993e+00  1.16552e-16  3.96815e-09  3.48504e+03  0.00000e+00 -4.10550e-05  1.06361e+04  0.00000e+00  1.06361e+04  7.98379e+00 -4.75821e+04  4.53767e-14  4.53767e-08 -3.96815e-09  0.00000e+00  2.20086e-01 
 4.90611e-03  1.80349e-03  8.81027e-21  3.47944e+00  1.00000e-05  3.50801e+02  3.60062e+02  3.30488e+00  3.30527e+00  7.51543e-17  3.95552e-09  3.48504e+03  0.00000e+00 -4.16291e-05  4.92111e+02  0.00000e+00  4.92111e+02  7.95837e+00 -4.78393e+04  4.52276e-14  4.52276e-08 -3.95552e-09  0.00000e+00  2.31855e-01 
 4.99859e-03  2.04170e-03  0.00000e+00  3.47944e+00  1.00000e-05  3.50838e+02  3.60062e+02  3.29951e+00  3.29989e+00  8.48630e-17  3.95042e-09  3.48504e+03  0.00000e+00 -4.23766e-05  4.35139e+03  0.00000e+00  4.35139e+03  7.94811e+00 -4.79891e+04  4.51670e-14  4.51670e-08 -3.95042e-09  0.00000e+00  2.45704e-01 
 5.10055e-03  2.27996e-03  7.58893e-21  3.47944e+00  1.00000e-05  3.50881e+02  3.60062e+02  3.29323e+00  3.29362e+00  8.03611e-17  3.93400e-09  3.48504e+03  0.00000e+00 -4.30863e-05  4.77329e+03  0.00000e+00  4.77329e+03  7.91510e+00 -4.84001e+04  4.49735e-14  4.49735e-08 -3.93400e-09  0.00000e+00  2.61773e-01 
 5.21143e-03  2.51826e-03  7.09702e-21  3.47944e+00  1.00000e-05  3.50928e+02  3.60062e+02  3.28620e+00  3.28658e+00  7.79636e-17  3.92431e-09  3.48505e+03  0.00000e+00 -4.39531e-05  4.85870e+03  0.00000e+00  4.85870e+03  7.89559e+00 -4.86191e+04  4.48589e-14  4.48589e-08 -3.92431e-09  0.00000e+00  2.80222e-01 
 5.33068e-03  2.75659e-03  1.33300e-20  3.47944e+00  1.00000e-05  3.50979e+02  3.60062e+02  3.27844e+00  3.27882e+00  8.05823e-17  3.92780e-09  3.48505e+03  0.00000e+00 -4.50550e-05  4.69389e+03  0.00000e+00  4.69389e+03  7.90262e+00 -4.85458e+04  4.48991e-14  4.48991e-08 -3.92780e-09  0.00000e+00  3.01244e-01 
 5.45775e-03  2.99495e-03  1.25651e-20  3.47944e+00  1.00000e-05  3.51036e+02  3.60062e+02  3.26983e+00  3.27021e+00  8.57403e-17  3.94201e-09  3.48505e+03  0.00000e+00 -4.63711e-05  4.40930e+03  0.00000e+00  4.40930e+03  7.93121e+00 -4.82699e+04  4.50655e-14  4.50655e-08 -3.94201e-09  0.00000e+00  3.25063e-01 
 5.59212e-03  3.23333e-03  0.00000e+00  3.47944e+00  1.00000e-05  3.51098e+02  3.60063e+02  3.26003e+00  3.26041e+00  8.80342e-17  3.94582e-09  3.48505e+03  0.00000e+00 -4.76449e-05  4.36399e+03  0.00000e+00  4.36399e+03  7.93888e+00 -4.82332e+04  4.51098e-14  4.51098e-08 -3.94582e-09  0.00000e+00  3.51876e-01 
 5.73326e-03  3.47172e-03  0.00000e+00  3.47944e+00  1.00000e-05  3.51165e+02  3.60063e+02  3.24959e+00  3.24997e+00  8.76313e-17  3.94143e-09  3.48505e+03 6.97014e-279 -4.88920e-05  4.44570e+03  0.00000e+00  4.44570e+03  7.93006e+00 -4.83734e+04  4.50580e-14  4.50580e-08 -3.94143e-09  0.00000e+00  3.81928e-01 
 5.88069e-03  3.71014e-03 -5.35987e-21  3.47944e+00  1.00000e-05  3.51237e+02  3.60063e+02  3.23806e+00  3.23843e+00  8.68558e-17  3.94210e-09  3.48505e+03 4.11214e-263 -5.02787e-05  4.48069e+03  0.00000e+00  4.48069e+03  7.93141e+00 -4.84546e+04  4.50659e-14  4.50659e-08 -3.94210e-09  0.00000e+00  4.15577e-01 
 6.03395e-03  3.94857e-03  5.10973e-21  3.47944e+00  1.00000e-05  3.51314e+02  3.60063e+02  3.22547e+00  3.22585e+00  8.44149e-17  3.94048e-09  3.48506e+03 7.46756e-248 -5.17084e-05  4.52999e+03  0.00000e+00  4.52999e+03  7.92815e+00 -4.85606e+04  4.50470e-14  4.50470e-08 -3.94048e-09  0.00000e+00  4.53129e-01 
 6.19261e-03  4.18701e-03  0.00000e+00  3.47944e+00  1.00000e-05  3.51396e+02  3.60063e+02  3.21183e+00  3.21221e+00  7.15215e-17  3.93150e-09  3.48506e+03 3.77153e-233 -5.31088e-05  2.31221e+03  0.00000e+00  2.31221e+03  7.91010e+00 -4.87941e+04  4.49419e-14  4.49419e-08 -3.93150e-09  0.00000e+00  4.94986e-01 
 6.35626e-03  4.42546e-03  0.00000e+00  3.47944e+00  1.00000e-05  3.51484e+02  3.60063e+02  3.19692e+00  3.19729e+00  7.99399e-17  3.91805e-09  3.48506e+03 4.85129e-219 -5.45118e-05  4.87826e+03  0.00000e+00  4.87826e+03  7.88303e+00 -4.92016e+04  4.47844e-14  4.47844e-08 -3.91805e-09  0.00000e+00  5.41599e-01 
 6.52453e-03  4.66392e-03 -8.96437e-21  3.47944e+00  1.00000e-05  3.51577e+02  3.60063e+02  3.18089e+00  3.18126e+00  1.09336e-16  3.92789e-09  3.48506e+03 1.50537e-205 -5.63205e-05  1.03556e+04  0.00000e+00  1.03556e+04  7.90284e+00 -4.96260e+04  4.49009e-14  4.49009e-08 -3.92789e-09  0.00000e+00  5.93458e-01 
 6.69707e-03  4.90238e-03  1.72236e-20  3.47944e+00  1.00000e-05  3.51676e+02  3.60063e+02  3.16354e+00  3.16391e+00  5.01243e-17  4.27662e-09  3.48507e+03 1.21393e-192 -6.31268e-05  1.03519e+04  0.00000e+00  1.03519e+04  8.60449e+00 -4.67141e+04  4.88127e-14  4.88127e-08 -4.27662e-09  0.00000e+00  6.51299e-01 
 6.87356e-03  5.14086e-03  8.28595e-21  3.47944e+00  1.00000e-05  3.51781e+02  3.60063e+02  3.14491e+00  3.14527e+00  1.07271e-16  3.52976e-09  3.48507e+03 2.56808e-180 -5.36738e-05  9.64396e+03  0.00000e+00  9.64396e+03  7.10183e+00 -5.88334e+04  4.02344e-14  4.02344e-08 -3.52976e-09  0.00000e+00  7.15894e-01 
 7.05370e-03  5.37934e-03 -1.59677e-20  3.47944e+00  1.00000e-05  3.51893e+02  3.60063e+02  3.12474e+00  3.12511e+00  4.80533e-16  3.06782e-09  3.48507e+03 1.52980e-168 -4.81598e-05  2.51511e+04  0.00000e+00  2.51511e+04  6.17244e+00 -7.03690e+04  3.49782e-14  3.49782e-08 -3.06782e-09  0.00000e+00  7.88264e-01 
 7.23722e-03  5.61783e-03  0.00000e+00  3.47944e+00  1.00000e-05  3.52011e+02  3.60049e+02  3.10280e+00  3.10317e+00  2.51537e-15  2.35834e-09  3.48434e+03 2.69922e-157 -3.83353e-05  8.91481e+02  0.00000e+00  8.91481e+02  4.74402e+00 -1.14814e+05  2.69603e-14  2.69603e-08 -2.35834e-09  0.00000e+00  8.69551e-01 
 7.42387e-03  5.85632e-03  0.00000e+00  3.47944e+00  1.00000e-05  3.52137e+02  3.60048e+02  3.07936e+00  3.07972e+00  1.34215e-14  1.05770e-08  3.48429e+03 1.54678e-146 -1.77239e-04 -2.00777e+04  0.00000e+00 -2.00777e+04  2.12764e+01 -2.56127e+04  1.20617e-13  1.20617e-07 -1.05770e-08  0.00000e+00  9.61233e-01 
 7.61342e-03  6.09482e-03  0.00000e+00  3.47944e+00  1.00000e-05  3.52270e+02  3.60063e+02  3.05385e+00  3.05419e+00  7.16491e-14  5.70120e-08  3.48509e+03 3.63547e-136 -9.87069e-04  9.79584e+03  0.00000e+00  9.79584e+03  1.14686e+02  1.43376e+04  6.49689e-13  6.49689e-07 -5.70120e-08  0.00000e+00  1.06535e+00 
 7.80566e-03  6.33332e-03  0.00000e+00  3.47944e+00  1.00000e-05  3.52413e+02  3.60063e+02  3.02671e+00  3.02702e+00  3.93953e-13  3.02404e-07  3.48509e+03 3.35105e-126 -5.42279e-03  9.68485e+03  0.00000e+00  9.68485e+03  6.08214e+02  5.48348e+03  3.44833e-12  3.44833e-06 -3.02404e-07  0.00000e+00  1.18451e+00 
 8.00039e-03  6.57182e-03  0.00000e+00  3.47944e+00  1.00000e-05  3.52565e+02  3.60063e+02  2.99712e+00  2.99742e+00  2.20618e-12  1.63661e-06  3.48510e+03 1.31055e-116 -3.04474e-02  9.56677e+03  0.00000e+00  9.56674e+03  3.29167e+03  9.24249e+02  1.86764e-11  1.86764e-05 -1.63666e-06  0.00000e+00  1.32235e+00 
 8.19744e-03  6.81033e-03  1.31016e-20  3.47944e+00  1.00000e-05  3.52728e+02  3.60063e+02  2.96523e+00  2.96551e+00  1.20701e-11  9.30970e-06  3.48510e+03 2.24890e-107 -1.80167e-01  9.52437e+03  0.00000e+00  9.52419e+03  1.87298e+04  2.82540e+04  1.06386e-10  1.06386e-04 -9.31022e-06  0.00000e+00  1.48353e+00 
 8.39664e-03  7.04884e-03  0.00000e+00  3.47944e+00  1.00000e-05  3.52904e+02  3.60063e+02  2.93020e+00  2.93048e+00  6.41299e-11  5.18839e-05  3.48510e+03  2.38972e-98 -1.04667e+00  1.34931e+04  0.00000e+00  1.34921e+04  1.04399e+05  1.17891e+05  5.93887e-10  5.93887e-04 -5.18872e-05  0.00000e+00  1.67498e+00 
 8.59784e-03  7.28736e-03  0.00000e+00  3.47944e+00  1.00000e-05  3.53095e+02  3.60060e+02  2.89166e+00  2.89194e+00  3.30227e-10  2.83205e-04  3.48492e+03  1.64438e-89 -5.96952e+00  1.98311e+04  0.00000e+00  1.98251e+04  5.69825e+05  5.89650e+05  3.24787e-09  3.24787e-03 -2.83223e-04  0.00000e+00  1.90509e+00 
 8.80092e-03  7.52587e-03  0.00000e+00  3.47944e+00  1.00000e-05  3.53304e+02  3.60051e+02  2.84886e+00  2.84914e+00  1.64864e-09  1.51681e-03  3.48444e+03  8.50130e-81 -3.35244e+01  1.42286e+04  0.00000e+00  1.41951e+04  3.05150e+06  3.06570e+06  1.74338e-08  1.74338e-02 -1.51691e-03  0.00000e+00  2.18783e+00 
 9.00573e-03  7.76439e-03 -1.17014e-20  3.47944e+00  1.00000e-05  3.53535e+02  3.60047e+02  2.80140e+00  2.80169e+00  7.60312e-09  8.04763e-03  3.48424e+03  3.67861e-72 -1.85313e+02  9.04211e+03  0.00000e+00  8.85679e+03  1.61891e+07  1.61980e+07  9.17394e-08  9.17394e-02 -8.04819e-03  0.00000e+00  2.54362e+00 
 9.21216e-03  8.00291e-03  0.00000e+00  3.47944e+00  1.00000e-05  3.53793e+02  3.60047e+02  2.74738e+00  2.74767e+00  3.69188e-08  4.16434e-02  3.48427e+03  1.64981e-63 -1.01620e+03  8.68038e+03  0.00000e+00  7.66417e+03  8.37733e+07  8.37809e+07  4.76258e-07  4.76258e-01 -4.16464e-02  0.00000e+00  3.00873e+00 
 9.42012e-03  8.24144e-03  0.00000e+00  3.47944e+00  1.00000e-05  3.54088e+02  3.60048e+02  2.68549e+00  2.68579e+00  1.77075e-07  2.10640e-01  3.48430e+03  8.40359e-55 -5.49146e+03  7.71333e+03  0.00000e+00  2.22187e+03  1.75181e+08  1.75183e+08  2.41891e-06  1.00000e+00 -2.10656e-01  0.00000e+00  3.64053e+00 
 9.62949e-03  8.47996e-03  0.00000e+00  3.47944e+00  1.00000e-05  3.54433e+02  3.60049e+02  2.60919e+00  2.60955e+00  7.40204e-07  1.06258e+00  3.48435e+03  3.16139e-39 -2.59578e+04  7.39661e+03  0.00000e+00 -1.85612e+04  1.63062e+08  1.63044e+08  1.21310e-05  1.00000e+00 -1.06267e+00  0.00000e+00  4.54450e+00 
 9.84019e-03  8.71849e-03  0.00000e+00  3.47944e+00  1.00000e-05  3.54853e+02  3.60050e+02  2.52333e+00  2.52373e+00  3.14544e-06  5.20150e+00  3.48439e+03  5.28202e-29 -1.31636e+05  6.40849e+03  0.00000e+00 -1.25228e+05  1.57970e+08  1.57845e+08  5.93903e-05  1.00000e+00 -5.20195e+00  0.00000e+00  5.98104e+00 
 1.00521e-02  8.95702e-03  0.00000e+00  3.47944e+00  1.00000e-05  3.55394e+02  3.60050e+02  2.39900e+00  2.39950e+00  1.34186e-05  2.59701e+01  3.48443e+03  2.17309e-19 -6.91000e+05  5.32069e+03  0.00000e+00 -6.85679e+05  1.55506e+08  1.54820e+08  2.92346e-04  1.00000e+00 -2.59726e+01  0.00000e+00  8.55418e+00 
 1.02653e-02  9.19555e-03  0.00000e+00  3.47944e+00  1.00000e-05  3.56154e+02  3.60051e+02  2.24417e+00  2.24488e+00  7.04955e-05  1.29357e+02  3.48447e+03  1.16586e-09 -3.90589e+06  4.64732e+03  0.00000e+00 -3.90124e+06  1.51605e+08  1.47704e+08  1.45270e-03  1.00000e+00 -1.29372e+02  0.00000e+00  1.48720e+01 
 1.04795e-02  9.43408e-03  0.00000e+00  3.47944e+00  1.00000e-05  3.57436e+02  3.60052e+02  1.90230e+00  1.90282e+00  5.19125e-04  7.00949e+02  3.48451e+03  1.94104e+00 -2.99096e+07  4.01237e+03  3.22647e+08  2.92741e+08 -9.65288e+07  1.96212e+08  8.66498e-03  1.00000e+00 -7.01255e+02  1.04471e+03  3.80433e+01 
