# Code_Saturne plot output (1D profile)
#
# Iteration output: 2386
# Time output:      2.30033e+01
#
#COLUMN_TITLES: Distance | X | Y | Z | diameter_Field2 | temp_Field1 | temp_Field2 | Velocity_Field1[Z] | Velocity_Field2[Z] | vol_f_Field2 | mass_trans_Field1 | Xd_Field2 | BK | COAL | COMP | NUCL | W1 | MT | SMBR | ALPBB | CONDNUM | GAMA | GAMANUC | epsilon_Field1
 4.56474e-03  1.39645e-04  0.00000e+00  3.47944e+00  7.96213e-05  3.59736e+02  3.60053e+02  4.73054e+00  4.74418e+00  7.06413e-02  1.02682e+02  4.37662e+02  9.39372e-01 -1.76247e+06  2.68092e+03  0.00000e+00 -1.75979e+06  3.33844e+05 -1.42595e+06  7.06347e-02  1.00000e+00 -1.02683e+02  0.00000e+00  4.50738e-01 
 4.57812e-03  3.76525e-04  4.25872e-21  3.47944e+00  1.16054e-04  3.59736e+02  3.60053e+02  4.73013e+00  4.75238e+00  7.15087e-02  6.22294e+01  3.00266e+02  2.38992e+03 -9.38716e+05  1.84145e+03  0.00000e+00 -9.34484e+05  1.37120e+05 -7.97365e+05  7.15024e-02  1.00000e+00 -6.22297e+01  0.00000e+00  4.56480e-01 
 4.60371e-03  6.13858e-04  0.00000e+00  3.47944e+00  1.44536e-04  3.59738e+02  3.60053e+02  4.72877e+00  4.75777e+00  7.32250e-02  4.73407e+01  2.41096e+02  2.76963e+04 -6.63929e+05  1.48001e+03  0.00000e+00 -6.34752e+05  8.17924e+04 -5.52960e+05  7.32189e-02  1.00000e+00 -4.73408e+01  0.00000e+00  4.67686e-01 
 4.64138e-03  8.51483e-04  0.00000e+00  3.47944e+00  1.65342e-04  3.59742e+02  3.60053e+02  4.72676e+00  4.76062e+00  7.56865e-02  4.06530e+01  2.10758e+02  7.76896e+04 -5.50245e+05  1.29452e+03  0.00000e+00 -4.71261e+05  5.94007e+04 -4.11860e+05  7.56809e-02  1.00000e+00 -4.06531e+01  0.00000e+00  4.84570e-01 
 4.69084e-03  1.08931e-03  0.00000e+00  3.47944e+00  1.79993e-04  3.59747e+02  3.60053e+02  4.72404e+00  4.76122e+00  7.89484e-02  3.74944e+01  1.93602e+02  1.33186e+05 -5.02826e+05  1.18949e+03  0.00000e+00 -3.68451e+05  4.82457e+04 -3.20205e+05  7.89437e-02  1.00000e+00 -3.74945e+01  0.00000e+00  5.07459e-01 
 4.75174e-03  1.32727e-03  1.05001e-20  3.47944e+00  1.90027e-04  3.59754e+02  3.60053e+02  4.72059e+00  4.75991e+00  8.30386e-02  3.61512e+01  1.83380e+02  1.86353e+05 -4.89973e+05  1.12658e+03  0.00000e+00 -3.02494e+05  4.18899e+04 -2.60604e+05  8.30348e-02  1.00000e+00 -3.61513e+01  0.00000e+00  5.36866e-01 
 4.82366e-03  1.56534e-03  0.00000e+00  3.47944e+00  1.96853e-04  3.59762e+02  3.60053e+02  4.71636e+00  4.75701e+00  8.79933e-02  3.58276e+01  1.77021e+02  2.37922e+05 -4.98465e+05  1.08707e+03  0.00000e+00 -2.59457e+05  3.78179e+04 -2.21639e+05  8.79906e-02  1.00000e+00 -3.58277e+01  0.00000e+00  5.73478e-01 
 4.90611e-03  1.80349e-03  8.81027e-21  3.47944e+00  2.01566e-04  3.59772e+02  3.60053e+02  4.71130e+00  4.75271e+00  9.38512e-02  3.60967e+01  1.72882e+02  2.90697e+05 -5.22194e+05  1.06093e+03  0.00000e+00 -2.30436e+05  3.48876e+04 -1.95548e+05  9.38499e-02  1.00000e+00 -3.60969e+01  0.00000e+00  6.18161e-01 
 4.99859e-03  2.04170e-03  0.00000e+00  3.47944e+00  2.04935e-04  3.59784e+02  3.60053e+02  4.70534e+00  4.74711e+00  1.00643e-01  3.66996e+01  1.70040e+02  3.47242e+05 -5.58213e+05  1.04255e+03  0.00000e+00 -2.09929e+05  3.25322e+04 -1.77397e+05  1.00643e-01  1.00000e+00 -3.66997e+01  0.00000e+00  6.71977e-01 
 5.10055e-03  2.27996e-03  7.58893e-21  3.47944e+00  2.07485e-04  3.59797e+02  3.60053e+02  4.69838e+00  4.74028e+00  1.08394e-01  3.74604e+01  1.67950e+02  4.09454e+05 -6.05076e+05  1.02857e+03  0.00000e+00 -1.94593e+05  3.04528e+04 -1.64140e+05  1.08395e-01  1.00000e+00 -3.74605e+01  0.00000e+00  7.36195e-01 
 5.21143e-03  2.51826e-03  7.09702e-21  3.47944e+00  2.09578e-04  3.59811e+02  3.60053e+02  4.69030e+00  4.73219e+00  1.17116e-01  3.82419e+01  1.66272e+02  4.78588e+05 -6.62008e+05  1.01690e+03  0.00000e+00 -1.82404e+05  2.84856e+04 -1.53918e+05  1.17117e-01  1.00000e+00 -3.82421e+01  0.00000e+00  8.12306e-01 
 5.33068e-03  2.75659e-03  1.33300e-20  3.47944e+00  2.11472e-04  3.59825e+02  3.60053e+02  4.68097e+00  4.72276e+00  1.26799e-01  3.89260e+01  1.64784e+02  5.55302e+05 -7.28427e+05  1.00615e+03  0.00000e+00 -1.72119e+05  2.65411e+04 -1.45578e+05  1.26800e-01  1.00000e+00 -3.89262e+01  0.00000e+00  9.02036e-01 
 5.45775e-03  2.99495e-03  1.25651e-20  3.47944e+00  2.13360e-04  3.59841e+02  3.60052e+02  4.67022e+00  4.71187e+00  1.37416e-01  3.94072e+01  1.63326e+02  6.39677e+05 -8.03679e+05  9.95339e+02  0.00000e+00 -1.63006e+05  2.45742e+04 -1.38432e+05  1.37415e-01  1.00000e+00 -3.94075e+01  0.00000e+00  1.00734e+00 
 5.59212e-03  3.23333e-03  0.00000e+00  3.47944e+00  2.15394e-04  3.59857e+02  3.60052e+02  4.65786e+00  4.69935e+00  1.48901e-01  3.95905e+01  1.61783e+02  7.31211e+05 -8.86790e+05  9.83732e+02  0.00000e+00 -1.54595e+05  2.25691e+04 -1.32026e+05  1.48900e-01  1.00000e+00 -3.95907e+01  0.00000e+00  1.13043e+00 
 5.73326e-03  3.47172e-03  0.00000e+00  3.47944e+00  2.17698e-04  3.59873e+02  3.60052e+02  4.64367e+00  4.68501e+00  1.61177e-01  3.93988e+01  1.60072e+02  8.28787e+05 -9.76458e+05  9.70805e+02  0.00000e+00 -1.46700e+05  2.05297e+04 -1.26170e+05  1.61175e-01  1.00000e+00 -3.93990e+01  0.00000e+00  1.27368e+00 
 5.88069e-03  3.71014e-03 -5.35987e-21  3.47944e+00  2.20362e-04  3.59889e+02  3.60053e+02  4.62741e+00  4.66864e+00  1.74123e-01  3.87749e+01  1.58136e+02  9.30766e+05 -1.07092e+06  9.56163e+02  0.00000e+00 -1.39202e+05  1.84762e+04 -1.20726e+05  1.74122e-01  1.00000e+00 -3.87751e+01  0.00000e+00  1.43971e+00 
 6.03395e-03  3.94857e-03  5.10973e-21  3.47944e+00  2.23454e-04  3.59905e+02  3.60053e+02  4.60882e+00  4.64997e+00  1.87604e-01  3.76888e+01  1.55949e+02  1.03504e+06 -1.16808e+06  9.39632e+02  0.00000e+00 -1.32106e+05  1.64375e+04 -1.15668e+05  1.87604e-01  1.00000e+00 -3.76891e+01  0.00000e+00  1.63121e+00 
 6.19261e-03  4.18701e-03  0.00000e+00  3.47944e+00  2.27000e-04  3.59920e+02  3.60053e+02  4.58768e+00  4.62879e+00  2.01435e-01  3.61389e+01  1.53512e+02  1.13936e+06 -1.26555e+06  9.21217e+02  0.00000e+00 -1.25272e+05  1.44500e+04 -1.10822e+05  2.01435e-01  1.00000e+00 -3.61392e+01  0.00000e+00  1.85101e+00 
 6.35626e-03  4.42546e-03  0.00000e+00  3.47944e+00  2.31000e-04  3.59935e+02  3.60053e+02  4.56375e+00  4.60486e+00  2.15476e-01  3.41607e+01  1.50854e+02  1.24137e+06 -1.36124e+06  9.01082e+02  0.00000e+00 -1.18971e+05  1.25480e+04 -1.06423e+05  2.15474e-01  1.00000e+00 -3.41610e+01  0.00000e+00  2.10185e+00 
 6.52453e-03  4.66392e-03 -8.96437e-21  3.47944e+00  2.35399e-04  3.59950e+02  3.60053e+02  4.53684e+00  4.57799e+00  2.29501e-01  3.18087e+01  1.48036e+02  1.33930e+06 -1.45310e+06  8.79575e+02  0.00000e+00 -1.12919e+05  1.07651e+04 -1.02154e+05  2.29500e-01  1.00000e+00 -3.18090e+01  0.00000e+00  2.38670e+00 
 6.69707e-03  4.90238e-03  1.72236e-20  3.47944e+00  2.40118e-04  3.59963e+02  3.60053e+02  4.50680e+00  4.54800e+00  2.43402e-01  2.91638e+01  1.45126e+02  1.43165e+06 -1.54006e+06  8.57131e+02  0.00000e+00 -1.07553e+05  9.12336e+03 -9.84301e+04  2.43400e-01  1.00000e+00 -2.91641e+01  0.00000e+00  2.70834e+00 
 6.87356e-03  5.14086e-03  8.28595e-21  3.47944e+00  2.45014e-04  3.59977e+02  3.60053e+02  4.47355e+00  4.51480e+00  2.56963e-01  2.63082e+01  1.42227e+02  1.51826e+06 -1.62151e+06  8.34349e+02  0.00000e+00 -1.02422e+05  7.63993e+03 -9.47825e+04  2.56961e-01  1.00000e+00 -2.63085e+01  0.00000e+00  3.07028e+00 
 7.05370e-03  5.37934e-03 -1.59677e-20  3.47944e+00  2.49946e-04  3.59989e+02  3.60053e+02  4.43702e+00  4.47831e+00  2.70153e-01  2.33281e+01  1.39421e+02  1.59917e+06 -1.69817e+06  8.11747e+02  0.00000e+00 -9.81937e+04  6.31667e+03 -9.18770e+04  2.70151e-01  1.00000e+00 -2.33285e+01  0.00000e+00  3.47597e+00 
 7.23722e-03  5.61783e-03  0.00000e+00  3.47944e+00  2.54693e-04  3.60001e+02  3.60053e+02  4.39720e+00  4.43848e+00  2.82786e-01  2.02937e+01  1.36823e+02  1.67635e+06 -1.77131e+06  7.89978e+02  0.00000e+00 -9.41654e+04  5.15174e+03 -8.90136e+04  2.82783e-01  1.00000e+00 -2.02941e+01  0.00000e+00  3.93097e+00 
 7.42387e-03  5.85632e-03  0.00000e+00  3.47944e+00  2.59093e-04  3.60012e+02  3.60053e+02  4.35396e+00  4.39516e+00  2.94947e-01  1.72606e+01  1.34499e+02  1.75118e+06 -1.84337e+06  7.69428e+02  0.00000e+00 -9.14298e+04  4.12978e+03 -8.73001e+04  2.94943e-01  1.00000e+00 -1.72610e+01  0.00000e+00  4.44076e+00 
 7.61342e-03  6.09482e-03  0.00000e+00  3.47944e+00  2.62880e-04  3.60022e+02  3.60053e+02  4.30729e+00  4.34832e+00  3.06456e-01  1.42617e+01  1.32562e+02  1.82770e+06 -1.91729e+06  7.50644e+02  0.00000e+00 -8.88418e+04  3.23684e+03 -8.56050e+04  3.06451e-01  1.00000e+00 -1.42621e+01  0.00000e+00  5.01583e+00 
 7.80566e-03  6.33332e-03  0.00000e+00  3.47944e+00  2.65927e-04  3.60032e+02  3.60053e+02  4.25683e+00  4.29754e+00  3.17512e-01  1.13077e+01  1.31044e+02  1.90780e+06 -1.99664e+06  7.33784e+02  0.00000e+00 -8.81144e+04  2.44861e+03 -8.56658e+04  3.17515e-01  1.00000e+00 -1.13080e+01  0.00000e+00  5.66567e+00 
 8.00039e-03  6.57182e-03  0.00000e+00  3.47944e+00  2.67946e-04  3.60041e+02  3.60054e+02  4.20255e+00  4.24279e+00  3.27923e-01  8.38973e+00  1.30057e+02  1.99766e+06 -2.08588e+06  7.19269e+02  0.00000e+00 -8.75034e+04  1.74584e+03 -8.57576e+04  3.27926e-01  1.00000e+00 -8.39009e+00  0.00000e+00  6.41074e+00 
 8.19744e-03  6.81033e-03  1.31016e-20  3.47944e+00  2.68894e-04  3.60050e+02  3.60054e+02  4.14348e+00  4.18303e+00  3.38004e-01  5.47340e+00  1.29599e+02  2.09905e+06 -2.18939e+06  7.06988e+02  0.00000e+00 -8.96392e+04  1.10114e+03 -8.85380e+04  3.38007e-01  1.00000e+00 -5.47377e+00  0.00000e+00  7.26737e+00 
 8.39664e-03  7.04884e-03  0.00000e+00  3.47944e+00  2.68457e-04  3.60059e+02  3.60054e+02  4.07997e+00  4.11863e+00  3.47488e-01  2.50792e+00  1.29811e+02  2.22156e+06 -2.31428e+06  6.97369e+02  0.00000e+00 -9.20183e+04  4.91617e+02 -9.15266e+04  3.47492e-01  1.00000e+00 -2.50831e+00  0.00000e+00  8.27695e+00 
 8.59784e-03  7.28736e-03  0.00000e+00  3.47944e+00  2.66690e-04  3.60067e+02  3.60054e+02  4.00942e+00  4.04693e+00  3.56793e-01 -1.38404e+00  1.30672e+02  2.36708e+06 -2.46634e+06  6.90073e+02  0.00000e+00 -9.85689e+04 -2.65816e+02 -9.88347e+04  3.56796e-01  1.00000e+00  1.38338e+00  0.00000e+00  9.46868e+00 
 8.80092e-03  7.52587e-03  0.00000e+00  3.47944e+00  2.63215e-04  3.60075e+02  3.60055e+02  3.93403e+00  3.97014e+00  3.65600e-01 -8.87821e+00  1.32398e+02  2.55257e+06 -2.65901e+06  6.85715e+02  0.00000e+00 -1.05758e+05 -1.68671e+03 -1.07444e+05  3.65604e-01  1.00000e+00  8.87752e+00  0.00000e+00  1.09341e+01 
 9.00573e-03  7.76439e-03 -1.17014e-20  3.47944e+00  2.58103e-04  3.60084e+02  3.60055e+02  3.84629e+00  3.88071e+00  3.74385e-01 -1.76994e+01  1.35021e+02  2.78332e+06 -2.90424e+06  6.83863e+02  0.00000e+00 -1.20233e+05 -3.34890e+03 -1.23582e+05  3.74388e-01  1.00000e+00  1.76987e+01  0.00000e+00  1.27341e+01 
 9.21216e-03  8.00291e-03  0.00000e+00  3.47944e+00  2.50739e-04  3.60094e+02  3.60055e+02  3.75456e+00  3.78699e+00  3.82831e-01 -2.90882e+01  1.38987e+02  3.09686e+06 -3.23562e+06  6.86037e+02  0.00000e+00 -1.38079e+05 -5.54051e+03 -1.43620e+05  3.82835e-01  1.00000e+00  2.90874e+01  0.00000e+00  1.51018e+01 
 9.42012e-03  8.24144e-03  0.00000e+00  3.47944e+00  2.41208e-04  3.60106e+02  3.60056e+02  3.63786e+00  3.66798e+00  3.91408e-01 -4.53943e+01  1.44480e+02  3.51377e+06 -3.68552e+06  6.91109e+02  0.00000e+00 -1.71056e+05 -8.79123e+03 -1.79847e+05  3.91412e-01  1.00000e+00  4.53936e+01  0.00000e+00  1.82112e+01 
 9.62949e-03  8.47996e-03  0.00000e+00  3.47944e+00  2.28517e-04  3.60124e+02  3.60056e+02  3.51965e+00  3.54713e+00  3.99940e-01 -7.17949e+01  1.52505e+02  4.13734e+06 -4.35355e+06  7.03150e+02  0.00000e+00 -2.15515e+05 -1.43634e+04 -2.29878e+05  3.99944e-01  1.00000e+00  7.17941e+01  0.00000e+00  2.27984e+01 
 9.84019e-03  8.71849e-03  0.00000e+00  3.47944e+00  2.12520e-04  3.60151e+02  3.60057e+02  3.34691e+00  3.37145e+00  4.08664e-01 -1.20697e+02  1.63987e+02  5.08071e+06 -5.37685e+06  7.18931e+02  0.00000e+00 -2.95417e+05 -2.54105e+04 -3.20827e+05  4.08667e-01  1.00000e+00  1.20696e+02  0.00000e+00  2.96939e+01 
 1.00521e-02  8.95702e-03  0.00000e+00  3.47944e+00  1.91347e-04  3.60202e+02  3.60057e+02  3.16723e+00  3.18860e+00  4.17551e-01 -2.31220e+02  1.82134e+02  6.80071e+06 -7.20016e+06  7.49200e+02  0.00000e+00 -3.98700e+05 -5.29155e+04 -4.51616e+05  4.17555e-01  1.00000e+00  2.31219e+02  0.00000e+00  4.25162e+01 
 1.02653e-02  9.19555e-03  0.00000e+00  3.47944e+00  1.65121e-04  3.60322e+02  3.60058e+02  2.85005e+00  2.86677e+00  4.27055e-01 -5.56741e+02  2.11065e+02  1.02831e+07 -1.07411e+07  7.76307e+02  0.00000e+00 -4.57223e+05 -1.44366e+05 -6.01589e+05  4.27058e-01  1.00000e+00  5.56740e+02  0.00000e+00  7.04350e+01 
 1.04795e-02  9.43408e-03  0.00000e+00  3.47944e+00  1.36333e-04  3.60757e+02  3.60059e+02  2.38610e+00  2.39436e+00  4.38914e-01 -5.39985e+03  2.55639e+02  1.97228e+07 -1.79114e+07  8.16142e+02  1.08725e+06  2.89938e+06 -2.94165e+06 -4.22670e+04  4.38912e-01  1.00000e+00  5.39985e+03  3.32615e+03  1.77761e+02 
