# Code_Saturne plot output (1D profile)
#
# Iteration output: 1404
# Time output:      2.30016e+01
#
#COLUMN_TITLES: Distance | X | Y | Z | diameter_Field2 | temp_Field1 | temp_Field2 | Velocity_Field1[Z] | Velocity_Field2[Z] | vol_f_Field2 | mass_trans_Field1 | Xd_Field2 | BK | COAL | COMP | NUCL | W1 | MT | SMBR | ALPBB | CONDNUM | GAMA | GAMANUC | epsilon_Field1
 4.56474e-03  1.39645e-04  0.00000e+00  3.47944e+00  1.00000e-05  3.55210e+02  3.60053e+02  3.56726e+00  3.56765e+00  2.91836e-16  4.69551e-09  3.48584e+03  0.00000e+00 -4.76773e-05  6.53346e+03  0.00000e+00  6.53346e+03  8.80281e+00  5.38663e+03  6.80749e-14  6.80749e-08 -4.69551e-09  0.00000e+00  2.25748e-01 
 4.57812e-03  3.76525e-04  4.25872e-21  3.47944e+00  1.00000e-05  3.55216e+02  3.60053e+02  3.56671e+00  3.56710e+00  3.44982e-16  4.68752e-09  3.48584e+03  0.00000e+00 -4.77503e-05  7.91285e+03  0.00000e+00  7.91285e+03  8.78785e+00  5.36565e+03  6.79605e-14  6.79605e-08 -4.68752e-09  0.00000e+00  2.27960e-01 
 4.60371e-03  6.13858e-04  0.00000e+00  3.47944e+00  1.00000e-05  3.55229e+02  3.60053e+02  3.56513e+00  3.56552e+00  4.53937e-16  4.78885e-09  3.48584e+03  0.00000e+00 -4.91240e-05  6.79712e+03  0.00000e+00  6.79712e+03  8.97781e+00  5.24159e+03  6.94789e-14  6.94789e-08 -4.78885e-09  0.00000e+00  2.32338e-01 
 4.64138e-03  8.51483e-04  0.00000e+00  3.47944e+00  1.00000e-05  3.55249e+02  3.60053e+02  3.56282e+00  3.56321e+00  4.34180e-16  4.80397e-09  3.48584e+03  0.00000e+00 -4.97505e-05  7.29008e+03  0.00000e+00  7.29008e+03  9.00617e+00  5.18783e+03  6.97184e-14  6.97184e-08 -4.80397e-09  0.00000e+00  2.38941e-01 
 4.69084e-03  1.08931e-03  0.00000e+00  3.47944e+00  1.00000e-05  3.55275e+02  3.60053e+02  3.55972e+00  3.56011e+00  3.87989e-16  4.80640e-09  3.48584e+03  0.00000e+00 -5.03956e-05  7.92709e+03  0.00000e+00  7.92709e+03  9.01071e+00  5.21172e+03  6.97741e-14  6.97741e-08 -4.80640e-09  0.00000e+00  2.47870e-01 
 4.75174e-03  1.32727e-03  1.05001e-20  3.47944e+00  1.00000e-05  3.55308e+02  3.60053e+02  3.55584e+00  3.55623e+00  3.98836e-16  4.80040e-09  3.48584e+03  0.00000e+00 -5.10999e-05  7.96540e+03  0.00000e+00  7.96540e+03  8.99948e+00  5.28324e+03  6.97115e-14  6.97115e-08 -4.80040e-09  0.00000e+00  2.59246e-01 
 4.82366e-03  1.56534e-03  0.00000e+00  3.47944e+00  1.00000e-05  3.55347e+02  3.60053e+02  3.55116e+00  3.55155e+00  4.72498e-16  4.88116e-09  3.48585e+03  0.00000e+00 -5.29149e-05  9.25764e+03  0.00000e+00  9.25764e+03  9.15088e+00  5.28479e+03  7.09503e-14  7.09503e-08 -4.88116e-09  0.00000e+00  2.73224e-01 
 4.90611e-03  1.80349e-03  8.81027e-21  3.47944e+00  1.00000e-05  3.55393e+02  3.60054e+02  3.54567e+00  3.54605e+00  5.41395e-16  4.89509e-09  3.48585e+03  0.00000e+00 -5.41867e-05  1.00504e+04  0.00000e+00  1.00504e+04  9.17698e+00  5.26161e+03  7.12457e-14  7.12457e-08 -4.89509e-09  0.00000e+00  2.89981e-01 
 4.99859e-03  2.04170e-03  0.00000e+00  3.47944e+00  1.00000e-05  3.55445e+02  3.60054e+02  3.53933e+00  3.53971e+00  6.06154e-16  4.36564e-09  3.48585e+03  0.00000e+00 -4.91344e-05  6.07409e+03  0.00000e+00  6.07409e+03  8.18442e+00  5.45841e+03  6.32172e-14  6.32172e-08 -4.36564e-09  0.00000e+00  3.09728e-01 
 5.10055e-03  2.27996e-03  7.58893e-21  3.47944e+00  1.00000e-05  3.55504e+02  3.60054e+02  3.53211e+00  3.53250e+00  2.87120e-15  2.93215e-09  3.48585e+03  0.00000e+00 -3.40407e-05  8.68498e+03  0.00000e+00  8.68498e+03  5.49705e+00 -3.62505e+02  4.27783e-14  4.27783e-08 -2.93215e-09  0.00000e+00  3.32696e-01 
 5.21143e-03  2.51826e-03  7.09702e-21  3.47944e+00  1.00000e-05  3.55570e+02  3.60054e+02  3.52397e+00  3.52436e+00  1.59063e-14  2.69458e-09  3.48585e+03  0.00000e+00 -3.20628e-05  9.39657e+03  0.00000e+00  9.39657e+03  5.05174e+00 -2.16961e+04  3.92904e-14  3.92904e-08 -2.69458e-09  0.00000e+00  3.59148e-01 
 5.33068e-03  2.75659e-03  1.33300e-20  3.47944e+00  1.00000e-05  3.55642e+02  3.60054e+02  3.51489e+00  3.51523e+00  9.90623e-14  1.20702e-08  3.48585e+03  0.00000e+00 -1.46054e-04  9.38048e+03  0.00000e+00  9.38048e+03  2.26290e+01 -4.89440e+03  1.74286e-13  1.74286e-07 -1.20702e-08  0.00000e+00  3.89368e-01 
 5.45775e-03  2.99495e-03  1.25651e-20  3.47944e+00  1.00000e-05  3.55720e+02  3.60054e+02  3.50479e+00  3.50508e+00  6.26648e-13  7.14022e-08  3.48585e+03 2.32938e-268 -8.90936e-04  9.29612e+03  0.00000e+00  9.29612e+03  1.33863e+02 -8.17699e+02  1.03405e-12  1.03405e-06 -7.14022e-08  0.00000e+00  4.23670e-01 
 5.59212e-03  3.23333e-03  0.00000e+00  3.47944e+00  1.00000e-05  3.55806e+02  3.60054e+02  3.49365e+00  3.49387e+00  4.13347e-12  4.41822e-07  3.48586e+03 1.10107e-252 -5.70925e-03  9.30013e+03  0.00000e+00  9.30013e+03  8.28317e+02 -1.24103e+02  6.43862e-12  6.43862e-06 -4.41822e-07  0.00000e+00  4.62401e-01 
 5.73326e-03  3.47172e-03  0.00000e+00  3.47944e+00  1.00000e-05  3.55897e+02  3.60054e+02  3.48142e+00  3.48161e+00  2.70194e-11  2.77107e-06  3.48586e+03 1.73570e-237 -3.69723e-02  9.29186e+03  0.00000e+00  9.29182e+03  5.19546e+03 -1.25573e+01  4.04814e-11  4.04814e-05 -2.77124e-06  0.00000e+00  5.05939e-01 
 5.88069e-03  3.71014e-03 -5.35987e-21  3.47944e+00  1.00000e-05  3.55995e+02  3.60054e+02  3.46803e+00  3.46822e+00  1.72047e-10  1.69323e-05  3.48586e+03 7.40493e-223 -2.33449e-01  9.54170e+03  0.00000e+00  9.54146e+03  3.17469e+04  4.12884e+04  2.47997e-10  2.47997e-04 -1.69337e-05  0.00000e+00  5.54715e-01 
 6.03395e-03  3.94857e-03  5.10973e-21  3.47944e+00  1.00000e-05  3.56100e+02  3.60053e+02  3.45347e+00  3.45365e+00  1.05991e-09  1.02676e-04  3.48585e+03 7.41648e-209 -1.44237e+00  1.01355e+04  0.00000e+00  1.01341e+04  1.92511e+05  2.02645e+05  1.48586e-09  1.48586e-03 -1.02685e-04  0.00000e+00  6.09205e-01 
 6.19261e-03  4.18701e-03  0.00000e+00  3.47944e+00  1.00000e-05  3.56211e+02  3.60052e+02  3.43768e+00  3.43785e+00  6.45803e-09  5.98524e-04  3.48579e+03 1.62940e-195 -8.70259e+00  9.56098e+03  0.00000e+00  9.55228e+03  1.12218e+06  1.13173e+06  8.68967e-09  8.68967e-03 -5.98577e-04  0.00000e+00  6.69978e-01 
 6.35626e-03  4.42546e-03  0.00000e+00  3.47944e+00  1.00000e-05  3.56328e+02  3.60051e+02  3.42061e+00  3.42078e+00  3.83655e-08  3.39925e-03  3.48575e+03 7.68071e-183 -5.11990e+01  9.17120e+03  0.00000e+00  9.12000e+03  6.37323e+06  6.38235e+06  4.95345e-08  4.95345e-02 -3.39956e-03  0.00000e+00  7.37682e-01 
 6.52453e-03  4.66392e-03 -8.96437e-21  3.47944e+00  1.00000e-05  3.56452e+02  3.60051e+02  3.40222e+00  3.40238e+00  2.21762e-07  1.87745e-02  3.48574e+03 7.96984e-171 -2.93164e+02  9.07257e+03  0.00000e+00  8.77940e+03  3.52002e+07  3.52090e+07  2.74727e-07  2.74727e-01 -1.87763e-02  0.00000e+00  8.13110e-01 
 6.69707e-03  4.90238e-03  1.72236e-20  3.47944e+00  1.00000e-05  3.56582e+02  3.60051e+02  3.38247e+00  3.38262e+00  1.24525e-06  1.02958e-01  3.48575e+03 1.92080e-159 -1.64088e+03  8.90288e+03  0.00000e+00  7.26200e+03  1.29650e+08  1.29658e+08  1.48890e-06  1.00000e+00 -1.02968e-01  0.00000e+00  8.97210e-01 
 6.87356e-03  5.14086e-03  8.28595e-21  3.47944e+00  1.00000e-05  3.56720e+02  3.60051e+02  3.36132e+00  3.36146e+00  6.85192e-06  5.41372e-01  3.48575e+03 1.16978e-148 -8.96285e+03  8.89676e+03  0.00000e+00 -6.60878e+01  1.28945e+08  1.28945e+08  7.87179e-06  1.00000e+00 -5.41427e-01  0.00000e+00  9.91180e-01 
 7.05370e-03  5.37934e-03 -1.59677e-20  3.47944e+00  1.00000e-05  3.56864e+02  3.60052e+02  3.33872e+00  3.33886e+00  3.66261e-05  2.76136e+00  3.48576e+03 2.00014e-138 -4.75508e+04  8.91152e+03  0.00000e+00 -3.86393e+04  1.28138e+08  1.28100e+08  4.04044e-05  1.00000e+00 -2.76166e+00  0.00000e+00  1.09655e+00 
 7.23722e-03  5.61783e-03  0.00000e+00  3.47944e+00  1.00000e-05  3.57015e+02  3.60052e+02  3.31468e+00  3.31482e+00  1.87001e-04  1.38160e+01  3.48577e+03 1.07434e-128 -2.44010e+05  8.77138e+03  0.00000e+00 -2.35239e+05  1.29208e+08  1.28973e+08  2.00485e-04  1.00000e+00 -1.38176e+01  0.00000e+00  1.21525e+00 
 7.42387e-03  5.85632e-03  0.00000e+00  3.47944e+00  1.42161e-05  3.57175e+02  3.60052e+02  3.28914e+00  3.28943e+00  6.28091e-04  4.54864e+01  2.45200e+03  7.33853e-59 -4.38340e+05  6.31389e+03  0.00000e+00 -4.32026e+05  8.84565e+07  8.80245e+07  6.59719e-04  1.00000e+00 -4.54918e+01  0.00000e+00  1.35004e+00 
 7.61342e-03  6.09482e-03  0.00000e+00  3.47944e+00  2.31990e-05  3.57335e+02  3.60052e+02  3.26204e+00  3.26283e+00  1.43918e-03  1.02113e+02  1.50256e+03  1.53898e-19 -4.54748e+05  4.03410e+03  0.00000e+00 -4.50714e+05  5.47930e+07  5.43422e+07  1.48311e-03  1.00000e+00 -1.02125e+02  0.00000e+00  1.50446e+00 
 7.80566e-03  6.33332e-03  0.00000e+00  3.47944e+00  3.53200e-05  3.57501e+02  3.60052e+02  3.23318e+00  3.23497e+00  2.68218e-03  1.37202e+02  9.86917e+02  6.26467e-05 -4.32768e+05  2.84265e+03  0.00000e+00 -4.29925e+05  2.67557e+07  2.63258e+07  2.71821e-03  1.00000e+00 -1.37220e+02  0.00000e+00  1.68387e+00 
 8.00039e-03  6.57182e-03  0.00000e+00  3.47944e+00  4.78357e-05  3.57671e+02  3.60052e+02  3.20212e+00  3.20541e+00  4.63731e-03  1.35361e+02  7.28702e+02  1.83792e+01 -4.60190e+05  2.09895e+03  0.00000e+00 -4.58072e+05  1.13646e+07  1.09066e+07  4.66673e-03  1.00000e+00 -1.35380e+02  0.00000e+00  1.89608e+00 
 8.19744e-03  6.81033e-03  1.31016e-20  3.47944e+00  5.80318e-05  3.57846e+02  3.60052e+02  3.16840e+00  3.17302e+00  7.68712e-03  1.53906e+02  6.00672e+02  2.69169e+03 -5.68712e+05  1.72357e+03  0.00000e+00 -5.64297e+05  6.44098e+06  5.87668e+06  7.71829e-03  1.00000e+00 -1.53929e+02  0.00000e+00  2.15173e+00 
 8.39664e-03  7.04884e-03  0.00000e+00  3.47944e+00  6.75163e-05  3.58026e+02  3.60052e+02  3.13117e+00  3.13702e+00  1.21143e-02  1.78225e+02  5.16292e+02  3.97862e+04 -7.20255e+05  1.47052e+03  0.00000e+00 -6.78998e+05  4.07251e+06  3.39351e+06  1.21514e-02  1.00000e+00 -1.78255e+02  0.00000e+00  2.46460e+00 
 8.59784e-03  7.28736e-03  0.00000e+00  3.47944e+00  7.64221e-05  3.58213e+02  3.60052e+02  3.08984e+00  3.09677e+00  1.83213e-02  2.07094e+02  4.56127e+02  1.96756e+05 -9.20774e+05  1.28570e+03  0.00000e+00 -7.22732e+05  2.76620e+06  2.04347e+06  1.83676e-02  1.00000e+00 -2.07132e+02  0.00000e+00  2.85441e+00 
 8.80092e-03  7.52587e-03  0.00000e+00  3.47944e+00  8.46360e-05  3.58405e+02  3.60052e+02  3.04292e+00  3.05079e+00  2.68266e-02  2.40066e+02  4.11861e+02  5.35049e+05 -1.18755e+06  1.14570e+03  0.00000e+00 -6.51351e+05  1.97841e+06  1.32706e+06  2.68842e-02  1.00000e+00 -2.40114e+02  0.00000e+00  3.34900e+00 
 9.00573e-03  7.76439e-03 -1.17014e-20  3.47944e+00  9.23833e-05  3.58602e+02  3.60053e+02  2.98980e+00  2.99851e+00  3.82960e-02  2.75014e+02  3.77323e+02  1.04273e+06 -1.53735e+06  1.03198e+03  0.00000e+00 -4.93580e+05  1.45504e+06  9.61456e+05  3.83662e-02  1.00000e+00 -2.75077e+02  0.00000e+00  3.99028e+00 
 9.21216e-03  8.00291e-03  0.00000e+00  3.47944e+00  1.00238e-04  3.58803e+02  3.60053e+02  2.92677e+00  2.93641e+00  5.34540e-02  3.06619e+02  3.47756e+02  1.67068e+06 -1.97531e+06  9.31498e+02  0.00000e+00 -3.03701e+05  1.07143e+06  7.67730e+05  5.35364e-02  1.00000e+00 -3.06700e+02  0.00000e+00  4.84119e+00 
 9.42012e-03  8.24144e-03  0.00000e+00  3.47944e+00  1.08880e-04  3.59007e+02  3.60053e+02  2.85409e+00  2.86484e+00  7.30759e-02  3.22406e+02  3.20156e+02  2.35744e+06 -2.49551e+06  8.34279e+02  0.00000e+00 -1.37234e+05  7.58839e+05  6.21605e+05  7.31672e-02  1.00000e+00 -3.22506e+02  0.00000e+00  6.01414e+00 
 9.62949e-03  8.47996e-03  0.00000e+00  3.47944e+00  1.18685e-04  3.59217e+02  3.60053e+02  2.76085e+00  2.77213e+00  9.74279e-02  3.10616e+02  2.93707e+02  3.03140e+06 -3.07574e+06  7.39534e+02  0.00000e+00 -4.35999e+04  5.03175e+05  4.59575e+05  9.75197e-02  1.00000e+00 -3.10734e+02  0.00000e+00  7.69523e+00 
 9.84019e-03  8.71849e-03  0.00000e+00  3.47944e+00  1.29304e-04  3.59436e+02  3.60053e+02  2.65164e+00  2.66333e+00  1.25806e-01  2.67134e+02  2.69588e+02  3.67935e+06 -3.70813e+06  6.48583e+02  0.00000e+00 -2.81283e+04  3.07707e+05  2.79579e+05  1.25888e-01  1.00000e+00 -2.67270e+02  0.00000e+00  1.03040e+01 
 1.00521e-02  8.95702e-03  0.00000e+00  3.47944e+00  1.39450e-04  3.59683e+02  3.60054e+02  2.49635e+00  2.50933e+00  1.55980e-01  1.82236e+02  2.49975e+02  4.39550e+06 -4.42239e+06  5.64574e+02  0.00000e+00 -2.63306e+04  1.57084e+05  1.30754e+05  1.56032e-01  1.00000e+00 -1.82387e+02  0.00000e+00  1.48217e+01 
 1.02653e-02  9.19555e-03  0.00000e+00  3.47944e+00  1.47625e-04  3.60006e+02  3.60054e+02  2.29767e+00  2.31043e+00  1.87413e-01  2.84951e+01  2.36134e+02  5.53928e+06 -5.41156e+06  4.82068e+02  0.00000e+00  1.28198e+05  1.94133e+04  1.47611e+05  1.87423e-01  1.00000e+00 -2.86628e+01  0.00000e+00  2.50487e+01 
 1.04795e-02  9.43408e-03  0.00000e+00  3.47944e+00  1.58002e-04  3.60602e+02  3.60055e+02  1.91998e+00  1.93180e+00  2.17500e-01 -3.30023e+03  2.20628e+02  7.90856e+06 -6.33374e+06  3.98714e+02  1.90980e+06  3.48502e+06 -3.56283e+06 -7.78104e+04  2.17486e-01  1.00000e+00  3.29989e+03  2.60685e+03  6.37127e+01 
