# Code_Saturne plot output (1D profile)
#
# Iteration output: 2559
# Time output:      2.30003e+01
#
#COLUMN_TITLES: Distance | X | Y | Z | diameter_Field2 | temp_Field1 | temp_Field2 | Velocity_Field1[Z] | Velocity_Field2[Z] | vol_f_Field2 | mass_trans_Field1 | Xd_Field2 | BK | COAL | COMP | NUCL | W1 | MT | SMBR | ALPBB | CONDNUM | GAMA | GAMANUC | epsilon_Field1
 4.56474e-03  1.39645e-04  0.00000e+00  3.47944e+00  6.71978e-05  3.59406e+02  3.60051e+02  4.51089e+00  4.52129e+00  3.86910e-02  1.36809e+02  5.18628e+02  5.45089e-04 -1.49961e+06  2.91453e+03  0.00000e+00 -1.49669e+06  7.53484e+05 -7.43209e+05  3.86910e-02  1.00000e+00 -1.36823e+02  0.00000e+00  4.08513e-01 
 4.57812e-03  3.76525e-04  4.25872e-21  3.47944e+00  9.52184e-05  3.59407e+02  3.60051e+02  4.51047e+00  4.52717e+00  3.94361e-02  8.63574e+01  3.66007e+02  3.65540e+01 -8.45121e+05  2.05725e+03  0.00000e+00 -8.43027e+05  3.29310e+05 -5.13718e+05  3.94365e-02  1.00000e+00 -8.63662e+01  0.00000e+00  4.13248e-01 
 4.60371e-03  6.13858e-04  0.00000e+00  3.47944e+00  1.18269e-04  3.59411e+02  3.60051e+02  4.50911e+00  4.53099e+00  4.07656e-02  6.65328e+01  2.94671e+02  1.99909e+03 -6.06416e+05  1.65735e+03  0.00000e+00 -6.02759e+05  1.97601e+05 -4.05158e+05  4.07660e-02  1.00000e+00 -6.65397e+01  0.00000e+00  4.22531e-01 
 4.64138e-03  8.51483e-04  0.00000e+00  3.47944e+00  1.36849e-04  3.59417e+02  3.60051e+02  4.50706e+00  4.53305e+00  4.26624e-02  5.71072e+01  2.54665e+02  1.31828e+04 -4.98854e+05  1.43293e+03  0.00000e+00 -4.84238e+05  1.40064e+05 -3.44174e+05  4.26628e-02  1.00000e+00 -5.71132e+01  0.00000e+00  4.36535e-01 
 4.69084e-03  1.08931e-03  0.00000e+00  3.47944e+00  1.51817e-04  3.59426e+02  3.60051e+02  4.50428e+00  4.53348e+00  4.51441e-02  5.23457e+01  2.29557e+02  3.81112e+04 -4.47358e+05  1.29186e+03  0.00000e+00 -4.07955e+05  1.09367e+05 -2.98589e+05  4.51445e-02  1.00000e+00 -5.23513e+01  0.00000e+00  4.55543e-01 
 4.75174e-03  1.32727e-03  1.05001e-20  3.47944e+00  1.63555e-04  3.59438e+02  3.60051e+02  4.50076e+00  4.53239e+00  4.82471e-02  5.02608e+01  2.13082e+02  7.41732e+04 -4.27358e+05  1.19902e+03  0.00000e+00 -3.51985e+05  9.12052e+04 -2.60780e+05  4.82475e-02  1.00000e+00 -5.02662e+01  0.00000e+00  4.79949e-01 
 4.82366e-03  1.56534e-03  0.00000e+00  3.47944e+00  1.72542e-04  3.59453e+02  3.60051e+02  4.49649e+00  4.52986e+00  5.20132e-02  4.99024e+01  2.01983e+02  1.17357e+05 -4.28129e+05  1.13616e+03  0.00000e+00 -3.09635e+05  7.96231e+04 -2.30012e+05  5.20136e-02  1.00000e+00 -4.99079e+01  0.00000e+00  5.10279e-01 
 4.90611e-03  1.80349e-03  8.81027e-21  3.47944e+00  1.79364e-04  3.59470e+02  3.60051e+02  4.49142e+00  4.52602e+00  5.64926e-02  5.07315e+01  1.94302e+02  1.65765e+05 -4.44359e+05  1.09230e+03  0.00000e+00 -2.77502e+05  7.16938e+04 -2.05808e+05  5.64929e-02  1.00000e+00 -5.07373e+01  0.00000e+00  5.47196e-01 
 4.99859e-03  2.04170e-03  0.00000e+00  3.47944e+00  1.84589e-04  3.59490e+02  3.60051e+02  4.48552e+00  4.52095e+00  6.17368e-02  5.24048e+01  1.88801e+02  2.19451e+05 -4.73316e+05  1.06050e+03  0.00000e+00 -2.52804e+05  6.58496e+04 -1.86955e+05  6.17372e-02  1.00000e+00 -5.24110e+01  0.00000e+00  5.91517e-01 
 5.10055e-03  2.27996e-03  7.58893e-21  3.47944e+00  1.88708e-04  3.59513e+02  3.60051e+02  4.47873e+00  4.51471e+00  6.77997e-02  5.43022e+01  1.84680e+02  2.79414e+05 -5.13633e+05  1.03626e+03  0.00000e+00 -2.33183e+05  6.07762e+04 -1.72407e+05  6.78002e-02  1.00000e+00 -5.43089e+01  0.00000e+00  6.44224e-01 
 5.21143e-03  2.51826e-03  7.09702e-21  3.47944e+00  1.92103e-04  3.59537e+02  3.60051e+02  4.47095e+00  4.50730e+00  7.47304e-02  5.64574e+01  1.81416e+02  3.46829e+05 -5.64687e+05  1.01663e+03  0.00000e+00 -2.16841e+05  5.63153e+04 -1.60526e+05  7.47309e-02  1.00000e+00 -5.64647e+01  0.00000e+00  7.06485e-01 
 5.33068e-03  2.75659e-03  1.33300e-20  3.47944e+00  1.95067e-04  3.59562e+02  3.60051e+02  4.46209e+00  4.49871e+00  8.25695e-02  5.87397e+01  1.78660e+02  4.22668e+05 -6.26193e+05  9.99659e+02  0.00000e+00 -2.02525e+05  5.22237e+04 -1.50301e+05  8.25701e-02  1.00000e+00 -5.87476e+01  0.00000e+00  7.79676e-01 
 5.45775e-03  2.99495e-03  1.25651e-20  3.47944e+00  1.97833e-04  3.59589e+02  3.60051e+02  4.45204e+00  4.48884e+00  9.13487e-02  6.09753e+01  1.76162e+02  5.07507e+05 -6.97920e+05  9.83919e+02  0.00000e+00 -1.89430e+05  4.83166e+04 -1.41113e+05  9.13495e-02  1.00000e+00 -6.09840e+01  0.00000e+00  8.65389e-01 
 5.59212e-03  3.23333e-03  0.00000e+00  3.47944e+00  2.00594e-04  3.59617e+02  3.60051e+02  4.44065e+00  4.47754e+00  1.01078e-01  6.29867e+01  1.73738e+02  6.01391e+05 -7.79395e+05  9.68372e+02  0.00000e+00 -1.77035e+05  4.44856e+04 -1.32550e+05  1.01079e-01  1.00000e+00 -6.29961e+01  0.00000e+00  9.65469e-01 
 5.73326e-03  3.47172e-03  0.00000e+00  3.47944e+00  2.03519e-04  3.59646e+02  3.60051e+02  4.42775e+00  4.46474e+00  1.11753e-01  6.46076e+01  1.71241e+02  7.03709e+05 -8.69772e+05  9.52149e+02  0.00000e+00 -1.65111e+05  4.06790e+04 -1.24432e+05  1.11754e-01  1.00000e+00 -6.46179e+01  0.00000e+00  1.08201e+00 
 5.88069e-03  3.71014e-03 -5.35987e-21  3.47944e+00  2.06755e-04  3.59675e+02  3.60051e+02  4.41315e+00  4.45029e+00  1.23330e-01  6.56724e+01  1.68560e+02  8.13125e+05 -9.67594e+05  9.34646e+02  0.00000e+00 -1.53535e+05  3.68818e+04 -1.16653e+05  1.23331e-01  1.00000e+00 -6.56836e+01  0.00000e+00  1.21739e+00 
 6.03395e-03  3.94857e-03  5.10973e-21  3.47944e+00  2.10432e-04  3.59704e+02  3.60051e+02  4.39661e+00  4.43394e+00  1.35753e-01  6.60428e+01  1.65615e+02  9.27495e+05 -1.07088e+06  9.15389e+02  0.00000e+00 -1.42468e+05  3.31076e+04 -1.09361e+05  1.35754e-01  1.00000e+00 -6.60549e+01  0.00000e+00  1.37419e+00 
 6.19261e-03  4.18701e-03  0.00000e+00  3.47944e+00  2.14650e-04  3.59732e+02  3.60051e+02  4.37789e+00  4.41547e+00  1.48898e-01  6.56057e+01  1.62361e+02  1.04409e+06 -1.17687e+06  8.94104e+02  0.00000e+00 -1.31888e+05  2.93962e+04 -1.02492e+05  1.48899e-01  1.00000e+00 -6.56187e+01  0.00000e+00  1.55529e+00 
 6.35626e-03  4.42546e-03  0.00000e+00  3.47944e+00  2.19485e-04  3.59760e+02  3.60051e+02  4.35672e+00  4.39462e+00  1.62661e-01  6.43136e+01  1.58785e+02  1.15961e+06 -1.28273e+06  8.70742e+02  0.00000e+00 -1.22246e+05  2.57983e+04 -9.64478e+04  1.62661e-01  1.00000e+00 -6.43274e+01  0.00000e+00  1.76364e+00 
 6.52453e-03  4.66392e-03 -8.96437e-21  3.47944e+00  2.24961e-04  3.59787e+02  3.60051e+02  4.33284e+00  4.37113e+00  1.76835e-01  6.21579e+01  1.54919e+02  1.27093e+06 -1.38513e+06  8.45440e+02  0.00000e+00 -1.13348e+05  2.23771e+04 -9.09712e+04  1.76836e-01  1.00000e+00 -6.21724e+01  0.00000e+00  2.00250e+00 
 6.69707e-03  4.90238e-03  1.72236e-20  3.47944e+00  2.31065e-04  3.59813e+02  3.60051e+02  4.30600e+00  4.34474e+00  1.91288e-01  5.92119e+01  1.50827e+02  1.37498e+06 -1.48158e+06  8.18580e+02  0.00000e+00 -1.05784e+05  1.91858e+04 -8.65983e+04  1.91289e-01  1.00000e+00 -5.92272e+01  0.00000e+00  2.27494e+00 
 6.87356e-03  5.14086e-03  8.28595e-21  3.47944e+00  2.37695e-04  3.59838e+02  3.60051e+02  4.27600e+00  4.31523e+00  2.05747e-01  5.55778e+01  1.46621e+02  1.47007e+06 -1.56977e+06  7.90778e+02  0.00000e+00 -9.89098e+04  1.62765e+04 -8.26333e+04  2.05746e-01  1.00000e+00 -5.55936e+01  0.00000e+00  2.58467e+00 
 7.05370e-03  5.37934e-03 -1.59677e-20  3.47944e+00  2.44728e-04  3.59862e+02  3.60051e+02  4.24267e+00  4.28242e+00  2.20128e-01  5.14211e+01  1.42408e+02  1.55493e+06 -1.64935e+06  7.62648e+02  0.00000e+00 -9.36620e+04  1.36713e+04 -7.99907e+04  2.20127e-01  1.00000e+00 -5.14374e+01  0.00000e+00  2.93498e+00 
 7.23722e-03  5.61783e-03  0.00000e+00  3.47944e+00  2.51917e-04  3.59885e+02  3.60051e+02  4.20593e+00  4.24619e+00  2.34143e-01  4.68933e+01  1.38344e+02  1.63080e+06 -1.72047e+06  7.35005e+02  0.00000e+00 -8.89412e+04  1.13872e+04 -7.75540e+04  2.34142e-01  1.00000e+00 -4.69101e+01  0.00000e+00  3.33093e+00 
 7.42387e-03  5.85632e-03  0.00000e+00  3.47944e+00  2.59044e-04  3.59907e+02  3.60051e+02  4.16565e+00  4.20638e+00  2.47806e-01  4.21579e+01  1.34538e+02  1.69876e+06 -1.78543e+06  7.08483e+02  0.00000e+00 -8.59578e+04  9.40719e+03 -7.65506e+04  2.47805e-01  1.00000e+00 -4.21750e+01  0.00000e+00  3.77698e+00 
 7.61342e-03  6.09482e-03  0.00000e+00  3.47944e+00  2.65745e-04  3.59928e+02  3.60051e+02  4.12185e+00  4.16297e+00  2.60852e-01  3.73343e+01  1.31146e+02  1.76319e+06 -1.84708e+06  6.83822e+02  0.00000e+00 -8.31989e+04  7.71512e+03 -7.54838e+04  2.60851e-01  1.00000e+00 -3.73517e+01  0.00000e+00  4.28212e+00 
 7.80566e-03  6.33332e-03  0.00000e+00  3.47944e+00  2.71786e-04  3.59948e+02  3.60051e+02  4.07424e+00  4.11560e+00  2.73449e-01  3.25097e+01  1.28232e+02  1.82652e+06 -1.90970e+06  6.61378e+02  0.00000e+00 -8.25265e+04  6.26674e+03 -7.62598e+04  2.73446e-01  1.00000e+00 -3.25274e+01  0.00000e+00  4.85415e+00 
 8.00039e-03  6.57182e-03  0.00000e+00  3.47944e+00  2.76750e-04  3.59967e+02  3.60052e+02  4.02281e+00  4.06424e+00  2.85336e-01  2.77201e+01  1.25932e+02  1.89561e+06 -1.97815e+06  6.41660e+02  0.00000e+00 -8.18982e+04  5.02956e+03 -7.68686e+04  2.85334e-01  1.00000e+00 -2.77382e+01  0.00000e+00  5.51087e+00 
 8.19744e-03  6.81033e-03  1.31016e-20  3.47944e+00  2.80486e-04  3.59985e+02  3.60052e+02  3.96674e+00  4.00801e+00  2.96832e-01  2.29484e+01  1.24255e+02  1.97286e+06 -2.05756e+06  6.24657e+02  0.00000e+00 -8.40739e+04  3.94983e+03 -8.01241e+04  2.96829e-01  1.00000e+00 -2.29669e+01  0.00000e+00  6.26646e+00 
 8.39664e-03  7.04884e-03  0.00000e+00  3.47944e+00  2.82570e-04  3.60003e+02  3.60052e+02  3.90626e+00  3.94709e+00  3.07644e-01  1.81388e+01  1.23339e+02  2.06797e+06 -2.15496e+06  6.10725e+02  0.00000e+00 -8.63749e+04  2.99080e+03 -8.33841e+04  3.07642e-01  1.00000e+00 -1.81578e+01  0.00000e+00  7.15717e+00 
 8.59784e-03  7.28736e-03  0.00000e+00  3.47944e+00  2.82988e-04  3.60021e+02  3.60052e+02  3.83915e+00  3.87921e+00  3.18211e-01  1.31628e+01  1.23158e+02  2.18307e+06 -2.27654e+06  5.99592e+02  0.00000e+00 -9.28676e+04  2.09609e+03 -9.07715e+04  3.18209e-01  1.00000e+00 -1.31823e+01  0.00000e+00  8.20956e+00 
 8.80092e-03  7.52587e-03  0.00000e+00  3.47944e+00  2.81270e-04  3.60039e+02  3.60052e+02  3.76697e+00  3.80595e+00  3.28197e-01  7.84755e+00  1.23911e+02  2.33399e+06 -2.43474e+06  5.91668e+02  0.00000e+00 -1.00160e+05  1.22040e+03 -9.89391e+04  3.28194e-01  1.00000e+00 -7.86786e+00  0.00000e+00  9.50310e+00 
 9.00573e-03  7.76439e-03 -1.17014e-20  3.47944e+00  2.77517e-04  3.60057e+02  3.60053e+02  3.68347e+00  3.72100e+00  3.38117e-01  1.88446e+00  1.25587e+02  2.52499e+06 -2.64000e+06  5.86512e+02  0.00000e+00 -1.14424e+05  2.90811e+02 -1.14134e+05  3.38114e-01  1.00000e+00 -1.90573e+00  0.00000e+00  1.10945e+01 
 9.21216e-03  8.00291e-03  0.00000e+00  3.47944e+00  2.71110e-04  3.60076e+02  3.60053e+02  3.59509e+00  3.63081e+00  3.47626e-01 -1.16106e+01  1.28556e+02  2.78844e+06 -2.92034e+06  5.84996e+02  0.00000e+00 -1.31314e+05 -1.75758e+03 -1.33072e+05  3.47623e-01  1.00000e+00  1.15681e+01  0.00000e+00  1.31854e+01 
 9.42012e-03  8.24144e-03  0.00000e+00  3.47944e+00  2.62120e-04  3.60098e+02  3.60053e+02  3.48405e+00  3.51761e+00  3.57269e-01 -3.21910e+01  1.32966e+02  3.14200e+06 -3.30465e+06  5.86445e+02  0.00000e+00 -1.62066e+05 -4.91522e+03 -1.66981e+05  3.57265e-01  1.00000e+00  3.21461e+01  0.00000e+00  1.59368e+01 
 9.62949e-03  8.47996e-03  0.00000e+00  3.47944e+00  2.49400e-04  3.60125e+02  3.60054e+02  3.36938e+00  3.40038e+00  3.66767e-01 -6.27461e+01  1.39749e+02  3.67694e+06 -3.88065e+06  5.93824e+02  0.00000e+00 -2.03115e+05 -9.81478e+03 -2.12930e+05  3.66764e-01  1.00000e+00  6.26981e+01  0.00000e+00  1.99914e+01 
 9.84019e-03  8.71849e-03  0.00000e+00  3.47944e+00  2.32815e-04  3.60162e+02  3.60054e+02  3.20509e+00  3.23332e+00  3.76513e-01 -1.15305e+02  1.49705e+02  4.49080e+06 -4.76877e+06  6.04990e+02  0.00000e+00 -2.77360e+05 -1.88266e+04 -2.96186e+05  3.76509e-01  1.00000e+00  1.15253e+02  0.00000e+00  2.61004e+01 
 1.00521e-02  8.95702e-03  0.00000e+00  3.47944e+00  2.10285e-04  3.60226e+02  3.60055e+02  3.02997e+00  3.05526e+00  3.86314e-01 -2.26561e+02  1.65746e+02  5.98244e+06 -6.35572e+06  6.27843e+02  0.00000e+00 -3.72647e+05 -3.99244e+04 -4.12572e+05  3.86310e-01  1.00000e+00  2.26502e+02  0.00000e+00  3.74529e+01 
 1.02653e-02  9.19555e-03  0.00000e+00  3.47944e+00  1.82124e-04  3.60363e+02  3.60056e+02  2.72744e+00  2.74847e+00  3.97257e-01 -5.33347e+02  1.91377e+02  8.98814e+06 -9.42524e+06  6.48148e+02  0.00000e+00 -4.36448e+05 -1.05543e+05 -5.41991e+05  3.97252e-01  1.00000e+00  5.33281e+02  0.00000e+00  6.22247e+01 
 1.04795e-02  9.43408e-03  0.00000e+00  3.47944e+00  1.51142e-04  3.60820e+02  3.60057e+02  2.27685e+00  2.29006e+00  4.09874e-01 -5.10410e+03  2.30611e+02  1.70773e+07 -1.53903e+07  6.76125e+02  6.68373e+05  2.35601e+06 -2.40085e+06 -4.48440e+04  4.09873e-01  1.00000e+00  5.10403e+03  3.25529e+03  1.57543e+02 
