# Code_Saturne plot output (1D profile)
#
# Iteration output: 4075
# Time output:      2.30008e+01
#
#COLUMN_TITLES: Distance | X | Y | Z | diameter_Field2 | temp_Field1 | temp_Field2 | Velocity_Field1[Z] | Velocity_Field2[Z] | vol_f_Field2 | mass_trans_Field1 | Xd_Field2 | BK | COAL | COMP | NUCL | W1 | MT | SMBR | ALPBB | CONDNUM | GAMA | GAMANUC | epsilon_Field1
 4.56474e-03  1.39645e-04  0.00000e+00  3.47944e+00  2.85631e-04  3.59888e+02  3.60056e+02  5.10125e+00  5.16564e+00  1.78246e-01  2.73656e+01  1.21977e+02  4.45317e+05 -6.96714e+05  8.75669e+02  0.00000e+00 -2.50521e+05  3.75956e+03 -2.46762e+05  1.78243e-01  1.00000e+00 -2.73467e+01  0.00000e+00  8.91780e-01 
 4.57812e-03  3.76525e-04  4.25872e-21  3.47944e+00  2.93157e-04  3.59889e+02  3.60056e+02  5.10038e+00  5.16678e+00  1.79361e-01  2.65129e+01  1.18846e+02  4.47732e+05 -6.71875e+05  8.53130e+02  0.00000e+00 -2.23291e+05  3.52682e+03 -2.19764e+05  1.79358e-01  1.00000e+00 -2.64946e+01  0.00000e+00  9.02440e-01 
 4.60371e-03  6.13858e-04  0.00000e+00  3.47944e+00  2.98528e-04  3.59890e+02  3.60056e+02  5.09827e+00  5.16590e+00  1.81291e-01  2.59814e+01  1.16708e+02  4.54117e+05 -6.62002e+05  8.37728e+02  0.00000e+00 -2.07048e+05  3.35777e+03 -2.03690e+05  1.81288e-01  1.00000e+00 -2.59633e+01  0.00000e+00  9.23367e-01 
 4.64138e-03  8.51483e-04  0.00000e+00  3.47944e+00  3.03005e-04  3.59893e+02  3.60056e+02  5.09512e+00  5.16360e+00  1.84088e-01  2.55956e+01  1.14983e+02  4.64148e+05 -6.61084e+05  8.25169e+02  0.00000e+00 -1.96111e+05  3.20948e+03 -1.92902e+05  1.84086e-01  1.00000e+00 -2.55775e+01  0.00000e+00  9.54975e-01 
 4.69084e-03  1.08931e-03  0.00000e+00  3.47944e+00  3.07453e-04  3.59896e+02  3.60056e+02  5.09083e+00  5.16001e+00  1.87755e-01  2.52401e+01  1.13320e+02  4.77276e+05 -6.65327e+05  8.12934e+02  0.00000e+00 -1.87238e+05  3.05817e+03 -1.84180e+05  1.87752e-01  1.00000e+00 -2.52220e+01  0.00000e+00  9.97838e-01 
 4.75174e-03  1.32727e-03  1.05001e-20  3.47944e+00  3.12303e-04  3.59900e+02  3.60056e+02  5.08533e+00  5.15521e+00  1.92269e-01  2.48538e+01  1.11560e+02  4.92914e+05 -6.72744e+05  7.99903e+02  0.00000e+00 -1.79030e+05  2.89492e+03 -1.76135e+05  1.92267e-01  1.00000e+00 -2.48355e+01  0.00000e+00  1.05274e+00 
 4.82366e-03  1.56534e-03  0.00000e+00  3.47944e+00  3.17804e-04  3.59904e+02  3.60056e+02  5.07855e+00  5.14916e+00  1.97605e-01  2.43981e+01  1.09629e+02  5.10380e+05 -6.82040e+05  7.85542e+02  0.00000e+00 -1.70874e+05  2.71720e+03 -1.68157e+05  1.97603e-01  1.00000e+00 -2.43797e+01  0.00000e+00  1.12062e+00 
 4.90611e-03  1.80349e-03  8.81027e-21  3.47944e+00  3.24104e-04  3.59910e+02  3.60056e+02  5.07036e+00  5.14179e+00  2.03709e-01  2.38461e+01  1.07498e+02  5.28930e+05 -6.92180e+05  7.69635e+02  0.00000e+00 -1.62480e+05  2.52600e+03 -1.59954e+05  2.03707e-01  1.00000e+00 -2.38275e+01  0.00000e+00  1.20258e+00 
 4.99859e-03  2.04170e-03  0.00000e+00  3.47944e+00  3.31293e-04  3.59916e+02  3.60056e+02  5.06064e+00  5.13301e+00  2.10528e-01  2.31807e+01  1.05165e+02  5.47751e+05 -7.02303e+05  7.52157e+02  0.00000e+00 -1.53800e+05  2.32435e+03 -1.51475e+05  2.10526e-01  1.00000e+00 -2.31619e+01  0.00000e+00  1.29985e+00 
 5.10055e-03  2.27996e-03  7.58893e-21  3.47944e+00  3.39406e-04  3.59922e+02  3.60056e+02  5.04925e+00  5.12268e+00  2.17975e-01  2.23922e+01  1.02652e+02  5.66063e+05 -7.11639e+05  7.33243e+02  0.00000e+00 -1.44843e+05  2.11667e+03 -1.42726e+05  2.17974e-01  1.00000e+00 -2.23733e+01  0.00000e+00  1.41376e+00 
 5.21143e-03  2.51826e-03  7.09702e-21  3.47944e+00  3.48424e-04  3.59929e+02  3.60056e+02  5.03606e+00  5.11067e+00  2.25970e-01  2.14810e+01  9.99946e+01  5.83143e+05 -7.19604e+05  7.13159e+02  0.00000e+00 -1.35748e+05  1.90791e+03 -1.33840e+05  2.25969e-01  1.00000e+00 -2.14619e+01  0.00000e+00  1.54565e+00 
 5.33068e-03  2.75659e-03  1.33300e-20  3.47944e+00  3.58263e-04  3.59936e+02  3.60056e+02  5.02093e+00  5.09682e+00  2.34398e-01  2.04546e+01  9.72486e+01  5.98479e+05 -7.25783e+05  6.92288e+02  0.00000e+00 -1.26612e+05  1.70325e+03 -1.24909e+05  2.34397e-01  1.00000e+00 -2.04355e+01  0.00000e+00  1.69696e+00 
 5.45775e-03  2.99495e-03  1.25651e-20  3.47944e+00  3.68774e-04  3.59944e+02  3.60056e+02  5.00376e+00  5.08099e+00  2.43166e-01  1.93297e+01  9.44769e+01  6.11752e+05 -7.30061e+05  6.71078e+02  0.00000e+00 -1.17638e+05  1.50723e+03 -1.16131e+05  2.43166e-01  1.00000e+00 -1.93105e+01  0.00000e+00  1.86902e+00 
 5.59212e-03  3.23333e-03  0.00000e+00  3.47944e+00  3.79728e-04  3.59953e+02  3.60056e+02  4.98445e+00  5.06307e+00  2.52141e-01  1.81264e+01  9.17518e+01  6.23013e+05 -7.32536e+05  6.50033e+02  0.00000e+00 -1.08874e+05  1.32368e+03 -1.07550e+05  2.52141e-01  1.00000e+00 -1.81072e+01  0.00000e+00  2.06327e+00 
 5.73326e-03  3.47172e-03  0.00000e+00  3.47944e+00  3.90844e-04  3.59961e+02  3.60056e+02  4.96296e+00  5.04292e+00  2.61256e-01  1.68698e+01  8.91422e+01  6.32491e+05 -7.33700e+05  6.29667e+02  0.00000e+00 -1.00579e+05  1.15503e+03 -9.94244e+04  2.61257e-01  1.00000e+00 -1.68506e+01  0.00000e+00  2.28095e+00 
 5.88069e-03  3.71014e-03 -5.35987e-21  3.47944e+00  4.01767e-04  3.59970e+02  3.60056e+02  4.93934e+00  5.02055e+00  2.70346e-01  1.55805e+01  8.67189e+01  6.40894e+05 -7.34113e+05  6.10355e+02  0.00000e+00 -9.26081e+04  1.00276e+03 -9.16054e+04  2.70348e-01  1.00000e+00 -1.55613e+01  0.00000e+00  2.52386e+00 
 6.03395e-03  3.94857e-03  5.10973e-21  3.47944e+00  4.12152e-04  3.59978e+02  3.60056e+02  4.91374e+00  4.99556e+00  2.79428e-01  1.42595e+01  8.45340e+01  6.48843e+05 -7.34787e+05  5.92607e+02  0.00000e+00 -8.53512e+04  8.65449e+02 -8.44858e+04  2.79429e-01  1.00000e+00 -1.42402e+01  0.00000e+00  2.79368e+00 
 6.19261e-03  4.18701e-03  0.00000e+00  3.47944e+00  4.21629e-04  3.59987e+02  3.60056e+02  4.88603e+00  4.96750e+00  2.88386e-01  1.29341e+01  8.26340e+01  6.57350e+05 -7.36577e+05  5.76606e+02  0.00000e+00 -7.86504e+04  7.43427e+02 -7.79070e+04  2.88385e-01  1.00000e+00 -1.29148e+01  0.00000e+00  3.09352e+00 
 6.35626e-03  4.42546e-03  0.00000e+00  3.47944e+00  4.29927e-04  3.59996e+02  3.60056e+02  4.85585e+00  4.93653e+00  2.97279e-01  1.16297e+01  8.10393e+01  6.66950e+05 -7.40441e+05  5.62553e+02  0.00000e+00 -7.29284e+04  6.35833e+02 -7.22926e+04  2.97278e-01  1.00000e+00 -1.16103e+01  0.00000e+00  3.42510e+00 
 6.52453e-03  4.66392e-03 -8.96437e-21  3.47944e+00  4.36780e-04  3.60005e+02  3.60056e+02  4.82314e+00  4.90286e+00  3.06001e-01  1.03429e+01  7.97680e+01  6.78544e+05 -7.47061e+05  5.50493e+02  0.00000e+00 -6.79669e+04  5.40618e+02 -6.74262e+04  3.06001e-01  1.00000e+00 -1.03233e+01  0.00000e+00  3.79213e+00 
 6.69707e-03  4.90238e-03  1.72236e-20  3.47944e+00  4.42044e-04  3.60015e+02  3.60056e+02  4.78781e+00  4.86649e+00  3.14548e-01  9.06653e+00  7.88184e+01  6.92655e+05 -7.57057e+05  5.40452e+02  0.00000e+00 -6.38619e+04  4.55399e+02 -6.34065e+04  3.14551e-01  1.00000e+00 -9.04667e+00  0.00000e+00  4.19764e+00 
 6.87356e-03  5.14086e-03  8.28595e-21  3.47944e+00  4.45580e-04  3.60024e+02  3.60056e+02  4.74978e+00  4.82739e+00  3.22823e-01  7.78731e+00  7.81931e+01  7.10128e+05 -7.71008e+05  5.32351e+02  0.00000e+00 -6.03474e+04  3.77939e+02 -5.99695e+04  3.22828e-01  1.00000e+00 -7.76708e+00  0.00000e+00  4.64734e+00 
 7.05370e-03  5.37934e-03 -1.59677e-20  3.47944e+00  4.47410e-04  3.60033e+02  3.60056e+02  4.70889e+00  4.78546e+00  3.30913e-01  6.49123e+00  7.78737e+01  7.31193e+05 -7.89470e+05  5.26098e+02  0.00000e+00 -5.77509e+04  3.05899e+02 -5.74450e+04  3.30918e-01  1.00000e+00 -6.47053e+00  0.00000e+00  5.14550e+00 
 7.23722e-03  5.61783e-03  0.00000e+00  3.47944e+00  4.47485e-04  3.60042e+02  3.60057e+02  4.66507e+00  4.74060e+00  3.38713e-01  5.15998e+00  7.78608e+01  7.56782e+05 -8.13030e+05  5.21568e+02  0.00000e+00 -5.57268e+04  2.37302e+02 -5.54895e+04  3.38719e-01  1.00000e+00 -5.13871e+00  0.00000e+00  5.70143e+00 
 7.42387e-03  5.85632e-03  0.00000e+00  3.47944e+00  4.45925e-04  3.60050e+02  3.60057e+02  4.61799e+00  4.69250e+00  3.46352e-01  3.77423e+00  7.81335e+01  7.87039e+05 -8.42289e+05  5.18618e+02  0.00000e+00 -5.47310e+04  1.70049e+02 -5.45609e+04  3.46359e-01  1.00000e+00 -3.75227e+00  0.00000e+00  6.32168e+00 
 7.61342e-03  6.09482e-03  0.00000e+00  3.47944e+00  4.42684e-04  3.60059e+02  3.60057e+02  4.56763e+00  4.64113e+00  3.53683e-01  2.31173e+00  7.87060e+01  8.23373e+05 -8.78129e+05  5.17167e+02  0.00000e+00 -5.42388e+04  1.02328e+02 -5.41365e+04  3.53691e-01  1.00000e+00 -2.28897e+00  0.00000e+00  7.02231e+00 
 7.80566e-03  6.33332e-03  0.00000e+00  3.47944e+00  4.37927e-04  3.60068e+02  3.60057e+02  4.51329e+00  4.58576e+00  3.60911e-01  7.45716e-01  7.95613e+01  8.65935e+05 -9.21500e+05  5.17084e+02  0.00000e+00 -5.50478e+04  3.19753e+01 -5.50158e+04  3.60919e-01  1.00000e+00 -7.22023e-01  0.00000e+00  7.81340e+00 
 8.00039e-03  6.57182e-03  0.00000e+00  3.47944e+00  4.31532e-04  3.60077e+02  3.60057e+02  4.45511e+00  4.52647e+00  3.67829e-01 -2.25051e+00  8.07407e+01  9.17161e+05 -9.74088e+05  5.18401e+02  0.00000e+00 -5.64088e+04 -1.01647e+02 -5.65104e+04  3.67838e-01  1.00000e+00  2.30508e+00  0.00000e+00  8.72401e+00 
 8.19744e-03  6.81033e-03  1.31016e-20  3.47944e+00  4.23670e-04  3.60086e+02  3.60058e+02  4.39192e+00  4.46193e+00  3.74665e-01 -6.53876e+00  8.22396e+01  9.77629e+05 -1.03757e+06  5.21121e+02  0.00000e+00 -5.94200e+04 -2.90859e+02 -5.97108e+04  3.74673e-01  1.00000e+00  6.59597e+00  0.00000e+00  9.77200e+00 
 8.39664e-03  7.04884e-03  0.00000e+00  3.47944e+00  4.14085e-04  3.60095e+02  3.60058e+02  4.32577e+00  4.39365e+00  3.81229e-01 -1.14475e+01  8.41437e+01  1.05199e+06 -1.11559e+06  5.25334e+02  0.00000e+00 -6.30758e+04 -5.10262e+02 -6.35860e+04  3.81239e-01  1.00000e+00  1.15078e+01  0.00000e+00  1.10213e+01 
 8.59784e-03  7.28736e-03  0.00000e+00  3.47944e+00  4.02992e-04  3.60104e+02  3.60058e+02  4.25027e+00  4.31503e+00  3.87838e-01 -1.72608e+01  8.64605e+01  1.14187e+06 -1.21131e+06  5.30479e+02  0.00000e+00 -6.89164e+04 -7.75885e+02 -6.96923e+04  3.87849e-01  1.00000e+00  1.73246e+01  0.00000e+00  1.25147e+01 
 8.80092e-03  7.52587e-03  0.00000e+00  3.47944e+00  3.89987e-04  3.60115e+02  3.60059e+02  4.17113e+00  4.23237e+00  3.94248e-01 -2.44522e+01  8.93444e+01  1.25548e+06 -1.33207e+06  5.37553e+02  0.00000e+00 -7.60519e+04 -1.11631e+03 -7.71682e+04  3.94262e-01  1.00000e+00  2.45201e+01  0.00000e+00  1.43682e+01 
 9.00573e-03  7.76439e-03 -1.17014e-20  3.47944e+00  3.75268e-04  3.60127e+02  3.60059e+02  4.07523e+00  4.13263e+00  4.00804e-01 -3.37764e+01  9.28494e+01  1.39653e+06 -1.48545e+06  5.46162e+02  0.00000e+00 -8.83712e+04 -1.57531e+03 -8.99465e+04  4.00818e-01  1.00000e+00  3.38492e+01  0.00000e+00  1.66480e+01 
 9.21216e-03  8.00291e-03  0.00000e+00  3.47944e+00  3.58033e-04  3.60141e+02  3.60059e+02  3.98027e+00  4.03348e+00  4.07235e-01 -4.66210e+01  9.73198e+01  1.58631e+06 -1.69035e+06  5.57755e+02  0.00000e+00 -1.03479e+05 -2.24206e+03 -1.05721e+05  4.07251e-01  1.00000e+00  4.66999e+01  0.00000e+00  1.96879e+01 
 9.42012e-03  8.24144e-03  0.00000e+00  3.47944e+00  3.38525e-04  3.60160e+02  3.60060e+02  3.84741e+00  3.89553e+00  4.13911e-01 -6.54476e+01  1.02929e+02  1.83631e+06 -1.96843e+06  5.72095e+02  0.00000e+00 -1.31547e+05 -3.27409e+03 -1.34821e+05  4.13926e-01  1.00000e+00  6.55341e+01  0.00000e+00  2.36415e+01 
 9.62949e-03  8.47996e-03  0.00000e+00  3.47944e+00  3.15255e-04  3.60186e+02  3.60060e+02  3.72610e+00  3.76937e+00  4.20578e-01 -9.58039e+01  1.10527e+02  2.20817e+06 -2.37891e+06  5.92228e+02  0.00000e+00 -1.70154e+05 -5.06340e+03 -1.75217e+05  4.20594e-01  1.00000e+00  9.59007e+01  0.00000e+00  2.95150e+01 
 9.84019e-03  8.71849e-03  0.00000e+00  3.47944e+00  2.88223e-04  3.60226e+02  3.60061e+02  3.53022e+00  3.56848e+00  4.27497e-01 -1.50112e+02  1.20895e+02  2.76921e+06 -3.01354e+06  6.15069e+02  0.00000e+00 -2.43717e+05 -8.53516e+03 -2.52252e+05  4.27514e-01  1.00000e+00  1.50222e+02  0.00000e+00  3.82632e+01 
 1.00521e-02  8.95702e-03  0.00000e+00  3.47944e+00  2.54383e-04  3.60295e+02  3.60062e+02  3.34726e+00  3.38086e+00  4.34615e-01 -2.67401e+02  1.36979e+02  3.80552e+06 -4.16210e+06  6.54131e+02  0.00000e+00 -3.55930e+05 -1.69386e+04 -3.72869e+05  4.34636e-01  1.00000e+00  2.67533e+02  0.00000e+00  5.47102e+01 
 1.02653e-02  9.19555e-03  0.00000e+00  3.47944e+00  2.13512e-04  3.60446e+02  3.60063e+02  2.99540e+00  3.02340e+00  4.42661e-01 -5.93289e+02  1.63203e+02  5.96956e+06 -6.50871e+06  6.92700e+02  0.00000e+00 -5.38458e+05 -4.39508e+04 -5.82409e+05  4.42681e-01  1.00000e+00  5.93456e+02  0.00000e+00  9.06751e+01 
 1.04795e-02  9.43408e-03  0.00000e+00  3.47944e+00  1.65201e-04  3.60936e+02  3.60064e+02  2.50654e+00  2.52390e+00  4.53272e-01 -5.50215e+03  2.10933e+02  1.24449e+07 -1.20041e+07  7.72181e+02  1.10664e+06  1.54821e+06 -1.57850e+06 -3.02900e+04  4.53299e-01  1.00000e+00  5.50238e+03  3.43066e+03  2.29299e+02 
