#NAME: DoE1681-1800
#TITLE: DoELHS
#COLUMN_NAMES: Numero | NomEssai | FluxExp | BK | COAL | NUCL | MT

1681 Cas1681 1.371313e+05 1.505591e+00 7.913777e-01 1.090847e+00 1.093422e+00 
1682 Cas1682 1.269155e+05 1.940191e+00 8.835388e-01 5.301786e-01 8.090771e-01 
1683 Cas1683 1.240347e+05 1.449674e+00 5.323219e-01 1.403409e+00 1.563190e+00 
1684 Cas1684 1.233354e+05 1.753561e+00 7.259077e-01 7.600343e-01 5.784129e-01 
1685 Cas1685 1.306829e+05 1.029930e+00 1.338225e+00 1.995441e+00 1.794048e+00 
1686 Cas1686 1.176894e+05 1.908368e+00 1.288871e+00 1.428466e+00 8.729969e-01 
1687 Cas1687 1.268808e+05 1.895060e+00 1.728578e+00 5.362084e-01 1.232511e+00 
1688 Cas1688 1.408680e+05 1.276514e+00 1.520168e+00 1.967670e+00 1.708743e+00 
1689 Cas1689 1.302907e+05 1.339505e+00 7.372078e-01 1.937874e+00 9.572355e-01 
1690 Cas1690 1.343637e+05 1.628465e+00 7.106328e-01 5.385984e-01 1.697498e+00 
1691 Cas1691 1.411705e+05 1.998244e+00 1.823782e+00 1.979883e+00 1.267510e+00 
1692 Cas1692 1.213645e+05 1.919530e+00 9.089697e-01 7.606771e-01 1.690734e+00 
1693 Cas1693 1.411010e+05 1.790754e+00 1.318583e+00 9.913302e-01 5.918686e-01 
1694 Cas1694 1.271156e+05 1.652584e+00 7.475008e-01 7.020717e-01 1.894953e+00 
1695 Cas1695 1.382808e+05 1.337737e+00 6.240344e-01 7.339590e-01 8.438800e-01 
1696 Cas1696 1.347126e+05 1.244952e+00 7.094071e-01 1.350878e+00 5.829373e-01 
1697 Cas1697 1.307121e+05 1.610601e+00 9.058458e-01 6.103532e-01 1.615055e+00 
1698 Cas1698 1.291230e+05 1.214625e+00 1.244131e+00 1.378033e+00 1.010514e+00 
1699 Cas1699 1.304366e+05 1.176815e+00 1.550186e+00 1.613904e+00 1.223997e+00 
1700 Cas1700 1.241704e+05 5.336197e-01 9.834673e-01 1.939714e+00 6.668163e-01 
1701 Cas1701 1.266107e+05 9.042263e-01 1.849009e+00 1.461262e+00 1.234995e+00 
1702 Cas1702 1.314128e+05 1.499524e+00 6.082439e-01 1.203797e+00 5.013219e-01 
1703 Cas1703 1.275755e+05 6.414738e-01 1.829288e+00 5.992204e-01 8.461866e-01 
1704 Cas1704 1.220759e+05 1.992681e+00 8.828483e-01 1.465949e+00 1.669773e+00 
1705 Cas1705 1.293278e+05 8.969272e-01 1.822572e+00 8.126521e-01 1.742983e+00 
1706 Cas1706 1.312701e+05 5.540968e-01 9.726971e-01 1.663496e+00 8.219605e-01 
1707 Cas1707 1.397832e+05 1.051547e+00 1.350827e+00 1.142358e+00 1.430277e+00 
1708 Cas1708 1.344822e+05 1.400401e+00 1.485943e+00 1.453238e+00 8.319471e-01 
1709 Cas1709 1.196782e+05 1.695036e+00 1.560162e+00 1.493995e+00 1.102469e+00 
1710 Cas1710 1.209579e+05 1.745385e+00 1.159343e+00 9.275628e-01 1.493513e+00 
1711 Cas1711 1.305891e+05 1.657285e+00 1.442190e+00 1.028720e+00 1.130044e+00 
1712 Cas1712 1.358393e+05 1.960139e+00 5.673512e-01 8.666263e-01 1.254218e+00 
1713 Cas1713 1.222798e+05 6.754332e-01 1.560345e+00 9.060917e-01 1.799081e+00 
1714 Cas1714 1.342305e+05 1.425558e+00 1.472106e+00 1.618799e+00 8.743873e-01 
1715 Cas1715 1.268639e+05 1.758895e+00 1.690924e+00 1.622985e+00 1.575369e+00 
1716 Cas1716 1.402283e+05 1.503248e+00 9.656176e-01 1.509521e+00 1.776386e+00 
1717 Cas1717 1.265145e+05 1.612305e+00 1.919774e+00 8.891478e-01 5.910804e-01 
1718 Cas1718 1.172251e+05 1.461325e+00 7.478288e-01 1.035657e+00 1.211619e+00 
1719 Cas1719 1.301381e+05 1.435868e+00 1.706523e+00 6.343017e-01 1.292145e+00 
1720 Cas1720 1.415764e+05 1.068083e+00 1.343674e+00 1.598158e+00 1.009575e+00 
1721 Cas1721 1.383538e+05 6.105292e-01 1.535985e+00 1.180305e+00 9.341142e-01 
1722 Cas1722 1.325394e+05 1.874070e+00 1.914968e+00 1.064756e+00 9.614281e-01 
1723 Cas1723 1.368351e+05 1.428571e+00 5.104016e-01 7.907175e-01 7.039267e-01 
1724 Cas1724 1.329983e+05 1.031952e+00 8.157296e-01 1.898778e+00 1.751596e+00 
1725 Cas1725 1.391697e+05 1.588782e+00 1.443423e+00 1.826452e+00 1.732371e+00 
1726 Cas1726 1.268019e+05 1.827524e+00 5.796176e-01 9.596725e-01 1.037982e+00 
1727 Cas1727 1.376788e+05 1.459242e+00 5.096482e-01 1.398444e+00 1.005151e+00 
1728 Cas1728 1.399566e+05 1.598408e+00 1.982245e+00 5.269031e-01 1.999713e+00 
1729 Cas1729 1.334999e+05 1.281725e+00 1.399429e+00 1.784434e+00 5.429255e-01 
1730 Cas1730 1.342803e+05 1.620172e+00 1.760499e+00 9.251884e-01 1.530746e+00 
1731 Cas1731 1.308994e+05 1.957455e+00 8.138972e-01 1.701434e+00 6.576154e-01 
1732 Cas1732 1.359499e+05 1.241866e+00 1.669879e+00 1.456774e+00 1.215637e+00 
1733 Cas1733 1.376058e+05 6.919086e-01 1.582781e+00 1.831439e+00 5.633801e-01 
1734 Cas1734 1.234602e+05 9.488912e-01 1.387377e+00 1.671158e+00 1.680505e+00 
1735 Cas1735 1.269379e+05 1.698166e+00 1.557300e+00 1.672754e+00 1.611000e+00 
1736 Cas1736 1.218160e+05 1.751113e+00 1.904827e+00 1.143517e+00 1.596739e+00 
1737 Cas1737 1.348464e+05 1.418012e+00 1.708362e+00 1.142674e+00 1.067722e+00 
1738 Cas1738 1.346986e+05 1.146426e+00 1.674557e+00 7.863166e-01 1.531351e+00 
1739 Cas1739 1.349138e+05 5.729601e-01 1.352980e+00 1.896076e+00 1.621250e+00 
1740 Cas1740 1.398932e+05 1.937156e+00 1.024741e+00 1.212170e+00 9.928841e-01 
1741 Cas1741 1.324958e+05 1.153574e+00 6.204046e-01 1.048644e+00 1.985648e+00 
1742 Cas1742 1.247814e+05 1.027608e+00 1.082670e+00 5.252562e-01 1.372357e+00 
1743 Cas1743 1.306354e+05 1.590500e+00 7.450701e-01 1.580988e+00 1.307945e+00 
1744 Cas1744 1.254382e+05 1.572937e+00 1.542770e+00 9.185817e-01 1.398401e+00 
1745 Cas1745 1.253733e+05 1.720200e+00 1.501573e+00 1.108221e+00 6.701045e-01 
1746 Cas1746 1.290741e+05 1.122455e+00 1.132595e+00 1.514970e+00 7.867032e-01 
1747 Cas1747 1.173598e+05 1.129163e+00 1.837078e+00 5.604330e-01 6.048541e-01 
1748 Cas1748 1.218746e+05 1.738102e+00 1.821317e+00 6.469100e-01 9.444288e-01 
1749 Cas1749 1.252952e+05 1.646965e+00 1.004031e+00 1.766591e+00 1.913345e+00 
1750 Cas1750 1.403158e+05 1.670756e+00 1.247938e+00 9.340333e-01 1.608990e+00 
1751 Cas1751 1.192429e+05 9.112893e-01 1.762179e+00 6.497405e-01 7.444640e-01 
1752 Cas1752 1.315006e+05 5.654609e-01 1.940483e+00 1.347495e+00 9.511365e-01 
1753 Cas1753 1.203891e+05 5.047534e-01 1.334172e+00 1.136278e+00 1.816755e+00 
1754 Cas1754 1.371587e+05 7.467100e-01 1.646892e+00 1.793359e+00 1.136661e+00 
1755 Cas1755 1.358929e+05 1.390638e+00 1.256108e+00 5.394811e-01 1.184668e+00 
1756 Cas1756 1.200327e+05 6.071534e-01 1.903222e+00 1.258194e+00 1.470324e+00 
1757 Cas1757 1.404142e+05 1.696087e+00 5.416091e-01 1.903961e+00 8.807728e-01 
1758 Cas1758 1.184169e+05 8.683996e-01 8.873044e-01 1.170629e+00 9.040096e-01 
1759 Cas1759 1.377681e+05 1.206722e+00 1.812010e+00 1.891898e+00 9.050915e-01 
1760 Cas1760 1.330544e+05 6.620143e-01 8.554446e-01 8.776856e-01 5.557627e-01 
1761 Cas1761 1.382157e+05 1.440365e+00 1.407553e+00 1.481114e+00 5.377348e-01 
1762 Cas1762 1.176513e+05 5.744483e-01 1.239429e+00 6.040323e-01 5.626896e-01 
1763 Cas1763 1.191942e+05 1.249441e+00 8.347469e-01 1.023228e+00 7.667568e-01 
1764 Cas1764 1.353083e+05 1.121646e+00 1.734507e+00 8.262993e-01 1.745720e+00 
1765 Cas1765 1.172623e+05 1.711684e+00 7.235680e-01 1.918922e+00 1.509921e+00 
1766 Cas1766 1.380265e+05 1.342572e+00 1.021324e+00 1.520278e+00 1.651365e+00 
1767 Cas1767 1.412284e+05 1.306580e+00 5.019241e-01 1.216775e+00 1.080929e+00 
1768 Cas1768 1.367535e+05 8.841034e-01 7.895252e-01 1.618293e+00 6.934540e-01 
1769 Cas1769 1.262346e+05 6.634745e-01 1.595839e+00 9.322471e-01 1.047340e+00 
1770 Cas1770 1.170933e+05 5.505667e-01 1.763424e+00 8.820103e-01 1.892614e+00 
1771 Cas1771 1.296670e+05 1.062699e+00 9.711543e-01 9.479464e-01 6.868952e-01 
1772 Cas1772 1.267244e+05 7.190003e-01 1.233792e+00 6.262865e-01 1.843756e+00 
1773 Cas1773 1.338540e+05 8.197457e-01 6.527333e-01 1.697595e+00 1.982078e+00 
1774 Cas1774 1.351123e+05 1.318549e+00 1.342609e+00 5.114872e-01 5.302910e-01 
1775 Cas1775 1.190265e+05 9.798437e-01 1.865256e+00 6.694700e-01 1.029623e+00 
1776 Cas1776 1.163667e+05 1.958469e+00 6.034425e-01 1.380168e+00 1.989074e+00 
1777 Cas1777 1.192999e+05 7.953887e-01 1.266697e+00 1.627401e+00 8.451751e-01 
1778 Cas1778 1.339055e+05 1.150331e+00 8.515236e-01 1.877612e+00 1.997753e+00 
1779 Cas1779 1.277603e+05 1.115369e+00 1.245606e+00 1.705267e+00 1.627140e+00 
1780 Cas1780 1.332314e+05 1.574080e+00 5.456649e-01 1.489798e+00 1.055885e+00 
1781 Cas1781 1.401958e+05 1.159918e+00 1.927962e+00 1.260618e+00 1.966704e+00 
1782 Cas1782 1.397951e+05 8.784927e-01 8.452579e-01 1.304137e+00 8.968101e-01 
1783 Cas1783 1.373221e+05 9.022660e-01 1.621623e+00 1.291152e+00 1.240401e+00 
1784 Cas1784 1.297951e+05 6.128718e-01 9.783568e-01 1.568520e+00 1.300265e+00 
1785 Cas1785 1.190311e+05 8.170326e-01 8.857514e-01 1.783439e+00 1.324633e+00 
1786 Cas1786 1.398763e+05 1.547045e+00 1.345897e+00 1.652607e+00 8.368195e-01 
1787 Cas1787 1.411828e+05 5.169158e-01 1.305038e+00 1.664141e+00 5.006529e-01 
1788 Cas1788 1.273653e+05 1.465656e+00 1.148269e+00 1.216130e+00 9.736398e-01 
1789 Cas1789 1.303395e+05 1.596904e+00 1.253499e+00 1.717180e+00 1.328524e+00 
1790 Cas1790 1.248638e+05 8.694902e-01 1.272702e+00 1.308556e+00 1.218076e+00 
1791 Cas1791 1.305236e+05 1.713400e+00 1.353709e+00 7.236765e-01 1.166688e+00 
1792 Cas1792 1.301786e+05 1.757572e+00 5.047573e-01 5.801134e-01 8.335513e-01 
1793 Cas1793 1.209099e+05 1.333552e+00 1.710435e+00 1.695202e+00 8.620104e-01 
1794 Cas1794 1.383286e+05 6.430946e-01 6.112078e-01 1.574057e+00 1.938814e+00 
1795 Cas1795 1.159434e+05 1.704581e+00 5.534502e-01 1.925564e+00 1.156599e+00 
1796 Cas1796 1.211258e+05 1.915718e+00 1.195499e+00 1.726375e+00 1.030645e+00 
1797 Cas1797 1.296076e+05 1.097578e+00 1.622170e+00 1.455639e+00 9.731579e-01 
1798 Cas1798 1.260217e+05 1.762979e+00 8.996126e-01 9.408046e-01 5.165134e-01 
1799 Cas1799 1.276109e+05 1.082320e+00 7.549557e-01 1.709645e+00 1.550612e+00 
1800 Cas1800 1.215672e+05 1.562935e+00 7.050721e-01 1.058197e+00 7.807808e-01 
