# Code_Saturne plot output (1D profile)
#
# Iteration output: 4498
# Time output:      2.30004e+01
#
#COLUMN_TITLES: Distance | X | Y | Z | diameter_Field2 | temp_Field1 | temp_Field2 | Velocity_Field1[Z] | Velocity_Field2[Z] | vol_f_Field2 | mass_trans_Field1 | Xd_Field2 | BK | COAL | COMP | NUCL | W1 | MT | SMBR | ALPBB | CONDNUM | GAMA | GAMANUC | epsilon_Field1
 4.56474e-03  1.39645e-04  0.00000e+00  3.47944e+00  1.67375e-04  3.59917e+02  3.60056e+02  4.99582e+00  5.03273e+00  1.31340e-01  3.34213e+01  2.08168e+02  1.41161e+05 -9.38021e+05  1.39123e+03  0.00000e+00 -7.95470e+05  2.46232e+04 -7.70846e+05  1.31331e-01  1.00000e+00 -3.34865e+01  0.00000e+00  6.40280e-01 
 4.57812e-03  3.76525e-04  4.25872e-21  3.47944e+00  1.99521e-04  3.59917e+02  3.60056e+02  4.99484e+00  5.04021e+00  1.32502e-01  2.65970e+01  1.74629e+02  2.45145e+05 -7.01013e+05  1.16828e+03  0.00000e+00 -4.54700e+05  1.62932e+04 -4.38407e+05  1.32494e-01  1.00000e+00 -2.66492e+01  0.00000e+00  6.48870e-01 
 4.60371e-03  6.13858e-04  0.00000e+00  3.47944e+00  2.18176e-04  3.59919e+02  3.60056e+02  4.99305e+00  5.04326e+00  1.34611e-01  2.38252e+01  1.59697e+02  3.00067e+05 -6.14547e+05  1.06918e+03  0.00000e+00 -3.13411e+05  1.31381e+04 -3.00273e+05  1.34603e-01  1.00000e+00 -2.38725e+01  0.00000e+00  6.65498e-01 
 4.64138e-03  8.51483e-04  0.00000e+00  3.47944e+00  2.28898e-04  3.59921e+02  3.60056e+02  4.99052e+00  5.04336e+00  1.37626e-01  2.25849e+01  1.52217e+02  3.36080e+05 -5.84533e+05  1.01942e+03  0.00000e+00 -2.47433e+05  1.16108e+04 -2.35822e+05  1.37619e-01  1.00000e+00 -2.26305e+01  0.00000e+00  6.90494e-01 
 4.69084e-03  1.08931e-03  0.00000e+00  3.47944e+00  2.35518e-04  3.59924e+02  3.60056e+02  4.98713e+00  5.04137e+00  1.41622e-01  2.19951e+01  1.47938e+02  3.67505e+05 -5.80719e+05  9.90787e+02  0.00000e+00 -2.12224e+05  1.06800e+04 -2.01544e+05  1.41615e-01  1.00000e+00 -2.20405e+01  0.00000e+00  7.24303e-01 
 4.75174e-03  1.32727e-03  1.05001e-20  3.47944e+00  2.39987e-04  3.59928e+02  3.60056e+02  4.98279e+00  5.03776e+00  1.46573e-01  2.17018e+01  1.45184e+02  3.99710e+05 -5.91949e+05  9.72162e+02  0.00000e+00 -1.91267e+05  9.99260e+03 -1.81274e+05  1.46566e-01  1.00000e+00 -2.17479e+01  0.00000e+00  7.67690e-01 
 4.82366e-03  1.56534e-03  0.00000e+00  3.47944e+00  2.43384e-04  3.59933e+02  3.60055e+02  4.97744e+00  5.03274e+00  1.52502e-01  2.15348e+01  1.43157e+02  4.34858e+05 -6.13356e+05  9.58270e+02  0.00000e+00 -1.77540e+05  9.39784e+03 -1.68142e+05  1.52495e-01  1.00000e+00 -2.15821e+01  0.00000e+00  8.21574e-01 
 4.90611e-03  1.80349e-03  8.81027e-21  3.47944e+00  2.46323e-04  3.59939e+02  3.60055e+02  4.97097e+00  5.02639e+00  1.59377e-01  2.13905e+01  1.41449e+02  4.73805e+05 -6.42302e+05  9.46375e+02  0.00000e+00 -1.67550e+05  8.82639e+03 -1.58723e+05  1.59371e-01  1.00000e+00 -2.14394e+01  0.00000e+00  8.87118e-01 
 4.99859e-03  2.04170e-03  0.00000e+00  3.47944e+00  2.49179e-04  3.59945e+02  3.60055e+02  4.96325e+00  5.01868e+00  1.67181e-01  2.12013e+01  1.39827e+02  5.16672e+05 -6.77199e+05  9.34930e+02  0.00000e+00 -1.59592e+05  8.24528e+03 -1.51347e+05  1.67174e-01  1.00000e+00 -2.12522e+01  0.00000e+00  9.65653e-01 
 5.10055e-03  2.27996e-03  7.58893e-21  3.47944e+00  2.52193e-04  3.59952e+02  3.60055e+02  4.95415e+00  5.00953e+00  1.75851e-01  2.09149e+01  1.38157e+02  5.63139e+05 -7.16731e+05  9.23005e+02  0.00000e+00 -1.52669e+05  7.64152e+03 -1.45027e+05  1.75844e-01  1.00000e+00 -2.09679e+01  0.00000e+00  1.05873e+00 
 5.21143e-03  2.51826e-03  7.09702e-21  3.47944e+00  2.55529e-04  3.59959e+02  3.60055e+02  4.94349e+00  4.99883e+00  1.85325e-01  2.04929e+01  1.36353e+02  6.12493e+05 -7.59716e+05  9.10021e+02  0.00000e+00 -1.46313e+05  7.01297e+03 -1.39300e+05  1.85317e-01  1.00000e+00 -2.05482e+01  0.00000e+00  1.16801e+00 
 5.33068e-03  2.75659e-03  1.33300e-20  3.47944e+00  2.59298e-04  3.59967e+02  3.60055e+02  4.93108e+00  4.98640e+00  1.95481e-01  1.99054e+01  1.34371e+02  6.63790e+05 -8.04816e+05  8.95667e+02  0.00000e+00 -1.40131e+05  6.36543e+03 -1.33765e+05  1.95473e-01  1.00000e+00 -1.99631e+01  0.00000e+00  1.29535e+00 
 5.45775e-03  2.99495e-03  1.25651e-20  3.47944e+00  2.63573e-04  3.59974e+02  3.60055e+02  4.91674e+00  4.97207e+00  2.06239e-01  1.91392e+01  1.32191e+02  7.15785e+05 -8.50833e+05  8.79758e+02  0.00000e+00 -1.34168e+05  5.70834e+03 -1.28460e+05  2.06232e-01  1.00000e+00 -1.91991e+01  0.00000e+00  1.44256e+00 
 5.59212e-03  3.23333e-03  0.00000e+00  3.47944e+00  2.68379e-04  3.59982e+02  3.60055e+02  4.90026e+00  4.95566e+00  2.17408e-01  1.81871e+01  1.29825e+02  7.67409e+05 -8.96327e+05  8.62261e+02  0.00000e+00 -1.28056e+05  5.05495e+03 -1.23001e+05  2.17403e-01  1.00000e+00 -1.82492e+01  0.00000e+00  1.61186e+00 
 5.73326e-03  3.47172e-03  0.00000e+00  3.47944e+00  2.73713e-04  3.59990e+02  3.60055e+02  4.88146e+00  4.93699e+00  2.28904e-01  1.70629e+01  1.27295e+02  8.17270e+05 -9.40251e+05  8.43464e+02  0.00000e+00 -1.22138e+05  4.41801e+03 -1.17720e+05  2.28901e-01  1.00000e+00 -1.71269e+01  0.00000e+00  1.80485e+00 
 5.88069e-03  3.71014e-03 -5.35987e-21  3.47944e+00  2.79510e-04  3.59998e+02  3.60055e+02  4.86019e+00  4.91588e+00  2.40499e-01  1.57812e+01  1.24655e+02  8.64627e+05 -9.81445e+05  8.23493e+02  0.00000e+00 -1.15995e+05  3.81009e+03 -1.12185e+05  2.40495e-01  1.00000e+00 -1.58470e+01  0.00000e+00  2.02381e+00 
 6.03395e-03  3.94857e-03  5.10973e-21  3.47944e+00  2.85686e-04  3.60006e+02  3.60055e+02  4.83634e+00  4.89224e+00  2.52098e-01  1.43761e+01  1.21960e+02  9.08652e+05 -1.01939e+06  8.02985e+02  0.00000e+00 -1.09939e+05  3.24129e+03 -1.06698e+05  2.52093e-01  1.00000e+00 -1.44435e+01  0.00000e+00  2.27029e+00 
 6.19261e-03  4.18701e-03  0.00000e+00  3.47944e+00  2.92100e-04  3.60014e+02  3.60055e+02  4.80981e+00  4.86593e+00  2.63590e-01  1.28785e+01  1.19282e+02  9.49133e+05 -1.05403e+06  7.82303e+02  0.00000e+00 -1.04116e+05  2.71783e+03 -1.01398e+05  2.63584e-01  1.00000e+00 -1.29473e+01  0.00000e+00  2.54636e+00 
 6.35626e-03  4.42546e-03  0.00000e+00  3.47944e+00  2.98590e-04  3.60022e+02  3.60056e+02  4.78059e+00  4.83691e+00  2.74900e-01  1.13249e+01  1.16690e+02  9.86217e+05 -1.08570e+06  7.61942e+02  0.00000e+00 -9.87220e+04  2.24372e+03 -9.64782e+04  2.74894e-01  1.00000e+00 -1.13950e+01  0.00000e+00  2.85412e+00 
 6.52453e-03  4.66392e-03 -8.96437e-21  3.47944e+00  3.04943e-04  3.60029e+02  3.60056e+02  4.74866e+00  4.80515e+00  2.85931e-01  9.74289e+00  1.14259e+02  1.02070e+06 -1.11518e+06  7.42262e+02  0.00000e+00 -9.37457e+04  1.81917e+03 -9.19266e+04  2.85926e-01  1.00000e+00 -9.81403e+00  0.00000e+00  3.19651e+00 
 6.69707e-03  4.90238e-03  1.72236e-20  3.47944e+00  3.10951e-04  3.60036e+02  3.60056e+02  4.71402e+00  4.77061e+00  2.96623e-01  8.15708e+00  1.12052e+02  1.05337e+06 -1.14341e+06  7.23787e+02  0.00000e+00 -8.93250e+04  1.44202e+03 -8.78829e+04  2.96618e-01  1.00000e+00 -8.22931e+00  0.00000e+00  3.57557e+00 
 6.87356e-03  5.14086e-03  8.28595e-21  3.47944e+00  3.16367e-04  3.60043e+02  3.60056e+02  4.67666e+00  4.73323e+00  3.06859e-01  6.58250e+00  1.10134e+02  1.08597e+06 -1.17176e+06  7.06716e+02  0.00000e+00 -8.50853e+04  1.10810e+03 -8.39772e+04  3.06854e-01  1.00000e+00 -6.65582e+00  0.00000e+00  3.99643e+00 
 7.05370e-03  5.37934e-03 -1.59677e-20  3.47944e+00  3.21010e-04  3.60050e+02  3.60056e+02  4.63652e+00  4.69293e+00  3.16679e-01  5.03004e+00  1.08541e+02  1.11960e+06 -1.20172e+06  6.91465e+02  0.00000e+00 -8.14271e+04  8.11571e+02 -8.06155e+04  3.16675e-01  1.00000e+00 -5.10457e+00  0.00000e+00  4.46277e+00 
 7.23722e-03  5.61783e-03  0.00000e+00  3.47944e+00  3.24670e-04  3.60056e+02  3.60056e+02  4.59350e+00  4.64957e+00  3.26062e-01  3.50056e+00  1.07318e+02  1.15623e+06 -1.23519e+06  6.78177e+02  0.00000e+00 -7.82795e+04  5.46028e+02 -7.77334e+04  3.26058e-01  1.00000e+00 -3.57646e+00  0.00000e+00  4.98280e+00 
 7.42387e-03  5.85632e-03  0.00000e+00  3.47944e+00  3.27241e-04  3.60062e+02  3.60056e+02  4.54736e+00  4.60289e+00  3.35085e-01  1.98960e+00  1.06475e+02  1.19702e+06 -1.27373e+06  6.66967e+02  0.00000e+00 -7.60429e+04  3.04681e+02 -7.57382e+04  3.35080e-01  1.00000e+00 -2.06710e+00  0.00000e+00  5.56366e+00 
 7.61342e-03  6.09482e-03  0.00000e+00  3.47944e+00  3.28556e-04  3.60068e+02  3.60056e+02  4.49799e+00  4.55272e+00  3.43698e-01  4.87145e-01  1.06050e+02  1.24439e+06 -1.31946e+06  6.57834e+02  0.00000e+00 -7.44054e+04  8.10903e+01 -7.43243e+04  3.43691e-01  1.00000e+00 -5.66562e-01  0.00000e+00  6.21945e+00 
 7.80566e-03  6.33332e-03  0.00000e+00  3.47944e+00  3.28610e-04  3.60073e+02  3.60057e+02  4.44481e+00  4.49854e+00  3.52033e-01 -2.36020e+00  1.06033e+02  1.29930e+06 -1.37397e+06  6.50751e+02  0.00000e+00 -7.40207e+04 -3.04917e+02 -7.43256e+04  3.52022e-01  1.00000e+00  2.18239e+00  0.00000e+00  6.96149e+00 
 8.00039e-03  6.57182e-03  0.00000e+00  3.47944e+00  3.27256e-04  3.60079e+02  3.60057e+02  4.38785e+00  4.44028e+00  3.59997e-01 -5.83202e+00  1.06472e+02  1.36509e+06 -1.44004e+06  6.45700e+02  0.00000e+00 -7.43007e+04 -7.74930e+02 -7.50757e+04  3.59985e-01  1.00000e+00  5.64849e+00  0.00000e+00  7.81502e+00 
 8.19744e-03  6.81033e-03  1.31016e-20  3.47944e+00  3.24538e-04  3.60084e+02  3.60057e+02  4.32581e+00  4.37672e+00  3.67740e-01 -9.52843e+00  1.07364e+02  1.44314e+06 -1.51996e+06  6.42601e+02  0.00000e+00 -7.61757e+04 -1.26464e+03 -7.74403e+04  3.67730e-01  1.00000e+00  9.33816e+00  0.00000e+00  8.80002e+00 
 8.39664e-03  7.04884e-03  0.00000e+00  3.47944e+00  3.20265e-04  3.60089e+02  3.60057e+02  4.25940e+00  4.30850e+00  3.75190e-01 -1.36292e+01  1.08798e+02  1.53880e+06 -1.61877e+06  6.41762e+02  0.00000e+00 -7.93322e+04 -1.80654e+03 -8.11387e+04  3.75186e-01  1.00000e+00  1.34308e+01  0.00000e+00  9.96264e+00 
 8.59784e-03  7.28736e-03  0.00000e+00  3.47944e+00  3.14506e-04  3.60095e+02  3.60058e+02  4.18516e+00  4.23222e+00  3.82531e-01 -1.84068e+01  1.10790e+02  1.65512e+06 -1.74085e+06  6.42524e+02  0.00000e+00 -8.50911e+04 -2.44483e+03 -8.75359e+04  3.82533e-01  1.00000e+00  1.81989e+01  0.00000e+00  1.13455e+01 
 8.80092e-03  7.52587e-03  0.00000e+00  3.47944e+00  3.06957e-04  3.60101e+02  3.60058e+02  4.10666e+00  4.15142e+00  3.89618e-01 -2.42911e+01  1.13516e+02  1.80291e+06 -1.89624e+06  6.45707e+02  0.00000e+00 -9.26839e+04 -3.25299e+03 -9.59369e+04  3.89623e-01  1.00000e+00  2.40716e+01  0.00000e+00  1.30498e+01 
 9.00573e-03  7.76439e-03 -1.17014e-20  3.47944e+00  2.97716e-04  3.60108e+02  3.60058e+02  4.01376e+00  4.05592e+00  3.96762e-01 -3.19926e+01  1.17040e+02  1.98797e+06 -2.09469e+06  6.51165e+02  0.00000e+00 -1.06064e+05 -4.34540e+03 -1.10409e+05  3.96766e-01  1.00000e+00  3.17591e+01  0.00000e+00  1.51523e+01 
 9.21216e-03  8.00291e-03  0.00000e+00  3.47944e+00  2.86229e-04  3.60117e+02  3.60059e+02  3.91870e+00  3.95798e+00  4.03748e-01 -4.28056e+01  1.21738e+02  2.23725e+06 -2.36106e+06  6.60259e+02  0.00000e+00 -1.23153e+05 -5.95128e+03 -1.29105e+05  4.03753e-01  1.00000e+00  4.25543e+01  0.00000e+00  1.79324e+01 
 9.42012e-03  8.24144e-03  0.00000e+00  3.47944e+00  2.72558e-04  3.60129e+02  3.60059e+02  3.79419e+00  3.83033e+00  4.10906e-01 -5.91619e+01  1.27845e+02  2.56974e+06 -2.72314e+06  6.71716e+02  0.00000e+00 -1.52735e+05 -8.49804e+03 -1.61233e+05  4.10910e-01  1.00000e+00  5.88883e+01  0.00000e+00  2.16009e+01 
 9.62949e-03  8.47996e-03  0.00000e+00  3.47944e+00  2.55724e-04  3.60147e+02  3.60060e+02  3.66917e+00  3.70124e+00  4.18103e-01 -8.64304e+01  1.36263e+02  3.06106e+06 -3.25618e+06  6.91479e+02  0.00000e+00 -1.94426e+05 -1.30190e+04 -2.07445e+05  4.18105e-01  1.00000e+00  8.61267e+01  0.00000e+00  2.69891e+01 
 9.84019e-03  8.71849e-03  0.00000e+00  3.47944e+00  2.35592e-04  3.60177e+02  3.60060e+02  3.48238e+00  3.51081e+00  4.25442e-01 -1.37270e+02  1.47908e+02  3.80056e+06 -4.07227e+06  7.13303e+02  0.00000e+00 -2.70997e+05 -2.20801e+04 -2.93077e+05  4.25440e-01  1.00000e+00  1.36925e+02  0.00000e+00  3.49996e+01 
 1.00521e-02  8.95702e-03  0.00000e+00  3.47944e+00  2.10089e-04  3.60231e+02  3.60061e+02  3.29817e+00  3.32334e+00  4.32996e-01 -2.51593e+02  1.65865e+02  5.14613e+06 -5.52457e+06  7.50884e+02  0.00000e+00 -3.77694e+05 -4.46355e+04 -4.22330e+05  4.32991e-01  1.00000e+00  2.51185e+02  0.00000e+00  4.99023e+01 
 1.02653e-02  9.19555e-03  0.00000e+00  3.47944e+00  1.79168e-04  3.60359e+02  3.60062e+02  2.96258e+00  2.98403e+00  4.41131e-01 -5.83730e+02  1.94493e+02  7.89701e+06 -8.37233e+06  7.84695e+02  0.00000e+00 -4.74531e+05 -1.19273e+05 -5.93804e+05  4.41121e-01  1.00000e+00  5.83223e+02  0.00000e+00  8.25480e+01 
 1.04795e-02  9.43408e-03  0.00000e+00  3.47944e+00  1.44405e-04  3.60811e+02  3.60063e+02  2.48254e+00  2.49649e+00  4.52560e-01 -5.44081e+03  2.41319e+02  1.55561e+07 -1.43778e+07  8.41384e+02  1.30319e+06  2.48236e+06 -2.52278e+06 -4.04119e+04  4.52558e-01  1.00000e+00  5.44014e+03  3.31355e+03  2.08292e+02 
