# Code_Saturne plot output (1D profile)
#
# Iteration output: 4597
# Time output:      2.30001e+01
#
#COLUMN_TITLES: Distance | X | Y | Z | diameter_Field2 | temp_Field1 | temp_Field2 | Velocity_Field1[Z] | Velocity_Field2[Z] | vol_f_Field2 | mass_trans_Field1 | Xd_Field2 | BK | COAL | COMP | NUCL | W1 | MT | SMBR | ALPBB | CONDNUM | GAMA | GAMANUC | epsilon_Field1
 4.56474e-03  1.39645e-04  0.00000e+00  3.47944e+00  1.75206e-04  3.59905e+02  3.60056e+02  5.05147e+00  5.09033e+00  1.54934e-01  4.03484e+01  1.98857e+02  1.30391e+05 -7.63620e+05  1.37372e+03  0.00000e+00 -6.31856e+05  1.90766e+04 -6.12779e+05  1.54905e-01  1.00000e+00 -4.05800e+01  0.00000e+00  7.61680e-01 
 4.57812e-03  3.76525e-04  4.25872e-21  3.47944e+00  2.04544e-04  3.59906e+02  3.60056e+02  5.05027e+00  5.09682e+00  1.56127e-01  3.29949e+01  1.70336e+02  1.83889e+05 -5.90663e+05  1.17769e+03  0.00000e+00 -4.05597e+05  1.32602e+04 -3.92337e+05  1.56100e-01  1.00000e+00 -3.31854e+01  0.00000e+00  7.71767e-01 
 4.60371e-03  6.13858e-04  0.00000e+00  3.47944e+00  2.24109e-04  3.59907e+02  3.60056e+02  5.04819e+00  5.09973e+00  1.58264e-01  2.94648e+01  1.55464e+02  2.12330e+05 -5.14650e+05  1.07566e+03  0.00000e+00 -3.01244e+05  1.06620e+04 -2.90582e+05  1.58237e-01  1.00000e+00 -2.96364e+01  0.00000e+00  7.91289e-01 
 4.64138e-03  8.51483e-04  0.00000e+00  3.47944e+00  2.37360e-04  3.59909e+02  3.60056e+02  5.04529e+00  5.10002e+00  1.61292e-01  2.75767e+01  1.46785e+02  2.31587e+05 -4.79726e+05  1.01600e+03  0.00000e+00 -2.47123e+05  9.24539e+03 -2.37877e+05  1.61266e-01  1.00000e+00 -2.77394e+01  0.00000e+00  8.20618e-01 
 4.69084e-03  1.08931e-03  0.00000e+00  3.47944e+00  2.47298e-04  3.59912e+02  3.60056e+02  5.04140e+00  5.09833e+00  1.65284e-01  2.64152e+01  1.40887e+02  2.48471e+05 -4.64092e+05  9.75311e+02  0.00000e+00 -2.14645e+05  8.29556e+03 -2.06350e+05  1.65259e-01  1.00000e+00 -2.65737e+01  0.00000e+00  8.60201e-01 
 4.75174e-03  1.32727e-03  1.05001e-20  3.47944e+00  2.55565e-04  3.59915e+02  3.60056e+02  5.03644e+00  5.09501e+00  1.70189e-01  2.55855e+01  1.36329e+02  2.65315e+05 -4.58860e+05  9.43711e+02  0.00000e+00 -1.92601e+05  7.55191e+03 -1.85049e+05  1.70165e-01  1.00000e+00 -2.57425e+01  0.00000e+00  9.10847e-01 
 4.82366e-03  1.56534e-03  0.00000e+00  3.47944e+00  2.63135e-04  3.59919e+02  3.60056e+02  5.03033e+00  5.09023e+00  1.76016e-01  2.48940e+01  1.32407e+02  2.82794e+05 -4.59804e+05  9.16375e+02  0.00000e+00 -1.76094e+05  6.90130e+03 -1.69193e+05  1.75992e-01  1.00000e+00 -2.50510e+01  0.00000e+00  9.73498e-01 
 4.90611e-03  1.80349e-03  8.81027e-21  3.47944e+00  2.70592e-04  3.59924e+02  3.60056e+02  5.02292e+00  5.08400e+00  1.82706e-01  2.42255e+01  1.28758e+02  3.00925e+05 -4.64447e+05  8.90800e+02  0.00000e+00 -1.62631e+05  6.29305e+03 -1.56338e+05  1.82682e-01  1.00000e+00 -2.43834e+01  0.00000e+00  1.04934e+00 
 4.99859e-03  2.04170e-03  0.00000e+00  3.47944e+00  2.78311e-04  3.59930e+02  3.60056e+02  5.01409e+00  5.07630e+00  1.90220e-01  2.35119e+01  1.25187e+02  3.19363e+05 -4.71235e+05  8.65641e+02  0.00000e+00 -1.51006e+05  5.70517e+03 -1.45301e+05  1.90195e-01  1.00000e+00 -2.36713e+01  0.00000e+00  1.13967e+00 
 5.10055e-03  2.27996e-03  7.58893e-21  3.47944e+00  2.86527e-04  3.59936e+02  3.60056e+02  5.00367e+00  5.06703e+00  1.98458e-01  2.27066e+01  1.21597e+02  3.37614e+05 -4.78941e+05  8.40218e+02  0.00000e+00 -1.40487e+05  5.13117e+03 -1.35356e+05  1.98433e-01  1.00000e+00 -2.28675e+01  0.00000e+00  1.24598e+00 
 5.21143e-03  2.51826e-03  7.09702e-21  3.47944e+00  2.95381e-04  3.59943e+02  3.60056e+02  4.99150e+00  5.05605e+00  2.07334e-01  2.17857e+01  1.17953e+02  3.55097e+05 -4.86682e+05  8.14285e+02  0.00000e+00 -1.30771e+05  4.57272e+03 -1.26198e+05  2.07310e-01  1.00000e+00 -2.19480e+01  0.00000e+00  1.36976e+00 
 5.33068e-03  2.75659e-03  1.33300e-20  3.47944e+00  3.04928e-04  3.59950e+02  3.60056e+02  4.97740e+00  5.04320e+00  2.16723e-01  2.07395e+01  1.14260e+02  3.71283e+05 -4.93742e+05  7.87835e+02  0.00000e+00 -1.21671e+05  4.03583e+03 -1.17635e+05  2.16702e-01  1.00000e+00 -2.09031e+01  0.00000e+00  1.51266e+00 
 5.45775e-03  2.99495e-03  1.25651e-20  3.47944e+00  3.15164e-04  3.59957e+02  3.60056e+02  4.96123e+00  5.02832e+00  2.26593e-01  1.95776e+01  1.10549e+02  3.85685e+05 -4.99791e+05  7.61034e+02  0.00000e+00 -1.13345e+05  3.52720e+03 -1.09818e+05  2.26575e-01  1.00000e+00 -1.97422e+01  0.00000e+00  1.67624e+00 
 5.59212e-03  3.23333e-03  0.00000e+00  3.47944e+00  3.25994e-04  3.59965e+02  3.60056e+02  4.94282e+00  5.01126e+00  2.36747e-01  1.83100e+01  1.06877e+02  3.98138e+05 -5.04441e+05  7.34178e+02  0.00000e+00 -1.05568e+05  3.05426e+03 -1.02514e+05  2.36731e-01  1.00000e+00 -1.84752e+01  0.00000e+00  1.86255e+00 
 5.73326e-03  3.47172e-03  0.00000e+00  3.47944e+00  3.37262e-04  3.59973e+02  3.60056e+02  4.92211e+00  4.99191e+00  2.47116e-01  1.69616e+01  1.03306e+02  4.08456e+05 -5.07700e+05  7.07827e+02  0.00000e+00 -9.85363e+04  2.62193e+03 -9.59144e+04  2.47103e-01  1.00000e+00 -1.71272e+01  0.00000e+00  2.07250e+00 
 5.88069e-03  3.71014e-03 -5.35987e-21  3.47944e+00  3.48721e-04  3.59981e+02  3.60056e+02  4.89901e+00  4.97015e+00  2.57471e-01  1.55516e+01  9.99116e+01  4.16951e+05 -5.09603e+05  6.82401e+02  0.00000e+00 -9.19694e+04  2.23339e+03 -8.97360e+04  2.57464e-01  1.00000e+00 -1.57173e+01  0.00000e+00  2.30805e+00 
 6.03395e-03  3.94857e-03  5.10973e-21  3.47944e+00  3.60077e-04  3.59989e+02  3.60056e+02  4.87352e+00  4.94593e+00  2.67684e-01  1.41087e+01  9.67605e+01  4.23973e+05 -5.10484e+05  6.58575e+02  0.00000e+00 -8.58524e+04  1.88936e+03 -8.39631e+04  2.67684e-01  1.00000e+00 -1.42744e+01  0.00000e+00  2.57022e+00 
 6.19261e-03  4.18701e-03  0.00000e+00  3.47944e+00  3.70992e-04  3.59997e+02  3.60056e+02  4.84561e+00  4.91916e+00  2.77646e-01  1.26531e+01  9.39139e+01  4.30134e+05 -5.10907e+05  6.36614e+02  0.00000e+00 -8.01368e+04  1.58768e+03 -7.85491e+04  2.77650e-01  1.00000e+00 -1.28189e+01  0.00000e+00  2.86091e+00 
 6.35626e-03  4.42546e-03  0.00000e+00  3.47944e+00  3.81142e-04  3.60006e+02  3.60056e+02  4.81529e+00  4.88979e+00  2.87381e-01  1.12080e+01  9.14133e+01  4.36040e+05 -5.11669e+05  6.16896e+02  0.00000e+00 -7.50116e+04  1.32480e+03 -7.36869e+04  2.87382e-01  1.00000e+00 -1.13742e+01  0.00000e+00  3.18262e+00 
 6.52453e-03  4.66392e-03 -8.96437e-21  3.47944e+00  3.90202e-04  3.60014e+02  3.60056e+02  4.78257e+00  4.85774e+00  2.96866e-01  9.78021e+00  8.92909e+01  4.42393e+05 -5.13511e+05  5.99466e+02  0.00000e+00 -7.05190e+04  1.09555e+03 -6.94234e+04  2.96858e-01  1.00000e+00 -9.94707e+00  0.00000e+00  3.53887e+00 
 6.69707e-03  4.90238e-03  1.72236e-20  3.47944e+00  3.97915e-04  3.60023e+02  3.60056e+02  4.74737e+00  4.82294e+00  3.06109e-01  8.37218e+00  8.75604e+01  4.49702e+05 -5.17080e+05  5.84490e+02  0.00000e+00 -6.67929e+04  8.94558e+02 -6.58984e+04  3.06093e-01  1.00000e+00 -8.54038e+00  0.00000e+00  3.93210e+00 
 6.87356e-03  5.14086e-03  8.28595e-21  3.47944e+00  4.04050e-04  3.60031e+02  3.60056e+02  4.70963e+00  4.78524e+00  3.15035e-01  6.97581e+00  8.62312e+01  4.58701e+05 -5.22963e+05  5.71872e+02  0.00000e+00 -6.36895e+04  7.16260e+02 -6.29733e+04  3.15015e-01  1.00000e+00 -7.14598e+00  0.00000e+00  4.36830e+00 
 7.05370e-03  5.37934e-03 -1.59677e-20  3.47944e+00  4.08491e-04  3.60039e+02  3.60056e+02  4.66921e+00  4.74453e+00  3.23702e-01  5.58206e+00  8.52940e+01  4.69766e+05 -5.31705e+05  5.61604e+02  0.00000e+00 -6.13778e+04  5.55290e+02 -6.08225e+04  3.23680e-01  1.00000e+00 -5.75498e+00  0.00000e+00  4.85192e+00 
 7.23722e-03  5.61783e-03  0.00000e+00  3.47944e+00  4.11129e-04  3.60047e+02  3.60057e+02  4.62597e+00  4.70058e+00  3.32036e-01  4.17380e+00  8.47471e+01  4.83586e+05 -5.43810e+05  5.53538e+02  0.00000e+00 -5.96703e+04  4.06590e+02 -5.92637e+04  3.32014e-01  1.00000e+00 -4.35028e+00  0.00000e+00  5.39231e+00 
 7.42387e-03  5.85632e-03  0.00000e+00  3.47944e+00  4.11981e-04  3.60055e+02  3.60057e+02  4.57953e+00  4.65312e+00  3.40136e-01  2.73486e+00  8.45721e+01  5.00424e+05 -5.59799e+05  5.47578e+02  0.00000e+00 -5.88279e+04  2.65482e+02 -5.85624e+04  3.40116e-01  1.00000e+00 -2.91585e+00  0.00000e+00  5.99643e+00 
 7.61342e-03  6.09482e-03  0.00000e+00  3.47944e+00  4.11007e-04  3.60063e+02  3.60057e+02  4.52988e+00  4.60207e+00  3.47919e-01  1.24279e+00  8.47730e+01  5.21126e+05 -5.80296e+05  5.43521e+02  0.00000e+00 -5.86264e+04  1.27524e+02 -5.84989e+04  3.47901e-01  1.00000e+00 -1.42930e+00  0.00000e+00  6.68002e+00 
 7.80566e-03  6.33332e-03  0.00000e+00  3.47944e+00  4.08301e-04  3.60071e+02  3.60057e+02  4.47629e+00  4.54676e+00  3.55520e-01 -3.28355e-01  8.53352e+01  5.45998e+05 -6.05978e+05  5.41299e+02  0.00000e+00 -5.94384e+04 -1.18854e+01 -5.94503e+04  3.55501e-01  1.00000e+00  1.35226e-01  0.00000e+00  7.45463e+00 
 8.00039e-03  6.57182e-03  0.00000e+00  3.47944e+00  4.03834e-04  3.60079e+02  3.60057e+02  4.41892e+00  4.48730e+00  3.62852e-01 -4.61230e+00  8.62795e+01  5.76312e+05 -6.37868e+05  5.40758e+02  0.00000e+00 -6.10147e+04 -3.62947e+02 -6.13777e+04  3.62833e-01  1.00000e+00  4.16844e+00  0.00000e+00  8.34823e+00 
 8.19744e-03  6.81033e-03  1.31016e-20  3.47944e+00  3.97710e-04  3.60087e+02  3.60058e+02  4.35618e+00  4.42217e+00  3.70040e-01 -8.80236e+00  8.76086e+01  6.12644e+05 -6.77081e+05  5.41870e+02  0.00000e+00 -6.38957e+04 -7.22920e+02 -6.46186e+04  3.70021e-01  1.00000e+00  8.33876e+00  0.00000e+00  9.37969e+00 
 8.39664e-03  7.04884e-03  0.00000e+00  3.47944e+00  3.89795e-04  3.60095e+02  3.60058e+02  4.28924e+00  4.35253e+00  3.76970e-01 -1.35788e+01  8.93881e+01  6.57325e+05 -7.25759e+05  5.44821e+02  0.00000e+00 -6.78897e+04 -1.13675e+03 -6.90264e+04  3.76952e-01  1.00000e+00  1.30919e+01  0.00000e+00  1.05997e+01 
 8.59784e-03  7.28736e-03  0.00000e+00  3.47944e+00  3.80165e-04  3.60103e+02  3.60058e+02  4.21385e+00  4.27414e+00  3.83871e-01 -1.92452e+01  9.16529e+01  7.11825e+05 -7.86443e+05  5.49113e+02  0.00000e+00 -7.40693e+04 -1.63760e+03 -7.57069e+04  3.83851e-01  1.00000e+00  1.87308e+01  0.00000e+00  1.20514e+01 
 8.80092e-03  7.52587e-03  0.00000e+00  3.47944e+00  3.68545e-04  3.60113e+02  3.60059e+02  4.13481e+00  4.19181e+00  3.90576e-01 -2.62740e+01  9.45436e+01  7.81039e+05 -8.63744e+05  5.55475e+02  0.00000e+00 -8.21496e+04 -2.28033e+03 -8.44300e+04  3.90553e-01  1.00000e+00  2.57263e+01  0.00000e+00  1.38481e+01 
 9.00573e-03  7.76439e-03 -1.17014e-20  3.47944e+00  3.54991e-04  3.60124e+02  3.60059e+02  4.03993e+00  4.09333e+00  3.97388e-01 -3.54499e+01  9.81539e+01  8.67985e+05 -9.63433e+05  5.63844e+02  0.00000e+00 -9.48841e+04 -3.15314e+03 -9.80373e+04  3.97363e-01  1.00000e+00  3.48621e+01  0.00000e+00  1.60634e+01 
 9.21216e-03  8.00291e-03  0.00000e+00  3.47944e+00  3.38979e-04  3.60137e+02  3.60059e+02  3.94449e+00  3.99399e+00  4.04078e-01 -4.81733e+01  1.02791e+02  9.84880e+05 -1.09697e+06  5.75511e+02  0.00000e+00 -1.11515e+05 -4.42795e+03 -1.15943e+05  4.04054e-01  1.00000e+00  4.75351e+01  0.00000e+00  1.90039e+01 
 9.42012e-03  8.24144e-03  0.00000e+00  3.47944e+00  3.20512e-04  3.60154e+02  3.60060e+02  3.81660e+00  3.86192e+00  4.10968e-01 -6.70482e+01  1.08715e+02  1.14123e+06 -1.28026e+06  5.89279e+02  0.00000e+00 -1.38439e+05 -6.42686e+03 -1.44866e+05  4.10945e-01  1.00000e+00  6.63466e+01  0.00000e+00  2.28756e+01 
 9.62949e-03  8.47996e-03  0.00000e+00  3.47944e+00  2.98645e-04  3.60178e+02  3.60060e+02  3.69208e+00  3.73223e+00  4.17926e-01 -9.76952e+01  1.16676e+02  1.37205e+06 -1.54885e+06  6.10565e+02  0.00000e+00 -1.76196e+05 -9.90708e+03 -1.86103e+05  4.17905e-01  1.00000e+00  9.69086e+01  0.00000e+00  2.86025e+01 
 9.84019e-03  8.71849e-03  0.00000e+00  3.47944e+00  2.73210e-04  3.60216e+02  3.60061e+02  3.49892e+00  3.53444e+00  4.25051e-01 -1.53022e+02  1.27540e+02  1.71957e+06 -1.96245e+06  6.33471e+02  0.00000e+00 -2.42245e+05 -1.67143e+04 -2.58960e+05  4.25028e-01  1.00000e+00  1.52120e+02  0.00000e+00  3.70992e+01 
 1.00521e-02  8.95702e-03  0.00000e+00  3.47944e+00  2.42184e-04  3.60283e+02  3.60062e+02  3.31543e+00  3.34674e+00  4.32400e-01 -2.72431e+02  1.43880e+02  2.34719e+06 -2.68513e+06  6.69788e+02  0.00000e+00 -3.37271e+05 -3.30589e+04 -3.70330e+05  4.32380e-01  1.00000e+00  2.71354e+02  0.00000e+00  5.30583e+01 
 1.02653e-02  9.19555e-03  0.00000e+00  3.47944e+00  2.05497e-04  3.60432e+02  3.60063e+02  2.96504e+00  2.99144e+00  4.40382e-01 -6.02083e+02  1.69570e+02  3.62240e+06 -4.08777e+06  7.02878e+02  0.00000e+00 -4.64671e+05 -8.47040e+04 -5.49375e+05  4.40351e-01  1.00000e+00  6.00728e+02  0.00000e+00  8.76757e+01 
 1.04795e-02  9.43408e-03  0.00000e+00  3.47944e+00  1.62938e-04  3.60921e+02  3.60064e+02  2.48302e+00  2.50011e+00  4.51640e-01 -5.50260e+03  2.13866e+02  7.27784e+06 -7.09069e+06  7.63878e+02  1.82232e+06  2.01023e+06 -2.03875e+06 -2.85212e+04  4.51615e-01  1.00000e+00  5.50075e+03  3.43589e+03  2.21293e+02 
