# Code_Saturne plot output (1D profile)
#
# Iteration output: 3640
# Time output:      2.30005e+01
#
#COLUMN_TITLES: Distance | X | Y | Z | diameter_Field2 | temp_Field1 | temp_Field2 | Velocity_Field1[Z] | Velocity_Field2[Z] | vol_f_Field2 | mass_trans_Field1 | Xd_Field2 | BK | COAL | COMP | NUCL | W1 | MT | SMBR | ALPBB | CONDNUM | GAMA | GAMANUC | epsilon_Field1
 4.56474e-03  1.39645e-04  0.00000e+00  3.47944e+00  3.40344e-05  3.58903e+02  3.60049e+02  4.28564e+00  4.28923e+00  9.53376e-03  1.49275e+02  1.02407e+03  3.66237e-34 -7.37858e+05  4.91190e+03  0.00000e+00 -7.32946e+05  5.83041e+06  5.09746e+06  9.52794e-03  1.00000e+00 -1.49578e+02  0.00000e+00  3.33368e-01 
 4.57812e-03  3.76525e-04  4.25872e-21  3.47944e+00  4.92504e-05  3.58906e+02  3.60049e+02  4.28533e+00  4.29149e+00  1.01959e-02  9.53445e+01  7.07684e+02  1.38119e-14 -4.22942e+05  3.37873e+03  0.00000e+00 -4.19563e+05  2.40579e+06  1.98623e+06  1.01907e-02  1.00000e+00 -9.55392e+01  0.00000e+00  3.36798e-01 
 4.60371e-03  6.13858e-04  0.00000e+00  3.47944e+00  6.24814e-05  3.58912e+02  3.60049e+02  4.28408e+00  4.29288e+00  1.10494e-02  7.42887e+01  5.57826e+02  3.71172e-07 -3.07607e+05  2.66102e+03  0.00000e+00 -3.04946e+05  1.36329e+06  1.05834e+06  1.10443e-02  1.00000e+00 -7.44414e+01  0.00000e+00  3.43450e-01 
 4.64138e-03  8.51483e-04  0.00000e+00  3.47944e+00  7.37778e-05  3.58923e+02  3.60049e+02  4.28217e+00  4.29322e+00  1.22216e-02  6.53032e+01  4.72414e+02  1.73033e-03 -2.58578e+05  2.25330e+03  0.00000e+00 -2.56325e+05  9.17525e+05  6.61200e+05  1.22162e-02  1.00000e+00 -6.54388e+01  0.00000e+00  3.53459e-01 
 4.69084e-03  1.08931e-03  0.00000e+00  3.47944e+00  8.39601e-05  3.58938e+02  3.60049e+02  4.27953e+00  4.29264e+00  1.37214e-02  6.10547e+01  4.15122e+02  2.87037e-01 -2.35525e+05  1.98012e+03  0.00000e+00 -2.33544e+05  6.71391e+05  4.37847e+05  1.37157e-02  1.00000e+00 -6.11832e+01  0.00000e+00  3.66969e-01 
 4.75174e-03  1.32727e-03  1.05001e-20  3.47944e+00  9.35021e-05  3.58958e+02  3.60049e+02  4.27618e+00  4.29124e+00  1.55766e-02  5.92054e+01  3.72759e+02  9.25949e+00 -2.25625e+05  1.77803e+03  0.00000e+00 -2.23838e+05  5.14967e+05  2.91129e+05  1.55709e-02  1.00000e+00 -5.93322e+01  0.00000e+00  3.84240e-01 
 4.82366e-03  1.56534e-03  0.00000e+00  3.47944e+00  1.02633e-04  3.58982e+02  3.60049e+02  4.27213e+00  4.28904e+00  1.78273e-02  5.88177e+01  3.39597e+02  1.15213e+02 -2.23895e+05  1.61972e+03  0.00000e+00 -2.22160e+05  4.07239e+05  1.85079e+05  1.78213e-02  1.00000e+00 -5.89465e+01  0.00000e+00  4.05661e-01 
 4.90611e-03  1.80349e-03  8.81027e-21  3.47944e+00  1.11428e-04  3.59010e+02  3.60049e+02  4.26732e+00  4.28602e+00  2.05204e-02  5.94329e+01  3.12791e+02  7.68118e+02 -2.28178e+05  1.49155e+03  0.00000e+00 -2.25918e+05  3.29302e+05  1.03384e+05  2.05127e-02  1.00000e+00 -5.95665e+01  0.00000e+00  4.31631e-01 
 4.99859e-03  2.04170e-03  0.00000e+00  3.47944e+00  1.19855e-04  3.59041e+02  3.60049e+02  4.26175e+00  4.28212e+00  2.37074e-02  6.08575e+01  2.90800e+02  3.29643e+03 -2.37682e+05  1.38619e+03  0.00000e+00 -2.32999e+05  2.71366e+05  3.83667e+04  2.36981e-02  1.00000e+00 -6.09985e+01  0.00000e+00  4.62713e-01 
 5.10055e-03  2.27996e-03  7.58893e-21  3.47944e+00  1.27801e-04  3.59077e+02  3.60049e+02  4.25537e+00  4.27728e+00  2.74533e-02  6.30072e+01  2.72720e+02  1.02010e+04 -2.52422e+05  1.29939e+03  0.00000e+00 -2.40922e+05  2.27543e+05 -1.33791e+04  2.74430e-02  1.00000e+00 -6.31585e+01  0.00000e+00  4.99528e-01 
 5.21143e-03  2.51826e-03  7.09702e-21  3.47944e+00  1.35113e-04  3.59116e+02  3.60049e+02  4.24814e+00  4.27143e+00  3.18237e-02  6.58638e+01  2.57961e+02  2.46550e+04 -2.72865e+05  1.22823e+03  0.00000e+00 -2.46982e+05  1.94099e+05 -5.28829e+04  3.18125e-02  1.00000e+00 -6.60283e+01  0.00000e+00  5.42935e-01 
 5.33068e-03  2.75659e-03  1.33300e-20  3.47944e+00  1.41654e-04  3.59158e+02  3.60049e+02  4.23998e+00  4.26443e+00  3.69003e-02  6.94343e+01  2.46048e+02  4.94222e+04 -2.99880e+05  1.17047e+03  0.00000e+00 -2.49288e+05  1.68335e+05 -8.09529e+04  3.68878e-02  1.00000e+00 -6.96158e+01  0.00000e+00  5.93922e-01 
 5.45775e-03  2.99495e-03  1.25651e-20  3.47944e+00  1.47354e-04  3.59202e+02  3.60049e+02  4.23085e+00  4.25625e+00  4.27553e-02  7.36857e+01  2.36531e+02  8.61174e+04 -3.34380e+05  1.12400e+03  0.00000e+00 -2.47138e+05  1.48231e+05 -9.89073e+04  4.27409e-02  1.00000e+00 -7.38883e+01  0.00000e+00  6.53604e-01 
 5.59212e-03  3.23333e-03  0.00000e+00  3.47944e+00  1.52235e-04  3.59249e+02  3.60049e+02  4.22064e+00  4.24677e+00  4.94759e-02  7.85538e+01  2.28947e+02  1.35340e+05 -3.77415e+05  1.08659e+03  0.00000e+00 -2.40989e+05  1.32199e+05 -1.08790e+05  4.94592e-02  1.00000e+00 -7.87821e+01  0.00000e+00  7.23314e-01 
 5.73326e-03  3.47172e-03  0.00000e+00  3.47944e+00  1.56400e-04  3.59298e+02  3.60049e+02  4.20926e+00  4.23595e+00  5.71406e-02  8.39159e+01  2.22850e+02  1.97255e+05 -4.29936e+05  1.05609e+03  0.00000e+00 -2.31625e+05  1.19043e+05 -1.12582e+05  5.71215e-02  1.00000e+00 -8.41752e+01  0.00000e+00  8.04690e-01 
 5.88069e-03  3.71014e-03 -5.35987e-21  3.47944e+00  1.60008e-04  3.59347e+02  3.60049e+02  4.19657e+00  4.22369e+00  6.58242e-02  8.91964e+01  2.17825e+02  2.71946e+05 -4.92758e+05  1.03045e+03  0.00000e+00 -2.19782e+05  1.07385e+05 -1.12397e+05  6.58035e-02  1.00000e+00 -8.94911e+01  0.00000e+00  8.99614e-01 
 6.03395e-03  3.94857e-03  5.10973e-21  3.47944e+00  1.63235e-04  3.59398e+02  3.60049e+02  4.18243e+00  4.20989e+00  7.55854e-02  9.36845e+01  2.13519e+02  3.59403e+05 -5.66434e+05  1.00795e+03  0.00000e+00 -2.06023e+05  9.63035e+04 -1.09720e+05  7.55619e-02  1.00000e+00 -9.40173e+01  0.00000e+00  1.01026e+00 
 6.19261e-03  4.18701e-03  0.00000e+00  3.47944e+00  1.66238e-04  3.59448e+02  3.60049e+02  4.16666e+00  4.19442e+00  8.64680e-02  9.76852e+01  2.09663e+02  4.59446e+05 -6.51384e+05  9.87132e+02  0.00000e+00 -1.90950e+05  8.62193e+04 -1.04731e+05  8.64388e-02  1.00000e+00 -9.80604e+01  0.00000e+00  1.13942e+00 
 6.35626e-03  4.42546e-03  0.00000e+00  3.47944e+00  1.69173e-04  3.59498e+02  3.60049e+02  4.14905e+00  4.17696e+00  9.84693e-02  1.00876e+02  2.06026e+02  5.71091e+05 -7.47330e+05  9.67089e+02  0.00000e+00 -1.75272e+05  7.68534e+04 -9.84189e+04  9.84360e-02  1.00000e+00 -1.01298e+02  0.00000e+00  1.28967e+00 
 6.52453e-03  4.66392e-03 -8.96437e-21  3.47944e+00  1.72187e-04  3.59547e+02  3.60049e+02  4.12935e+00  4.15741e+00  1.11547e-01  1.02945e+02  2.02419e+02  6.93280e+05 -8.53438e+05  9.46569e+02  0.00000e+00 -1.59211e+05  6.80472e+04 -9.11643e+04  1.11513e-01  1.00000e+00 -1.03416e+02  0.00000e+00  1.46484e+00 
 6.69707e-03  4.90238e-03  1.72236e-20  3.47944e+00  1.75415e-04  3.59595e+02  3.60049e+02  4.10726e+00  4.13540e+00  1.25629e-01  1.03645e+02  1.98694e+02  8.23426e+05 -9.67938e+05  9.25355e+02  0.00000e+00 -1.43586e+05  5.97361e+04 -8.38503e+04  1.25596e-01  1.00000e+00 -1.04167e+02  0.00000e+00  1.66824e+00 
 6.87356e-03  5.14086e-03  8.28595e-21  3.47944e+00  1.78964e-04  3.59640e+02  3.60049e+02  4.08244e+00  4.11066e+00  1.40589e-01  1.02759e+02  1.94755e+02  9.58901e+05 -1.08849e+06  9.02481e+02  0.00000e+00 -1.28687e+05  5.19008e+04 -7.67858e+04  1.40555e-01  1.00000e+00 -1.03333e+02  0.00000e+00  1.90464e+00 
 7.05370e-03  5.37934e-03 -1.59677e-20  3.47944e+00  1.82911e-04  3.59684e+02  3.60050e+02  4.05456e+00  4.08288e+00  1.56268e-01  1.00250e+02  1.90553e+02  1.09600e+06 -1.21211e+06  8.78117e+02  0.00000e+00 -1.15226e+05  4.45974e+04 -7.06287e+04  1.56234e-01  1.00000e+00 -1.00874e+02  0.00000e+00  2.17845e+00 
 7.23722e-03  5.61783e-03  0.00000e+00  3.47944e+00  1.87287e-04  3.59726e+02  3.60050e+02  4.02328e+00  4.05170e+00  1.72491e-01  9.61291e+01  1.86101e+02  1.23116e+06 -1.33590e+06  8.51884e+02  0.00000e+00 -1.03880e+05  3.78653e+04 -6.60150e+04  1.72455e-01  1.00000e+00 -9.68016e+01  0.00000e+00  2.49513e+00 
 7.42387e-03  5.85632e-03  0.00000e+00  3.47944e+00  1.92068e-04  3.59765e+02  3.60050e+02  3.98824e+00  4.01679e+00  1.88965e-01  9.05547e+01  1.81469e+02  1.36098e+06 -1.45645e+06  8.24499e+02  0.00000e+00 -9.46424e+04  3.17785e+04 -6.28639e+04  1.88925e-01  1.00000e+00 -9.12717e+01  0.00000e+00  2.85988e+00 
 7.61342e-03  6.09482e-03  0.00000e+00  3.47944e+00  1.97161e-04  3.59801e+02  3.60050e+02  3.94919e+00  3.97787e+00  2.05499e-01  8.37764e+01  1.76781e+02  1.48349e+06 -1.57237e+06  7.96165e+02  0.00000e+00 -8.80874e+04  2.63654e+04 -6.17220e+04  2.05454e-01  1.00000e+00 -8.45336e+01  0.00000e+00  3.27993e+00 
 7.80566e-03  6.33332e-03  0.00000e+00  3.47944e+00  2.02415e-04  3.59835e+02  3.60050e+02  3.90587e+00  3.93467e+00  2.21792e-01  7.60996e+01  1.72193e+02  1.59782e+06 -1.68244e+06  7.67952e+02  0.00000e+00 -8.38495e+04  2.16441e+04 -6.22054e+04  2.21739e-01  1.00000e+00 -7.68928e+01  0.00000e+00  3.76200e+00 
 8.00039e-03  6.57182e-03  0.00000e+00  3.47944e+00  2.07593e-04  3.59867e+02  3.60050e+02  3.85813e+00  3.88702e+00  2.37663e-01  6.78384e+01  1.67899e+02  1.70597e+06 -1.78855e+06  7.40344e+02  0.00000e+00 -8.18433e+04  1.75879e+04 -6.42555e+04  2.37594e-01  1.00000e+00 -6.86638e+01  0.00000e+00  4.31809e+00 
 8.19744e-03  6.81033e-03  1.31016e-20  3.47944e+00  2.12443e-04  3.59897e+02  3.60050e+02  3.80563e+00  3.83455e+00  2.52979e-01  5.92733e+01  1.64066e+02  1.81043e+06 -1.89365e+06  7.14386e+02  0.00000e+00 -8.24996e+04  1.41392e+04 -6.83604e+04  2.52896e-01  1.00000e+00 -6.01288e+01  0.00000e+00  4.96033e+00 
 8.39664e-03  7.04884e-03  0.00000e+00  3.47944e+00  2.16617e-04  3.59925e+02  3.60050e+02  3.74822e+00  3.77705e+00  2.67673e-01  5.05978e+01  1.60906e+02  1.91775e+06 -2.00435e+06  6.90483e+02  0.00000e+00 -8.59139e+04  1.12212e+04 -7.46928e+04  2.67582e-01  1.00000e+00 -5.14832e+01  0.00000e+00  5.71376e+00 
 8.59784e-03  7.28736e-03  0.00000e+00  3.47944e+00  2.19820e-04  3.59952e+02  3.60051e+02  3.68494e+00  3.71357e+00  2.81746e-01  4.18707e+01  1.58561e+02  2.03355e+06 -2.12731e+06  6.69488e+02  0.00000e+00 -9.30904e+04  8.73079e+03 -8.43596e+04  2.81658e-01  1.00000e+00 -4.27881e+01  0.00000e+00  6.60410e+00 
 8.80092e-03  7.52587e-03  0.00000e+00  3.47944e+00  2.21634e-04  3.59977e+02  3.60051e+02  3.61568e+00  3.64387e+00  2.95195e-01  3.30381e+01  1.57264e+02  2.17005e+06 -2.27463e+06  6.51581e+02  0.00000e+00 -1.03929e+05  6.56567e+03 -9.73633e+04  2.95114e-01  1.00000e+00 -3.39927e+01  0.00000e+00  7.68838e+00 
 9.00573e-03  7.76439e-03 -1.17014e-20  3.47944e+00  2.21767e-04  3.60001e+02  3.60051e+02  3.53752e+00  3.56506e+00  3.08125e-01  2.38411e+01  1.57171e+02  2.33728e+06 -2.45876e+06  6.37416e+02  0.00000e+00 -1.20844e+05  4.59366e+03 -1.16250e+05  3.08060e-01  1.00000e+00 -2.48411e+01  0.00000e+00  9.02737e+00 
 9.21216e-03  8.00291e-03  0.00000e+00  3.47944e+00  2.19726e-04  3.60026e+02  3.60051e+02  3.45178e+00  3.47832e+00  3.20622e-01  1.38183e+01  1.58632e+02  2.55916e+06 -2.70459e+06  6.27232e+02  0.00000e+00 -1.44799e+05  2.66832e+03 -1.42131e+05  3.20566e-01  1.00000e+00 -1.48771e+01  0.00000e+00  1.07643e+01 
 9.42012e-03  8.24144e-03  0.00000e+00  3.47944e+00  2.15192e-04  3.60052e+02  3.60052e+02  3.34899e+00  3.37426e+00  3.32805e-01  2.02433e+00  1.61975e+02  2.86079e+06 -3.04244e+06  6.21332e+02  0.00000e+00 -1.81032e+05  5.57642e+02 -1.80474e+05  3.32756e-01  1.00000e+00 -3.16076e+00  0.00000e+00  1.30753e+01 
 9.62949e-03  8.47996e-03  0.00000e+00  3.47944e+00  2.07513e-04  3.60080e+02  3.60052e+02  3.23695e+00  3.26057e+00  3.44904e-01 -2.92108e+01  1.67970e+02  3.30859e+06 -3.54211e+06  6.20126e+02  0.00000e+00 -2.32903e+05 -4.70122e+03 -2.37604e+05  3.44844e-01  1.00000e+00  2.66289e+01  0.00000e+00  1.64365e+01 
 9.84019e-03  8.71849e-03  0.00000e+00  3.47944e+00  1.96129e-04  3.60116e+02  3.60052e+02  3.08290e+00  3.10400e+00  3.56905e-01 -8.18721e+01  1.77722e+02  3.99265e+06 -4.31321e+06  6.26354e+02  0.00000e+00 -3.19928e+05 -1.42599e+04 -3.34188e+05  3.56850e-01  1.00000e+00  7.89988e+01  0.00000e+00  2.14926e+01 
 1.00521e-02  8.95702e-03  0.00000e+00  3.47944e+00  1.79619e-04  3.60171e+02  3.60053e+02  2.91080e+00  2.92999e+00  3.68869e-01 -1.87654e+02  1.94059e+02  5.22302e+06 -5.67164e+06  6.40246e+02  0.00000e+00 -4.47983e+05 -3.51536e+04 -4.83137e+05  3.68814e-01  1.00000e+00  1.84332e+02  0.00000e+00  3.06360e+01 
 1.02653e-02  9.19555e-03  0.00000e+00  3.47944e+00  1.57357e-04  3.60290e+02  3.60054e+02  2.63813e+00  2.65500e+00  3.81415e-01 -4.82664e+02  2.21515e+02  7.77594e+06 -8.36632e+06  6.54899e+02  0.00000e+00 -5.89720e+05 -1.00767e+05 -6.90486e+05  3.81360e-01  1.00000e+00  4.78619e+02  0.00000e+00  5.10076e+01 
 1.04795e-02  9.43408e-03  0.00000e+00  3.47944e+00  1.29915e-04  3.60700e+02  3.60054e+02  2.20365e+00  2.21440e+00  3.97941e-01 -5.04226e+03  2.68311e+02  1.50433e+07 -1.46780e+07  6.88930e+02  2.20443e+06  2.57047e+06 -2.66051e+06 -9.00457e+04  3.97854e-01  1.00000e+00  5.03699e+03  3.17899e+03  1.29207e+02 
