# Code_Saturne plot output (1D profile)
#
# Iteration output: 4621
# Time output:      2.30008e+01
#
#COLUMN_TITLES: Distance | X | Y | Z | diameter_Field2 | temp_Field1 | temp_Field2 | Velocity_Field1[Z] | Velocity_Field2[Z] | vol_f_Field2 | mass_trans_Field1 | Xd_Field2 | BK | COAL | COMP | NUCL | W1 | MT | SMBR | ALPBB | CONDNUM | GAMA | GAMANUC | epsilon_Field1
 4.56474e-03  1.39645e-04  0.00000e+00  3.47944e+00  7.54709e-05  3.60055e+02  3.60054e+02  5.03829e+00  5.05127e+00  1.28786e-01  8.23598e+00  4.61682e+02  1.22781e+00 -1.81569e+06  3.09258e+03  0.00000e+00 -1.81260e+06  2.00045e+04 -1.79259e+06  1.28772e-01  1.00000e+00 -8.60198e+00  0.00000e+00  5.43232e-01 
 4.57812e-03  3.76525e-04  4.25872e-21  3.47944e+00  1.11324e-04  3.60055e+02  3.60054e+02  5.03767e+00  5.05938e+00  1.29769e-01  4.85402e+00  3.12993e+02  2.63077e+03 -9.44834e+05  2.10131e+03  0.00000e+00 -9.40102e+05  7.94710e+03 -9.32155e+05  1.29755e-01  1.00000e+00 -5.07479e+00  0.00000e+00  5.51003e-01 
 4.60371e-03  6.13858e-04  0.00000e+00  3.47944e+00  1.41836e-04  3.60055e+02  3.60054e+02  5.03598e+00  5.06524e+00  1.31724e-01  3.47942e+00  2.45660e+02  3.04564e+04 -6.37608e+05  1.65159e+03  0.00000e+00 -6.05500e+05  4.41139e+03 -6.01089e+05  1.31710e-01  1.00000e+00 -3.64252e+00  0.00000e+00  5.66047e-01 
 4.64138e-03  8.51483e-04  0.00000e+00  3.47944e+00  1.64939e-04  3.60056e+02  3.60054e+02  5.03365e+00  5.06861e+00  1.34579e-01  2.78773e+00  2.11251e+02  8.13139e+04 -5.08279e+05  1.42141e+03  0.00000e+00 -4.25544e+05  2.98158e+03 -4.22563e+05  1.34566e-01  1.00000e+00 -2.92481e+00  0.00000e+00  5.88599e-01 
 4.69084e-03  1.08931e-03  0.00000e+00  3.47944e+00  1.81444e-04  3.60057e+02  3.60054e+02  5.03057e+00  5.06951e+00  1.38397e-01  2.36532e+00  1.92034e+02  1.32345e+05 -4.50229e+05  1.29250e+03  0.00000e+00 -3.16592e+05  2.24406e+03 -3.14347e+05  1.38385e-01  1.00000e+00 -2.49026e+00  0.00000e+00  6.19010e-01 
 4.75174e-03  1.32727e-03  1.05001e-20  3.47944e+00  1.92743e-04  3.60058e+02  3.60054e+02  5.02669e+00  5.06821e+00  1.43182e-01  2.05424e+00  1.80777e+02  1.77170e+05 -4.27495e+05  1.21654e+03  0.00000e+00 -2.49109e+05  1.78288e+03 -2.47326e+05  1.43169e-01  1.00000e+00 -2.17431e+00  0.00000e+00  6.57942e-01 
 4.82366e-03  1.56534e-03  0.00000e+00  3.47944e+00  2.00186e-04  3.60059e+02  3.60054e+02  5.02189e+00  5.06514e+00  1.48915e-01  1.78026e+00  1.74055e+02  2.17690e+05 -4.25493e+05  1.17144e+03  0.00000e+00 -2.06631e+05  1.44218e+03 -2.05189e+05  1.48903e-01  1.00000e+00 -1.89987e+00  0.00000e+00  7.06249e-01 
 4.90611e-03  1.80349e-03  8.81027e-21  3.47944e+00  2.04910e-04  3.60061e+02  3.60054e+02  5.02223e+00  5.06880e+00  1.55591e-01  1.50918e+00  1.70043e+02  2.57431e+05 -4.37645e+05  1.13740e+03  0.00000e+00 -1.79076e+05  1.15805e+03 -1.77918e+05  1.55579e-01  1.00000e+00 -1.63156e+00  0.00000e+00  7.65899e-01 
 4.99859e-03  2.04170e-03  0.00000e+00  3.47944e+00  2.07807e-04  3.60063e+02  3.60054e+02  5.01524e+00  5.06198e+00  1.63274e-01  1.19788e+00  1.67672e+02  2.98725e+05 -4.60656e+05  1.12053e+03  0.00000e+00 -1.60810e+05  8.83655e+02 -1.59926e+05  1.63261e-01  1.00000e+00 -1.32492e+00  0.00000e+00  8.38109e-01 
 5.10055e-03  2.27996e-03  7.58893e-21  3.47944e+00  2.09533e-04  3.60065e+02  3.60054e+02  5.00698e+00  5.05348e+00  1.71929e-01  8.37820e-01  1.66291e+02  3.42762e+05 -4.92463e+05  1.11004e+03  0.00000e+00 -1.48591e+05  6.10058e+02 -1.47981e+05  1.71916e-01  1.00000e+00 -9.71187e-01  0.00000e+00  9.23635e-01 
 5.21143e-03  2.51826e-03  7.09702e-21  3.47944e+00  2.10549e-04  3.60067e+02  3.60054e+02  4.99731e+00  5.04334e+00  1.81465e-01  4.18573e-01  1.65488e+02  3.90701e+05 -5.31843e+05  1.10337e+03  0.00000e+00 -1.40038e+05  3.31420e+02 -1.39707e+05  1.81453e-01  1.00000e+00 -5.59576e-01  0.00000e+00  1.02453e+00 
 5.33068e-03  2.75659e-03  1.33300e-20  3.47944e+00  2.11181e-04  3.60069e+02  3.60054e+02  4.98602e+00  5.03141e+00  1.91825e-01 -6.30704e-02  1.64993e+02  4.43150e+05 -5.78032e+05  1.09862e+03  0.00000e+00 -1.33783e+05  4.83832e+01 -1.33734e+05  1.91814e-01  1.00000e+00 -8.66150e-02  0.00000e+00  1.14302e+00 
 5.45775e-03  2.99495e-03  1.25651e-20  3.47944e+00  2.11661e-04  3.60071e+02  3.60053e+02  4.97294e+00  5.01758e+00  2.02932e-01 -1.34017e+00  1.64620e+02  5.00270e+05 -6.30340e+05  1.09443e+03  0.00000e+00 -1.28975e+05 -5.29477e+02 -1.29504e+05  2.02920e-01  1.00000e+00  1.00502e+00  0.00000e+00  1.28143e+00 
 5.59212e-03  3.23333e-03  0.00000e+00  3.47944e+00  2.12142e-04  3.60073e+02  3.60053e+02  4.95782e+00  5.00167e+00  2.14663e-01 -2.61842e+00  1.64246e+02  5.61870e+05 -6.87994e+05  1.08990e+03  0.00000e+00 -1.25034e+05 -1.12410e+03 -1.26158e+05  2.14652e-01  1.00000e+00  2.26221e+00  0.00000e+00  1.44230e+00 
 5.73326e-03  3.47172e-03  0.00000e+00  3.47944e+00  2.12739e-04  3.60075e+02  3.60053e+02  4.94048e+00  4.98350e+00  2.26901e-01 -3.98791e+00  1.63786e+02  6.27411e+05 -7.50137e+05  1.08441e+03  0.00000e+00 -1.21642e+05 -1.69231e+03 -1.23334e+05  2.26890e-01  1.00000e+00  3.60999e+00  0.00000e+00  1.62818e+00 
 5.88069e-03  3.71014e-03 -5.35987e-21  3.47944e+00  2.13516e-04  3.60076e+02  3.60053e+02  4.92067e+00  4.96286e+00  2.39465e-01 -5.41736e+00  1.63190e+02  6.96172e+05 -8.15683e+05  1.07760e+03  0.00000e+00 -1.18433e+05 -2.22064e+03 -1.20654e+05  2.39454e-01  1.00000e+00  5.01758e+00  0.00000e+00  1.84177e+00 
 6.03395e-03  3.94857e-03  5.10973e-21  3.47944e+00  2.14516e-04  3.60078e+02  3.60054e+02  4.89822e+00  4.93958e+00  2.52260e-01 -6.87221e+00  1.62429e+02  7.67063e+05 -8.83667e+05  1.06933e+03  0.00000e+00 -1.15534e+05 -2.69751e+03 -1.18232e+05  2.52249e-01  1.00000e+00  6.45082e+00  0.00000e+00  2.08541e+00 
 6.19261e-03  4.18701e-03  0.00000e+00  3.47944e+00  2.15740e-04  3.60079e+02  3.60054e+02  4.87296e+00  4.91351e+00  2.65047e-01 -8.31361e+00  1.61508e+02  8.39410e+05 -9.52842e+05  1.05921e+03  0.00000e+00 -1.12373e+05 -3.11495e+03 -1.15488e+05  2.65036e-01  1.00000e+00  7.87135e+00  0.00000e+00  2.36239e+00 
 6.35626e-03  4.42546e-03  0.00000e+00  3.47944e+00  2.17175e-04  3.60080e+02  3.60054e+02  4.84474e+00  4.88452e+00  2.77740e-01 -9.71137e+00  1.60441e+02  9.12010e+05 -1.02231e+06  1.04768e+03  0.00000e+00 -1.09249e+05 -3.46983e+03 -1.12719e+05  2.77729e-01  1.00000e+00  9.24915e+00  0.00000e+00  2.67462e+00 
 6.52453e-03  4.66392e-03 -8.96437e-21  3.47944e+00  2.18777e-04  3.60082e+02  3.60054e+02  4.81348e+00  4.85252e+00  2.90199e-01 -1.10366e+01  1.59266e+02  9.84286e+05 -1.09134e+06  1.03484e+03  0.00000e+00 -1.06018e+05 -3.76219e+03 -1.09780e+05  2.90187e-01  1.00000e+00  1.05555e+01  0.00000e+00  3.02525e+00 
 6.69707e-03  4.90238e-03  1.72236e-20  3.47944e+00  2.20490e-04  3.60082e+02  3.60054e+02  4.77911e+00  4.81743e+00  3.02388e-01 -1.22752e+01  1.58030e+02  1.05562e+06 -1.15970e+06  1.02110e+03  0.00000e+00 -1.03059e+05 -3.99690e+03 -1.07056e+05  3.02375e-01  1.00000e+00  1.17765e+01  0.00000e+00  3.41704e+00 
 6.87356e-03  5.14086e-03  8.28595e-21  3.47944e+00  2.22226e-04  3.60083e+02  3.60054e+02  4.74160e+00  4.77920e+00  3.14222e-01 -1.34166e+01  1.56795e+02  1.12623e+06 -1.22755e+06  1.00651e+03  0.00000e+00 -1.00306e+05 -4.18079e+03 -1.04487e+05  3.14209e-01  1.00000e+00  1.29012e+01  0.00000e+00  3.85491e+00 
 7.05370e-03  5.37934e-03 -1.59677e-20  3.47944e+00  2.23895e-04  3.60084e+02  3.60054e+02  4.70092e+00  4.73782e+00  3.25611e-01 -1.44662e+01  1.55627e+02  1.19616e+06 -1.29500e+06  9.91796e+02  0.00000e+00 -9.78485e+04 -4.32534e+03 -1.02174e+05  3.25600e-01  1.00000e+00  1.39350e+01  0.00000e+00  4.34186e+00 
 7.23722e-03  5.61783e-03  0.00000e+00  3.47944e+00  2.25379e-04  3.60084e+02  3.60054e+02  4.65701e+00  4.69321e+00  3.36494e-01 -1.54317e+01  1.54603e+02  1.26650e+06 -1.36305e+06  9.77226e+02  0.00000e+00 -9.55676e+04 -4.44142e+03 -1.00009e+05  3.36483e-01  1.00000e+00  1.48852e+01  0.00000e+00  4.88483e+00 
 7.42387e-03  5.85632e-03  0.00000e+00  3.47944e+00  2.26578e-04  3.60085e+02  3.60054e+02  4.60976e+00  4.64523e+00  3.46879e-01 -1.63425e+01  1.53786e+02  1.33829e+06 -1.43297e+06  9.63420e+02  0.00000e+00 -9.37133e+04 -4.54353e+03 -9.82568e+04  3.46868e-01  1.00000e+00  1.57808e+01  0.00000e+00  5.49100e+00 
 7.61342e-03  6.09482e-03  0.00000e+00  3.47944e+00  2.27363e-04  3.60085e+02  3.60054e+02  4.55905e+00  4.59373e+00  3.56801e-01 -1.72288e+01  1.53255e+02  1.41348e+06 -1.50697e+06  9.50630e+02  0.00000e+00 -9.25376e+04 -4.64485e+03 -9.71824e+04  3.56791e-01  1.00000e+00  1.66517e+01  0.00000e+00  6.17279e+00 
 7.80566e-03  6.33332e-03  0.00000e+00  3.47944e+00  2.27637e-04  3.60085e+02  3.60055e+02  4.50453e+00  4.53837e+00  3.66277e-01 -1.81422e+01  1.53071e+02  1.49385e+06 -1.58709e+06  9.39275e+02  0.00000e+00 -9.22990e+04 -4.76267e+03 -9.70617e+04  3.66269e-01  1.00000e+00  1.75487e+01  0.00000e+00  6.94269e+00 
 8.00039e-03  6.57182e-03  0.00000e+00  3.47944e+00  2.27262e-04  3.60086e+02  3.60055e+02  4.44605e+00  4.47893e+00  3.75333e-01 -1.91422e+01  1.53325e+02  1.58271e+06 -1.67674e+06  9.29592e+02  0.00000e+00 -9.31020e+04 -4.91599e+03 -9.80180e+04  3.75327e-01  1.00000e+00  1.85309e+01  0.00000e+00  7.82348e+00 
 8.19744e-03  6.81033e-03  1.31016e-20  3.47944e+00  2.26152e-04  3.60086e+02  3.60055e+02  4.38269e+00  4.41453e+00  3.84016e-01 -2.03234e+01  1.54078e+02  1.68281e+06 -1.77913e+06  9.21861e+02  0.00000e+00 -9.53965e+04 -5.13105e+03 -1.00528e+05  3.84008e-01  1.00000e+00  1.96922e+01  0.00000e+00  8.83816e+00 
 8.39664e-03  7.04884e-03  0.00000e+00  3.47944e+00  2.24158e-04  3.60086e+02  3.60055e+02  4.31463e+00  4.34528e+00  3.92356e-01 -2.18138e+01  1.55449e+02  1.79958e+06 -1.89990e+06  9.16485e+02  0.00000e+00 -9.94076e+04 -5.44436e+03 -1.04852e+05  3.92344e-01  1.00000e+00  2.11598e+01  0.00000e+00  1.00298e+01 
 8.59784e-03  7.28736e-03  0.00000e+00  3.47944e+00  2.21207e-04  3.60087e+02  3.60056e+02  4.23937e+00  4.26871e+00  4.00439e-01 -2.38243e+01  1.57524e+02  1.93773e+06 -2.04483e+06  9.13470e+02  0.00000e+00 -1.06183e+05 -5.91251e+03 -1.12096e+05  4.00426e-01  1.00000e+00  2.31437e+01  0.00000e+00  1.14435e+01 
 8.80092e-03  7.52587e-03  0.00000e+00  3.47944e+00  2.17109e-04  3.60088e+02  3.60056e+02  4.15893e+00  4.18679e+00  4.08320e-01 -2.66866e+01  1.60498e+02  2.10768e+06 -2.22490e+06  9.13611e+02  0.00000e+00 -1.16306e+05 -6.63046e+03 -1.22937e+05  4.08306e-01  1.00000e+00  2.59743e+01  0.00000e+00  1.31720e+01 
 9.00573e-03  7.76439e-03 -1.17014e-20  3.47944e+00  2.11780e-04  3.60090e+02  3.60056e+02  4.06562e+00  4.09183e+00  4.16079e-01 -3.10008e+01  1.64538e+02  2.31929e+06 -2.45217e+06  9.16345e+02  0.00000e+00 -1.31967e+05 -7.76875e+03 -1.39735e+05  4.16067e-01  1.00000e+00  3.02503e+01  0.00000e+00  1.53132e+01 
 9.21216e-03  8.00291e-03  0.00000e+00  3.47944e+00  2.04916e-04  3.60093e+02  3.60057e+02  3.96803e+00  3.99244e+00  4.23708e-01 -3.78596e+01  1.70051e+02  2.59833e+06 -2.75240e+06  9.23433e+02  0.00000e+00 -1.53143e+05 -9.65975e+03 -1.62803e+05  4.23698e-01  1.00000e+00  3.70615e+01  0.00000e+00  1.81126e+01 
 9.42012e-03  8.24144e-03  0.00000e+00  3.47944e+00  1.96415e-04  3.60098e+02  3.60057e+02  3.84450e+00  3.86690e+00  4.31387e-01 -4.95447e+01  1.77413e+02  2.96920e+06 -3.15705e+06  9.33755e+02  0.00000e+00 -1.86913e+05 -1.30036e+04 -1.99916e+05  4.31378e-01  1.00000e+00  4.86871e+01  0.00000e+00  2.18162e+01 
 9.62949e-03  8.47996e-03  0.00000e+00  3.47944e+00  1.85777e-04  3.60107e+02  3.60058e+02  3.71587e+00  3.73550e+00  4.39187e-01 -7.11082e+01  1.87574e+02  3.50561e+06 -3.74112e+06  9.53891e+02  0.00000e+00 -2.34564e+05 -1.94636e+04 -2.54027e+05  4.39176e-01  1.00000e+00  7.01723e+01  0.00000e+00  2.71877e+01 
 9.84019e-03  8.71849e-03  0.00000e+00  3.47944e+00  1.72820e-04  3.60124e+02  3.60058e+02  3.53138e+00  3.54860e+00  4.47054e-01 -1.15632e+02  2.01639e+02  4.30161e+06 -4.61412e+06  9.75769e+02  0.00000e+00 -3.11534e+05 -3.35667e+04 -3.45100e+05  4.47044e-01  1.00000e+00  1.14594e+02  0.00000e+00  3.51689e+01 
 1.00521e-02  8.95702e-03  0.00000e+00  3.47944e+00  1.56578e-04  3.60160e+02  3.60059e+02  3.34322e+00  3.35863e+00  4.55160e-01 -2.25151e+02  2.22558e+02  5.69965e+06 -6.09599e+06  1.01123e+03  0.00000e+00 -3.95332e+05 -7.11239e+04 -4.66456e+05  4.55148e-01  1.00000e+00  2.23964e+02  0.00000e+00  4.98088e+01 
 1.02653e-02  9.19555e-03  0.00000e+00  3.47944e+00  1.37346e-04  3.60258e+02  3.60060e+02  3.01375e+00  3.02736e+00  4.63694e-01 -5.75141e+02  2.53726e+02  8.44423e+06 -8.79134e+06  1.03051e+03  0.00000e+00 -3.46083e+05 -2.03897e+05 -5.49979e+05  4.63683e-01  1.00000e+00  5.73740e+02  0.00000e+00  8.19916e+01 
 1.04795e-02  9.43408e-03  0.00000e+00  3.47944e+00  1.17851e-04  3.60659e+02  3.60061e+02  2.53338e+00  2.54241e+00  4.75324e-01 -5.58571e+03  2.95703e+02  1.54101e+07 -1.36400e+07  1.04255e+03  1.78253e+06  3.55368e+06 -3.60708e+06 -5.34010e+04  4.75293e-01  1.00000e+00  5.58402e+03  3.25715e+03  2.05536e+02 
