# Code_Saturne plot output (1D profile)
#
# Iteration output: 5780
# Time output:      2.30001e+01
#
#COLUMN_TITLES: Distance | X | Y | Z | diameter_Field2 | temp_Field1 | temp_Field2 | Velocity_Field1[Z] | Velocity_Field2[Z] | vol_f_Field2 | mass_trans_Field1 | Xd_Field2 | BK | COAL | COMP | NUCL | W1 | MT | SMBR | ALPBB | CONDNUM | GAMA | GAMANUC | epsilon_Field1
 4.56474e-03  1.39645e-04  0.00000e+00  3.47944e+00  6.95585e-04  3.60190e+02  3.60077e+02  6.44394e+00  6.57648e+00  4.81110e-01 -2.21567e+01  5.00366e+01  2.78042e+05 -3.29663e+05  6.29627e+02  0.00000e+00 -5.09913e+04 -5.84647e+02 -5.15759e+04  4.81115e-01  1.00000e+00  2.21154e+01  0.00000e+00  3.84484e+00 
 4.57812e-03  3.76525e-04  4.25872e-21  3.47944e+00  6.95888e-04  3.60189e+02  3.60077e+02  6.44278e+00  6.57574e+00  4.81308e-01 -2.21439e+01  5.00148e+01  2.78466e+05 -3.29196e+05  6.29274e+02  0.00000e+00 -5.01011e+04 -5.83814e+02 -5.06849e+04  4.81313e-01  1.00000e+00  2.21026e+01  0.00000e+00  3.86888e+00 
 4.60371e-03  6.13858e-04  0.00000e+00  3.47944e+00  6.95315e-04  3.60189e+02  3.60077e+02  6.43900e+00  6.57196e+00  4.81661e-01 -2.21552e+01  5.00560e+01  2.79989e+05 -3.29776e+05  6.29497e+02  0.00000e+00 -4.91571e+04 -5.84162e+02 -4.97412e+04  4.81666e-01  1.00000e+00  2.21138e+01  0.00000e+00  3.91576e+00 
 4.64138e-03  8.51483e-04  0.00000e+00  3.47944e+00  6.94046e-04  3.60189e+02  3.60077e+02  6.43353e+00  6.56638e+00  4.82204e-01 -2.21887e+01  5.01475e+01  2.82491e+05 -3.31192e+05  6.30210e+02  0.00000e+00 -4.80708e+04 -5.85453e+02 -4.86562e+04  4.82208e-01  1.00000e+00  2.21471e+01  0.00000e+00  3.98587e+00 
 4.69084e-03  1.08931e-03  0.00000e+00  3.47944e+00  6.92045e-04  3.60189e+02  3.60076e+02  6.42621e+00  6.55885e+00  4.82904e-01 -2.22456e+01  5.02925e+01  2.86022e+05 -3.33483e+05  6.31436e+02  0.00000e+00 -4.68302e+04 -5.87793e+02 -4.74180e+04  4.82908e-01  1.00000e+00  2.22037e+01  0.00000e+00  4.07990e+00 
 4.75174e-03  1.32727e-03  1.05001e-20  3.47944e+00  6.89298e-04  3.60188e+02  3.60076e+02  6.41709e+00  6.54943e+00  4.83781e-01 -2.23271e+01  5.04930e+01  2.90593e+05 -3.36701e+05  6.33202e+02  0.00000e+00 -4.54753e+04 -5.91218e+02 -4.60665e+04  4.83784e-01  1.00000e+00  2.22848e+01  0.00000e+00  4.19853e+00 
 4.82366e-03  1.56534e-03  0.00000e+00  3.47944e+00  6.85730e-04  3.60187e+02  3.60076e+02  6.40617e+00  6.53812e+00  4.84817e-01 -2.24363e+01  5.07557e+01  2.96284e+05 -3.40975e+05  6.35581e+02  0.00000e+00 -4.40557e+04 -5.95918e+02 -4.46516e+04  4.84820e-01  1.00000e+00  2.23935e+01  0.00000e+00  4.34273e+00 
 4.90611e-03  1.80349e-03  8.81027e-21  3.47944e+00  6.81286e-04  3.60187e+02  3.60077e+02  6.39352e+00  6.52497e+00  4.86012e-01 -2.25745e+01  5.10868e+01  3.03172e+05 -3.46439e+05  6.38615e+02  0.00000e+00 -4.26284e+04 -6.02009e+02 -4.32304e+04  4.86014e-01  1.00000e+00  2.25311e+01  0.00000e+00  4.51376e+00 
 4.99859e-03  2.04170e-03  0.00000e+00  3.47944e+00  6.75926e-04  3.60186e+02  3.60077e+02  6.37914e+00  6.50989e+00  4.87359e-01 -2.27378e+01  5.14920e+01  3.11342e+05 -3.53229e+05  6.42387e+02  0.00000e+00 -4.12451e+04 -6.09475e+02 -4.18546e+04  4.87360e-01  1.00000e+00  2.26937e+01  0.00000e+00  4.71310e+00 
 5.10055e-03  2.27996e-03  7.58893e-21  3.47944e+00  6.69635e-04  3.60185e+02  3.60077e+02  6.36293e+00  6.49276e+00  4.88848e-01 -2.29325e+01  5.19758e+01  3.20877e+05 -3.61478e+05  6.46965e+02  0.00000e+00 -3.99537e+04 -6.18569e+02 -4.05722e+04  4.88848e-01  1.00000e+00  2.28876e+01  0.00000e+00  4.94226e+00 
 5.21143e-03  2.51826e-03  7.09702e-21  3.47944e+00  6.62432e-04  3.60184e+02  3.60077e+02  6.34492e+00  6.47359e+00  4.90471e-01 -2.31581e+01  5.25410e+01  3.31842e+05 -3.71303e+05  6.52429e+02  0.00000e+00 -3.88086e+04 -6.29346e+02 -3.94380e+04  4.90470e-01  1.00000e+00  2.31123e+01  0.00000e+00  5.20247e+00 
 5.33068e-03  2.75659e-03  1.33300e-20  3.47944e+00  6.54359e-04  3.60183e+02  3.60077e+02  6.32497e+00  6.45218e+00  4.92219e-01 -2.34137e+01  5.31893e+01  3.44332e+05 -3.82808e+05  6.58706e+02  0.00000e+00 -3.78175e+04 -6.41840e+02 -3.84594e+04  4.92218e-01  1.00000e+00  2.33668e+01  0.00000e+00  5.49632e+00 
 5.45775e-03  2.99495e-03  1.25651e-20  3.47944e+00  6.45493e-04  3.60182e+02  3.60077e+02  6.30301e+00  6.42844e+00  4.94090e-01 -2.36983e+01  5.39200e+01  3.58388e+05 -3.96078e+05  6.65809e+02  0.00000e+00 -3.70243e+04 -6.56056e+02 -3.76803e+04  4.94089e-01  1.00000e+00  2.36502e+01  0.00000e+00  5.82527e+00 
 5.59212e-03  3.23333e-03  0.00000e+00  3.47944e+00  6.35909e-04  3.60181e+02  3.60077e+02  6.27892e+00  6.40224e+00  4.96069e-01 -2.40101e+01  5.47328e+01  3.74114e+05 -4.11196e+05  6.73610e+02  0.00000e+00 -3.64081e+04 -6.71994e+02 -3.70801e+04  4.96069e-01  1.00000e+00  2.39607e+01  0.00000e+00  6.19263e+00 
 5.73326e-03  3.47172e-03  0.00000e+00  3.47944e+00  6.25705e-04  3.60180e+02  3.60077e+02  6.25258e+00  6.37349e+00  4.98165e-01 -2.43488e+01  5.56255e+01  3.91557e+05 -4.28241e+05  6.82120e+02  0.00000e+00 -3.60018e+04 -6.89655e+02 -3.66915e+04  4.98166e-01  1.00000e+00  2.42980e+01  0.00000e+00  6.60074e+00 
 5.88069e-03  3.71014e-03 -5.35987e-21  3.47944e+00  6.14956e-04  3.60178e+02  3.60077e+02  6.22386e+00  6.34204e+00  5.00366e-01 -2.47137e+01  5.65981e+01  4.10850e+05 -4.47318e+05  6.91256e+02  0.00000e+00 -3.57775e+04 -7.09074e+02 -3.64866e+04  5.00366e-01  1.00000e+00  2.46613e+01  0.00000e+00  7.05411e+00 
 6.03395e-03  3.94857e-03  5.10973e-21  3.47944e+00  6.03754e-04  3.60177e+02  3.60077e+02  6.19266e+00  6.30787e+00  5.02675e-01 -2.51064e+01  5.76484e+01  4.32052e+05 -4.68533e+05  7.00988e+02  0.00000e+00 -3.57797e+04 -7.30313e+02 -3.65100e+04  5.02674e-01  1.00000e+00  2.50522e+01  0.00000e+00  7.55560e+00 
 6.19261e-03  4.18701e-03  0.00000e+00  3.47944e+00  5.92140e-04  3.60176e+02  3.60077e+02  6.15888e+00  6.27084e+00  5.05065e-01 -2.55273e+01  5.87793e+01  4.55396e+05 -4.92047e+05  7.11222e+02  0.00000e+00 -3.59396e+04 -7.53518e+02 -3.66931e+04  5.05063e-01  1.00000e+00  2.54714e+01  0.00000e+00  8.11186e+00 
 6.35626e-03  4.42546e-03  0.00000e+00  3.47944e+00  5.80186e-04  3.60174e+02  3.60078e+02  6.12234e+00  6.23087e+00  5.07519e-01 -2.59818e+01  5.99906e+01  4.81003e+05 -5.18014e+05  7.21977e+02  0.00000e+00 -3.62888e+04 -7.78924e+02 -3.70678e+04  5.07516e-01  1.00000e+00  2.59238e+01  0.00000e+00  8.72647e+00 
 6.52453e-03  4.66392e-03 -8.96437e-21  3.47944e+00  5.67890e-04  3.60173e+02  3.60078e+02  6.08300e+00  6.18790e+00  5.10002e-01 -2.64740e+01  6.12898e+01  5.09247e+05 -5.46724e+05  7.33247e+02  0.00000e+00 -3.67430e+04 -8.06887e+02 -3.75499e+04  5.10000e-01  1.00000e+00  2.64139e+01  0.00000e+00  9.40916e+00 
 6.69707e-03  4.90238e-03  1.72236e-20  3.47944e+00  5.55309e-04  3.60171e+02  3.60078e+02  6.04058e+00  6.14171e+00  5.12526e-01 -2.70151e+01  6.26787e+01  5.40321e+05 -5.78442e+05  7.45042e+02  0.00000e+00 -3.73758e+04 -8.37853e+02 -3.82136e+04  5.12526e-01  1.00000e+00  2.69526e+01  0.00000e+00  1.01662e+01 
 6.87356e-03  5.14086e-03  8.28595e-21  3.47944e+00  5.42398e-04  3.60170e+02  3.60078e+02  5.99508e+00  6.09230e+00  5.15065e-01 -2.76157e+01  6.41711e+01  5.74805e+05 -6.13667e+05  7.57440e+02  0.00000e+00 -3.81049e+04 -8.72516e+02 -3.89774e+04  5.15065e-01  1.00000e+00  2.75507e+01  0.00000e+00  1.10122e+01 
 7.05370e-03  5.37934e-03 -1.59677e-20  3.47944e+00  5.29209e-04  3.60169e+02  3.60079e+02  5.94602e+00  6.03923e+00  5.17644e-01 -2.82946e+01  6.57708e+01  6.12971e+05 -6.52831e+05  7.70448e+02  0.00000e+00 -3.90897e+04 -9.11647e+02 -4.00013e+04  5.17644e-01  1.00000e+00  2.82269e+01  0.00000e+00  1.19557e+01 
 7.23722e-03  5.61783e-03  0.00000e+00  3.47944e+00  5.15650e-04  3.60168e+02  3.60079e+02  5.89354e+00  5.98264e+00  5.20226e-01 -2.90735e+01  6.75007e+01  6.55770e+05 -6.96755e+05  7.84204e+02  0.00000e+00 -4.02008e+04 -9.56571e+02 -4.11573e+04  5.20227e-01  1.00000e+00  2.90028e+01  0.00000e+00  1.30204e+01 
 7.42387e-03  5.85632e-03  0.00000e+00  3.47944e+00  5.01780e-04  3.60166e+02  3.60079e+02  5.83674e+00  5.92166e+00  5.22846e-01 -2.99844e+01  6.93669e+01  7.03607e+05 -7.46120e+05  7.98699e+02  0.00000e+00 -4.17141e+04 -1.00870e+03 -4.27228e+04  5.22849e-01  1.00000e+00  2.99104e+01  0.00000e+00  1.42179e+01 
 7.61342e-03  6.09482e-03  0.00000e+00  3.47944e+00  4.87454e-04  3.60165e+02  3.60080e+02  5.77620e+00  5.85685e+00  5.25463e-01 -3.10703e+01  7.14060e+01  7.58057e+05 -8.02307e+05  8.14215e+02  0.00000e+00 -4.34358e+04 -1.07057e+03 -4.45064e+04  5.25467e-01  1.00000e+00  3.09927e+01  0.00000e+00  1.55882e+01 
 7.80566e-03  6.33332e-03  0.00000e+00  3.47944e+00  4.72749e-04  3.60165e+02  3.60080e+02  5.70988e+00  5.78620e+00  5.28116e-01 -3.23911e+01  7.36279e+01  8.19813e+05 -8.66412e+05  8.30529e+02  0.00000e+00 -4.57684e+04 -1.14500e+03 -4.69134e+04  5.28118e-01  1.00000e+00  3.23096e+01  0.00000e+00  1.71501e+01 
 8.00039e-03  6.57182e-03  0.00000e+00  3.47944e+00  4.57452e-04  3.60164e+02  3.60080e+02  5.63995e+00  5.71186e+00  5.30761e-01 -3.40346e+01  7.60906e+01  8.91473e+05 -9.40879e+05  8.48525e+02  0.00000e+00 -4.85566e+04 -1.23714e+03 -4.97937e+04  5.30760e-01  1.00000e+00  3.39487e+01  0.00000e+00  1.89686e+01 
 8.19744e-03  6.81033e-03  1.31016e-20  3.47944e+00  4.41669e-04  3.60164e+02  3.60081e+02  5.56093e+00  5.62833e+00  5.33463e-01 -3.61228e+01  7.88104e+01  9.74345e+05 -1.02760e+06  8.67020e+02  0.00000e+00 -5.23889e+04 -1.35311e+03 -5.37420e+04  5.33460e-01  1.00000e+00  3.60319e+01  0.00000e+00  2.10808e+01 
 8.39664e-03  7.04884e-03  0.00000e+00  3.47944e+00  4.25069e-04  3.60165e+02  3.60081e+02  5.48021e+00  5.54305e+00  5.36171e-01 -3.88527e+01  8.18889e+01  1.07348e+06 -1.13116e+06  8.87777e+02  0.00000e+00 -5.67904e+04 -1.50463e+03 -5.82951e+04  5.36168e-01  1.00000e+00  3.87562e+01  0.00000e+00  2.36201e+01 
 8.59784e-03  7.28736e-03  0.00000e+00  3.47944e+00  4.07844e-04  3.60166e+02  3.60082e+02  5.38239e+00  5.44048e+00  5.38929e-01 -4.25108e+01  8.53485e+01  1.19075e+06 -1.25529e+06  9.09498e+02  0.00000e+00 -6.36265e+04 -1.70717e+03 -6.53337e+04  5.38926e-01  1.00000e+00  4.24079e+01  0.00000e+00  2.66197e+01 
 8.80092e-03  7.52587e-03  0.00000e+00  3.47944e+00  3.89425e-04  3.60168e+02  3.60083e+02  5.28911e+00  5.34246e+00  5.41741e-01 -4.75969e+01  8.93861e+01  1.33725e+06 -1.40960e+06  9.35745e+02  0.00000e+00 -7.14112e+04 -1.99166e+03 -7.34028e+04  5.41739e-01  1.00000e+00  4.74864e+01  0.00000e+00  3.03972e+01 
 9.00573e-03  7.76439e-03 -1.17014e-20  3.47944e+00  3.70155e-04  3.60172e+02  3.60083e+02  5.16059e+00  5.20918e+00  5.44605e-01 -5.49167e+01  9.40408e+01  1.51679e+06 -1.60238e+06  9.61917e+02  0.00000e+00 -8.46267e+04 -2.40525e+03 -8.70320e+04  5.44603e-01  1.00000e+00  5.47974e+01  0.00000e+00  3.49933e+01 
 9.21216e-03  8.00291e-03  0.00000e+00  3.47944e+00  3.48981e-04  3.60178e+02  3.60084e+02  5.05420e+00  5.09825e+00  5.47601e-01 -6.59709e+01  9.97477e+01  1.75734e+06 -1.85769e+06  9.97263e+02  0.00000e+00 -9.93469e+04 -3.04858e+03 -1.02396e+05  5.47601e-01  1.00000e+00  6.58406e+01  0.00000e+00  4.12386e+01 
 9.42012e-03  8.24144e-03  0.00000e+00  3.47944e+00  3.26531e-04  3.60188e+02  3.60085e+02  4.86977e+00  4.90848e+00  5.50639e-01 -8.35651e+01  1.06608e+02  2.06950e+06 -2.19920e+06  1.03236e+03  0.00000e+00 -1.28669e+05 -4.10548e+03 -1.32774e+05  5.50640e-01  1.00000e+00  8.34216e+01  0.00000e+00  4.91989e+01 
 9.62949e-03  8.47996e-03  0.00000e+00  3.47944e+00  3.00824e-04  3.60205e+02  3.60085e+02  4.74118e+00  4.77542e+00  5.53920e-01 -1.14124e+02  1.15719e+02  2.53582e+06 -2.70438e+06  1.08749e+03  0.00000e+00 -1.67469e+05 -6.05183e+03 -1.73521e+05  5.53925e-01  1.00000e+00  1.13963e+02  0.00000e+00  6.12469e+01 
 9.84019e-03  8.71849e-03  0.00000e+00  3.47944e+00  2.72456e-04  3.60235e+02  3.60087e+02  4.46527e+00  4.49437e+00  5.57231e-01 -1.72876e+02  1.27771e+02  3.23253e+06 -3.47870e+06  1.13498e+03  0.00000e+00 -2.45040e+05 -1.00654e+04 -2.55105e+05  5.57241e-01  1.00000e+00  1.72691e+02  0.00000e+00  7.89294e+01 
 1.00521e-02  8.95702e-03  0.00000e+00  3.47944e+00  2.37693e-04  3.60293e+02  3.60088e+02  4.27128e+00  4.29680e+00  5.60903e-01 -3.09858e+02  1.46460e+02  4.53430e+06 -4.90706e+06  1.23211e+03  0.00000e+00 -3.71530e+05 -2.05524e+04 -3.92082e+05  5.60914e-01  1.00000e+00  3.09637e+02  0.00000e+00  1.12671e+02 
 1.02653e-02  9.19555e-03  0.00000e+00  3.47944e+00  1.96391e-04  3.60436e+02  3.60089e+02  3.79323e+00  3.81440e+00  5.64754e-01 -7.29236e+02  1.77266e+02  7.30440e+06 -7.91360e+06  1.31648e+03  0.00000e+00 -6.07883e+05 -5.81600e+04 -6.66043e+05  5.64759e-01  1.00000e+00  7.28955e+02  0.00000e+00  1.86031e+02 
 1.04795e-02  9.43408e-03  0.00000e+00  3.47944e+00  1.46570e-04  3.60958e+02  3.60091e+02  3.22158e+00  3.23460e+00  5.71458e-01 -6.76660e+03  2.37527e+02  1.60851e+07 -1.56139e+07  1.53413e+03  1.26140e+06  1.73412e+06 -1.77024e+06 -3.61131e+04  5.71462e-01  1.00000e+00  6.76621e+03  3.80868e+03  4.69565e+02 
