# Code_Saturne plot output (1D profile)
#
# Iteration output: 3777
# Time output:      2.30001e+01
#
#COLUMN_TITLES: Distance | X | Y | Z | diameter_Field2 | temp_Field1 | temp_Field2 | Velocity_Field1[Z] | Velocity_Field2[Z] | vol_f_Field2 | mass_trans_Field1 | Xd_Field2 | BK | COAL | COMP | NUCL | W1 | MT | SMBR | ALPBB | CONDNUM | GAMA | GAMANUC | epsilon_Field1
 4.56474e-03  1.39645e-04  0.00000e+00  3.47944e+00  2.96276e-05  3.59283e+02  3.60049e+02  4.38806e+00  4.39117e+00  2.75319e-02  3.75025e+02  1.17637e+03  4.26727e-35 -3.74749e+06  6.01369e+03  0.00000e+00 -3.74148e+06  1.00306e+07  6.28907e+06  2.75206e-02  1.00000e+00 -3.75840e+02  0.00000e+00  4.59629e-01 
 4.57812e-03  3.76525e-04  4.25872e-21  3.47944e+00  5.97378e-05  3.59279e+02  3.60049e+02  4.38819e+00  4.39703e+00  2.91393e-02  1.46647e+02  5.83432e+02  1.31638e-05 -1.20968e+06  2.97250e+03  0.00000e+00 -1.20671e+06  1.83865e+06  6.31938e+05  2.91298e-02  1.00000e+00 -1.46970e+02  0.00000e+00  4.64297e-01 
 4.60371e-03  6.13858e-04  0.00000e+00  3.47944e+00  8.34067e-05  3.59278e+02  3.60049e+02  4.38699e+00  4.40105e+00  3.06150e-02  9.74005e+01  4.17867e+02  2.91058e+00 -7.22812e+05  2.12882e+03  0.00000e+00 -7.20680e+05  8.32418e+05  1.11738e+05  3.06064e-02  1.00000e+00 -9.76155e+01  0.00000e+00  4.73373e-01 
 4.64138e-03  8.51483e-04  0.00000e+00  3.47944e+00  1.02853e-04  3.59280e+02  3.60049e+02  4.38504e+00  4.40338e+00  3.25268e-02  7.80600e+01  3.38861e+02  2.93461e+02 -5.40951e+05  1.72683e+03  0.00000e+00 -5.38931e+05  5.09177e+05 -2.97534e+04  3.25181e-02  1.00000e+00 -7.82329e+01  0.00000e+00  4.87094e-01 
 4.69084e-03  1.08931e-03  0.00000e+00  3.47944e+00  1.19930e-04  3.59285e+02  3.60049e+02  4.38226e+00  4.40433e+00  3.48598e-02  6.80765e+01  2.90611e+02  3.13744e+03 -4.50515e+05  1.48133e+03  0.00000e+00 -4.45896e+05  3.55332e+05 -9.05634e+04  3.48509e-02  1.00000e+00 -6.82284e+01  0.00000e+00  5.05740e-01 
 4.75174e-03  1.32727e-03  1.05001e-20  3.47944e+00  1.35312e-04  3.59293e+02  3.60049e+02  4.37869e+00  4.40406e+00  3.76586e-02  6.24803e+01  2.57574e+02  1.28720e+04 -4.01152e+05  1.31312e+03  0.00000e+00 -3.86966e+05  2.67558e+05 -1.19409e+05  3.76500e-02  1.00000e+00 -6.26211e+01  0.00000e+00  5.29718e-01 
 4.82366e-03  1.56534e-03  0.00000e+00  3.47944e+00  1.49174e-04  3.59303e+02  3.60049e+02  4.37430e+00  4.40257e+00  4.09597e-02  5.94532e+01  2.33640e+02  3.20695e+04 -3.75128e+05  1.19115e+03  0.00000e+00 -3.41867e+05  2.12320e+05 -1.29548e+05  4.09514e-02  1.00000e+00 -5.95891e+01  0.00000e+00  5.59525e-01 
 4.90611e-03  1.80349e-03  8.81027e-21  3.47944e+00  1.61604e-04  3.59316e+02  3.60049e+02  4.36906e+00  4.39987e+00  4.48116e-02  5.81281e+01  2.15669e+02  6.00275e+04 -3.64487e+05  1.09934e+03  0.00000e+00 -3.03360e+05  1.75144e+05 -1.28216e+05  4.48040e-02  1.00000e+00 -5.82632e+01  0.00000e+00  5.95861e-01 
 4.99859e-03  2.04170e-03  0.00000e+00  3.47944e+00  1.72791e-04  3.59331e+02  3.60049e+02  4.36294e+00  4.39595e+00  4.92635e-02  5.79952e+01  2.01705e+02  9.45549e+04 -3.64793e+05  1.02786e+03  0.00000e+00 -2.69210e+05  1.48661e+05 -1.20549e+05  4.92559e-02  1.00000e+00 -5.81329e+01  0.00000e+00  6.39528e-01 
 5.10055e-03  2.27996e-03  7.58893e-21  3.47944e+00  1.83039e-04  3.59349e+02  3.60049e+02  4.35586e+00  4.39083e+00  5.43585e-02  5.86644e+01  1.90412e+02  1.33666e+05 -3.73167e+05  9.69868e+02  0.00000e+00 -2.38531e+05  1.28654e+05 -1.09877e+05  5.43506e-02  1.00000e+00 -5.88071e+01  0.00000e+00  6.91438e-01 
 5.21143e-03  2.51826e-03  7.09702e-21  3.47944e+00  1.92721e-04  3.59369e+02  3.60049e+02  4.34776e+00  4.38450e+00  6.01597e-02  5.98766e+01  1.80847e+02  1.76032e+05 -3.87674e+05  9.20623e+02  0.00000e+00 -2.10721e+05  1.12693e+05 -9.80285e+04  6.01518e-02  1.00000e+00 -6.00265e+01  0.00000e+00  7.52821e-01 
 5.33068e-03  2.75659e-03  1.33300e-20  3.47944e+00  2.02238e-04  3.59391e+02  3.60049e+02  4.33852e+00  4.37697e+00  6.67314e-02  6.10323e+01  1.72336e+02  2.20557e+05 -4.06710e+05  8.76625e+02  0.00000e+00 -1.85276e+05  9.86871e+04 -8.65894e+04  6.67238e-02  1.00000e+00 -6.11901e+01  0.00000e+00  8.24989e-01 
 5.45775e-03  2.99495e-03  1.25651e-20  3.47944e+00  2.11972e-04  3.59415e+02  3.60049e+02  4.32803e+00  4.36818e+00  7.41089e-02  6.19767e+01  1.64422e+02  2.66104e+05 -4.28730e+05  8.35594e+02  0.00000e+00 -1.61790e+05  8.61001e+04 -7.56902e+04  7.41013e-02  1.00000e+00 -6.21428e+01  0.00000e+00  9.09608e-01 
 5.59212e-03  3.23333e-03  0.00000e+00  3.47944e+00  2.22270e-04  3.59440e+02  3.60049e+02  4.31615e+00  4.35810e+00  8.23341e-02  6.26868e+01  1.56805e+02  3.11170e+05 -4.52326e+05  7.95938e+02  0.00000e+00 -1.40360e+05  7.47623e+04 -6.55978e+04  8.23258e-02  1.00000e+00 -6.28616e+01  0.00000e+00  1.00839e+00 
 5.73326e-03  3.47172e-03  0.00000e+00  3.47944e+00  2.33447e-04  3.59466e+02  3.60049e+02  4.30270e+00  4.34657e+00  9.14219e-02  6.29937e+01  1.49297e+02  3.54085e+05 -4.76038e+05  7.56771e+02  0.00000e+00 -1.21196e+05  6.44268e+04 -5.67695e+04  9.14145e-02  1.00000e+00 -6.31771e+01  0.00000e+00  1.12339e+00 
 5.88069e-03  3.71014e-03 -5.35987e-21  3.47944e+00  2.45785e-04  3.59494e+02  3.60049e+02  4.28747e+00  4.33340e+00  1.01360e-01  6.27360e+01  1.41803e+02  3.93062e+05 -4.98311e+05  7.17514e+02  0.00000e+00 -1.04532e+05  5.49760e+04 -4.95556e+04  1.01350e-01  1.00000e+00 -6.29276e+01  0.00000e+00  1.25687e+00 
 6.03395e-03  3.94857e-03  5.10973e-21  3.47944e+00  2.59504e-04  3.59522e+02  3.60049e+02  4.27026e+00  4.31844e+00  1.12136e-01  6.18386e+01  1.34307e+02  4.26424e+05 -5.17868e+05  6.78182e+02  0.00000e+00 -9.07659e+04  4.63997e+04 -4.43663e+04  1.12125e-01  1.00000e+00 -6.20374e+01  0.00000e+00  1.41107e+00 
 6.19261e-03  4.18701e-03  0.00000e+00  3.47944e+00  2.74731e-04  3.59551e+02  3.60049e+02  4.25081e+00  4.30138e+00  1.23666e-01  6.02521e+01  1.26863e+02  4.53066e+05 -5.33556e+05  6.38862e+02  0.00000e+00 -7.98515e+04  3.87275e+04 -4.11240e+04  1.23658e-01  1.00000e+00 -6.04568e+01  0.00000e+00  1.58895e+00 
 6.35626e-03  4.42546e-03  0.00000e+00  3.47944e+00  2.91458e-04  3.59581e+02  3.60049e+02  4.22892e+00  4.28208e+00  1.35840e-01  5.80129e+01  1.19582e+02  4.72215e+05 -5.44592e+05  6.00334e+02  0.00000e+00 -7.17763e+04  3.20035e+04 -3.97728e+04  1.35836e-01  1.00000e+00 -5.82222e+01  0.00000e+00  1.79249e+00 
 6.52453e-03  4.66392e-03 -8.96437e-21  3.47944e+00  3.09503e-04  3.59610e+02  3.60049e+02  4.20435e+00  4.26025e+00  1.48446e-01  5.51816e+01  1.12611e+02  4.84244e+05 -5.50677e+05  5.63117e+02  0.00000e+00 -6.58703e+04  2.62379e+04 -3.96324e+04  1.48444e-01  1.00000e+00 -5.53938e+01  0.00000e+00  2.02512e+00 
 6.69707e-03  4.90238e-03  1.72236e-20  3.47944e+00  3.28505e-04  3.59640e+02  3.60049e+02  4.17695e+00  4.23570e+00  1.61377e-01  5.19330e+01  1.06097e+02  4.89917e+05 -5.52469e+05  5.28222e+02  0.00000e+00 -6.20242e+04  2.14067e+04 -4.06176e+04  1.61374e-01  1.00000e+00 -5.21472e+01  0.00000e+00  2.28885e+00 
 6.87356e-03  5.14086e-03  8.28595e-21  3.47944e+00  3.47881e-04  3.59671e+02  3.60049e+02  4.14663e+00  4.20818e+00  1.74387e-01  4.83948e+01  1.00188e+02  4.91032e+05 -5.50937e+05  4.96113e+02  0.00000e+00 -5.94092e+04  1.74375e+04 -4.19717e+04  1.74381e-01  1.00000e+00 -4.86101e+01  0.00000e+00  2.58767e+00 
 7.05370e-03  5.37934e-03 -1.59677e-20  3.47944e+00  3.66933e-04  3.59701e+02  3.60049e+02  4.11328e+00  4.17750e+00  1.87402e-01  4.47506e+01  9.49859e+01  4.89338e+05 -5.47770e+05  4.67571e+02  0.00000e+00 -5.79644e+04  1.42309e+04 -4.37335e+04  1.87394e-01  1.00000e+00 -4.49668e+01  0.00000e+00  2.92413e+00 
 7.23722e-03  5.61783e-03  0.00000e+00  3.47944e+00  3.84829e-04  3.59732e+02  3.60049e+02  4.07722e+00  4.14361e+00  2.00161e-01  4.10791e+01  9.05689e+01  4.87158e+05 -5.44469e+05  4.42581e+02  0.00000e+00 -5.68687e+04  1.16671e+04 -4.52016e+04  2.00150e-01  1.00000e+00 -4.12963e+01  0.00000e+00  3.30449e+00 
 7.42387e-03  5.85632e-03  0.00000e+00  3.47944e+00  4.00867e-04  3.59763e+02  3.60050e+02  4.03836e+00  4.10502e+00  2.12728e-01  3.73323e+01  8.69456e+01  4.86087e+05 -5.42954e+05  4.21513e+02  0.00000e+00 -5.64455e+04  9.58267e+03 -4.68628e+04  2.12715e-01  1.00000e+00 -3.75505e+01  0.00000e+00  3.73487e+00 
 7.61342e-03  6.09482e-03  0.00000e+00  3.47944e+00  4.14372e-04  3.59794e+02  3.60050e+02  3.99610e+00  4.06201e+00  2.24940e-01  3.37109e+01  8.41121e+01  4.87899e+05 -5.44563e+05  4.03939e+02  0.00000e+00 -5.62605e+04  7.92209e+03 -4.83384e+04  2.24924e-01  1.00000e+00 -3.39315e+01  0.00000e+00  4.22671e+00 
 7.80566e-03  6.33332e-03  0.00000e+00  3.47944e+00  4.24992e-04  3.59826e+02  3.60050e+02  3.94962e+00  4.01462e+00  2.36962e-01  3.01957e+01  8.20106e+01  4.93175e+05 -5.50593e+05  3.89792e+02  0.00000e+00 -5.70285e+04  6.57348e+03 -5.04550e+04  2.36944e-01  1.00000e+00 -3.04204e+01  0.00000e+00  4.78673e+00 
 8.00039e-03  6.57182e-03  0.00000e+00  3.47944e+00  4.32338e-04  3.59858e+02  3.60050e+02  3.89917e+00  3.96324e+00  2.48510e-01  2.66799e+01  8.06175e+01  5.03398e+05 -5.61840e+05  3.78588e+02  0.00000e+00 -5.80628e+04  5.45059e+03 -5.26122e+04  2.48490e-01  1.00000e+00 -2.69106e+01  0.00000e+00  5.43340e+00 
 8.19744e-03  6.81033e-03  1.31016e-20  3.47944e+00  4.36404e-04  3.59891e+02  3.60050e+02  3.84363e+00  3.90681e+00  2.59828e-01  2.30587e+01  7.98666e+01  5.18762e+05 -5.79494e+05  3.70179e+02  0.00000e+00 -6.03615e+04  4.47115e+03 -5.58904e+04  2.59806e-01  1.00000e+00 -2.32976e+01  0.00000e+00  6.17825e+00 
 8.39664e-03  7.04884e-03  0.00000e+00  3.47944e+00  4.36985e-04  3.59924e+02  3.60050e+02  3.78374e+00  3.84604e+00  2.70658e-01  1.91838e+01  7.97609e+01  5.41165e+05 -6.04818e+05  3.64113e+02  0.00000e+00 -6.32891e+04  3.57554e+03 -5.97136e+04  2.70634e-01  1.00000e+00 -1.94334e+01  0.00000e+00  7.05771e+00 
 8.59784e-03  7.28736e-03  0.00000e+00  3.47944e+00  4.34260e-04  3.59959e+02  3.60051e+02  3.71667e+00  3.77815e+00  2.81280e-01  1.48713e+01  8.02618e+01  5.71062e+05 -6.39525e+05  3.60344e+02  0.00000e+00 -6.81030e+04  2.69617e+03 -6.54068e+04  2.81256e-01  1.00000e+00 -1.51342e+01  0.00000e+00  8.09576e+00 
 8.80092e-03  7.52587e-03  0.00000e+00  3.47944e+00  4.28002e-04  3.59995e+02  3.60051e+02  3.64511e+00  3.70573e+00  2.91542e-01  9.87998e+00  8.14358e+01  6.11768e+05 -6.86599e+05  3.58617e+02  0.00000e+00 -7.44727e+04  1.77178e+03 -7.27010e+04  2.91517e-01  1.00000e+00 -1.01598e+01  0.00000e+00  9.36913e+00 
 9.00573e-03  7.76439e-03 -1.17014e-20  3.47944e+00  4.18396e-04  3.60034e+02  3.60051e+02  3.56087e+00  3.62061e+00  3.01727e-01  3.83461e+00  8.33059e+01  6.65131e+05 -7.49709e+05  3.58680e+02  0.00000e+00 -8.42196e+04  7.12836e+02 -8.35068e+04  3.01703e-01  1.00000e+00 -4.13545e+00  0.00000e+00  1.09374e+01 
 9.21216e-03  8.00291e-03  0.00000e+00  3.47944e+00  4.05012e-04  3.60075e+02  3.60051e+02  3.47391e+00  3.53239e+00  3.11609e-01 -8.73297e+00  8.60595e+01  7.38869e+05 -8.35820e+05  3.60860e+02  0.00000e+00 -9.65901e+04 -1.38001e+03 -9.79701e+04  3.11583e-01  1.00000e+00  8.00334e+00  0.00000e+00  1.29964e+01 
 9.42012e-03  8.24144e-03  0.00000e+00  3.47944e+00  3.87926e-04  3.60122e+02  3.60052e+02  3.36279e+00  3.41859e+00  3.21660e-01 -3.21473e+01  8.98504e+01  8.39193e+05 -9.55112e+05  3.64763e+02  0.00000e+00 -1.15555e+05 -5.46652e+03 -1.21021e+05  3.21637e-01  1.00000e+00  3.13450e+01  0.00000e+00  1.57274e+01 
 9.62949e-03  8.47996e-03  0.00000e+00  3.47944e+00  3.65916e-04  3.60177e+02  3.60052e+02  3.24831e+00  3.29899e+00  3.31713e-01 -6.64605e+01  9.52558e+01  9.89523e+05 -1.13111e+06  3.72238e+02  0.00000e+00 -1.41215e+05 -1.17542e+04 -1.52969e+05  3.31689e-01  1.00000e+00  6.55608e+01  0.00000e+00  1.97617e+01 
 9.84019e-03  8.71849e-03  0.00000e+00  3.47944e+00  3.38767e-04  3.60250e+02  3.60053e+02  3.08044e+00  3.12613e+00  3.41987e-01 -1.22549e+02  1.02891e+02  1.21705e+06 -1.40255e+06  3.81570e+02  0.00000e+00 -1.85122e+05 -2.28256e+04 -2.07948e+05  3.41965e-01  1.00000e+00  1.21516e+02  0.00000e+00  2.57854e+01 
 1.00521e-02  8.95702e-03  0.00000e+00  3.47944e+00  3.04273e-04  3.60357e+02  3.60053e+02  2.90802e+00  2.94861e+00  3.52412e-01 -2.30906e+02  1.14556e+02  1.62553e+06 -1.86761e+06  3.96732e+02  0.00000e+00 -2.41676e+05 -4.66114e+04 -2.88287e+05  3.52389e-01  1.00000e+00  2.29668e+02  0.00000e+00  3.69752e+01 
 1.02653e-02  9.19555e-03  0.00000e+00  3.47944e+00  2.62385e-04  3.60556e+02  3.60054e+02  2.60507e+00  2.63971e+00  3.64049e-01 -4.93591e+02  1.32846e+02  2.44166e+06 -2.73257e+06  4.08162e+02  0.00000e+00 -2.90494e+05 -1.12099e+05 -4.02593e+05  3.64036e-01  1.00000e+00  4.92025e+02  0.00000e+00  6.14590e+01 
 1.04795e-02  9.43408e-03  0.00000e+00  3.47944e+00  2.14081e-04  3.61095e+02  3.60055e+02  2.16063e+00  2.18289e+00  3.78869e-01 -4.68916e+03  1.62823e+02  4.67236e+06 -4.25832e+06  4.29240e+02  1.74592e+06  2.16038e+06 -2.18438e+06 -2.39919e+04  3.78842e-01  1.00000e+00  4.68701e+03  3.23405e+03  1.56108e+02 
