# Code_Saturne plot output (1D profile)
#
# Iteration output: 10677
# Time output:      2.30003e+01
#
#COLUMN_TITLES: Distance | X | Y | Z | diameter_Field2 | temp_Field1 | temp_Field2 | Velocity_Field1[Z] | Velocity_Field2[Z] | vol_f_Field2 | mass_trans_Field1 | Xd_Field2 | BK | COAL | COMP | NUCL | W1 | MT | SMBR | ALPBB | CONDNUM | GAMA | GAMANUC | epsilon_Field1
 4.56474e-03  1.39645e-04  0.00000e+00  3.47944e+00  9.34262e-04  3.60307e+02  3.60118e+02  8.12499e+00  8.30051e+00  6.46069e-01 -3.17244e+01  3.71793e+01  1.29185e+05 -1.26722e+05  9.37173e+02  0.00000e+00  3.39985e+03 -1.21080e+03  2.18905e+03  6.46070e-01  1.00000e+00  3.17203e+01  0.00000e+00  9.53693e+00 
 4.57812e-03  3.76525e-04  4.25872e-21  3.47944e+00  9.32594e-04  3.60306e+02  3.60118e+02  8.12471e+00  8.30042e+00  6.46127e-01 -3.17829e+01  3.72458e+01  1.29732e+05 -1.27320e+05  9.36158e+02  0.00000e+00  3.34878e+03 -1.21509e+03  2.13369e+03  6.46127e-01  1.00000e+00  3.17788e+01  0.00000e+00  9.57759e+00 
 4.60371e-03  6.13858e-04  0.00000e+00  3.47944e+00  9.29218e-04  3.60306e+02  3.60118e+02  8.12088e+00  8.29632e+00  6.46177e-01 -3.18787e+01  3.73811e+01  1.30861e+05 -1.28555e+05  9.39166e+02  0.00000e+00  3.24535e+03 -1.22309e+03  2.02226e+03  6.46177e-01  1.00000e+00  3.18746e+01  0.00000e+00  9.65781e+00 
 4.64138e-03  8.51483e-04  0.00000e+00  3.47944e+00  9.24249e-04  3.60306e+02  3.60118e+02  8.11519e+00  8.28985e+00  6.46264e-01 -3.20041e+01  3.75821e+01  1.32544e+05 -1.30405e+05  9.43675e+02  0.00000e+00  3.08320e+03 -1.23434e+03  1.84886e+03  6.46264e-01  1.00000e+00  3.19999e+01  0.00000e+00  9.77784e+00 
 4.69084e-03  1.08931e-03  0.00000e+00  3.47944e+00  9.17729e-04  3.60305e+02  3.60118e+02  8.10740e+00  8.28078e+00  6.46398e-01 -3.21598e+01  3.78491e+01  1.34795e+05 -1.32886e+05  9.49622e+02  0.00000e+00  2.85784e+03 -1.24889e+03  1.60894e+03  6.46398e-01  1.00000e+00  3.21556e+01  0.00000e+00  9.93907e+00 
 4.75174e-03  1.32727e-03  1.05001e-20  3.47944e+00  9.09732e-04  3.60304e+02  3.60118e+02  8.09769e+00  8.26939e+00  6.46579e-01 -3.23476e+01  3.81818e+01  1.37631e+05 -1.36011e+05  9.57015e+02  0.00000e+00  2.57685e+03 -1.26687e+03  1.30998e+03  6.46578e-01  1.00000e+00  3.23433e+01  0.00000e+00  1.01434e+01 
 4.82366e-03  1.56534e-03  0.00000e+00  3.47944e+00  9.00333e-04  3.60303e+02  3.60118e+02  8.08591e+00  8.25557e+00  6.46810e-01 -3.25685e+01  3.85805e+01  1.41073e+05 -1.39805e+05  9.65800e+02  0.00000e+00  2.23307e+03 -1.28838e+03  9.44689e+02  6.46808e-01  1.00000e+00  3.25642e+01  0.00000e+00  1.03926e+01 
 4.90611e-03  1.80349e-03  8.81027e-21  3.47944e+00  8.89629e-04  3.60302e+02  3.60118e+02  8.07208e+00  8.23938e+00  6.47116e-01 -3.28223e+01  3.90448e+01  1.45142e+05 -1.44283e+05  9.75853e+02  0.00000e+00  1.83498e+03 -1.31343e+03  5.21552e+02  6.47114e-01  1.00000e+00  3.28180e+01  0.00000e+00  1.06904e+01 
 4.99859e-03  2.04170e-03  0.00000e+00  3.47944e+00  8.77724e-04  3.60301e+02  3.60118e+02  8.05613e+00  8.22076e+00  6.47438e-01 -3.31077e+01  3.95744e+01  1.49892e+05 -1.49466e+05  9.87317e+02  0.00000e+00  1.41267e+03 -1.34215e+03  7.05152e+01  6.47435e-01  1.00000e+00  3.31033e+01  0.00000e+00  1.10390e+01 
 5.10055e-03  2.27996e-03  7.58893e-21  3.47944e+00  8.64733e-04  3.60299e+02  3.60118e+02  8.03796e+00  8.19965e+00  6.47884e-01 -3.34246e+01  4.01690e+01  1.55315e+05 -1.55389e+05  1.00005e+03  0.00000e+00  9.26076e+02 -1.37441e+03 -4.48331e+02  6.47881e-01  1.00000e+00  3.34201e+01  0.00000e+00  1.14435e+01 
 5.21143e-03  2.51826e-03  7.09702e-21  3.47944e+00  8.50761e-04  3.60297e+02  3.60118e+02  8.01750e+00  8.17603e+00  6.48392e-01 -3.37726e+01  4.08289e+01  1.61481e+05 -1.62084e+05  1.01410e+03  0.00000e+00  4.11354e+02 -1.41042e+03 -9.99067e+02  6.48388e-01  1.00000e+00  3.37680e+01  0.00000e+00  1.19075e+01 
 5.33068e-03  2.75659e-03  1.33300e-20  3.47944e+00  8.35916e-04  3.60296e+02  3.60118e+02  7.99469e+00  8.14984e+00  6.49029e-01 -3.41506e+01  4.15541e+01  1.68417e+05 -1.69586e+05  1.02933e+03  0.00000e+00 -1.39683e+02 -1.45011e+03 -1.58980e+03  6.49025e-01  1.00000e+00  3.41459e+01  0.00000e+00  1.24383e+01 
 5.45775e-03  2.99495e-03  1.25651e-20  3.47944e+00  8.20295e-04  3.60294e+02  3.60119e+02  7.96935e+00  8.12094e+00  6.49762e-01 -3.45598e+01  4.23456e+01  1.76185e+05 -1.77965e+05  1.04575e+03  0.00000e+00 -7.34642e+02 -1.49375e+03 -2.22839e+03  6.49758e-01  1.00000e+00  3.45549e+01  0.00000e+00  1.30397e+01 
 5.59212e-03  3.23333e-03  0.00000e+00  3.47944e+00  8.03995e-04  3.60292e+02  3.60119e+02  7.94147e+00  8.08933e+00  6.50639e-01 -3.49979e+01  4.32042e+01  1.84837e+05 -1.87270e+05  1.06337e+03  0.00000e+00 -1.37014e+03 -1.54128e+03 -2.91142e+03  6.50635e-01  1.00000e+00  3.49929e+01  0.00000e+00  1.37209e+01 
 5.73326e-03  3.47172e-03  0.00000e+00  3.47944e+00  7.87099e-04  3.60289e+02  3.60119e+02  7.91076e+00  8.05475e+00  6.51586e-01 -3.54681e+01  4.41319e+01  1.94477e+05 -1.97587e+05  1.08218e+03  0.00000e+00 -2.02720e+03 -1.59320e+03 -3.62040e+03  6.51582e-01  1.00000e+00  3.54629e+01  0.00000e+00  1.44876e+01 
 5.88069e-03  3.71014e-03 -5.35987e-21  3.47944e+00  7.69693e-04  3.60287e+02  3.60119e+02  7.87729e+00  8.01729e+00  6.52702e-01 -3.59681e+01  4.51301e+01  2.05155e+05 -2.08989e+05  1.10216e+03  0.00000e+00 -2.73207e+03 -1.64938e+03 -4.38145e+03  6.52697e-01  1.00000e+00  3.59628e+01  0.00000e+00  1.53525e+01 
 6.03395e-03  3.94857e-03  5.10973e-21  3.47944e+00  7.51843e-04  3.60285e+02  3.60120e+02  7.84058e+00  7.97646e+00  6.53882e-01 -3.65037e+01  4.62019e+01  2.17010e+05 -2.21608e+05  1.12331e+03  0.00000e+00 -3.47475e+03 -1.71059e+03 -5.18534e+03  6.53877e-01  1.00000e+00  3.64981e+01  0.00000e+00  1.63215e+01 
 6.19261e-03  4.18701e-03  0.00000e+00  3.47944e+00  7.33616e-04  3.60282e+02  3.60120e+02  7.80089e+00  7.93255e+00  6.55268e-01 -3.70720e+01  4.73500e+01  2.30099e+05 -2.35550e+05  1.14565e+03  0.00000e+00 -4.30526e+03 -1.77663e+03 -6.08189e+03  6.55261e-01  1.00000e+00  3.70663e+01  0.00000e+00  1.74131e+01 
 6.35626e-03  4.42546e-03  0.00000e+00  3.47944e+00  7.15022e-04  3.60280e+02  3.60120e+02  7.75754e+00  7.88487e+00  6.56604e-01 -3.76860e+01  4.85817e+01  2.44720e+05 -2.51014e+05  1.16924e+03  0.00000e+00 -5.12475e+03 -1.84925e+03 -6.97400e+03  6.56599e-01  1.00000e+00  3.76801e+01  0.00000e+00  1.86348e+01 
 6.52453e-03  4.66392e-03 -8.96437e-21  3.47944e+00  6.96131e-04  3.60277e+02  3.60121e+02  7.71103e+00  7.83395e+00  6.58137e-01 -3.83450e+01  4.99005e+01  2.60895e+05 -2.68189e+05  1.19432e+03  0.00000e+00 -6.10020e+03 -1.92816e+03 -8.02835e+03  6.58132e-01  1.00000e+00  3.83388e+01  0.00000e+00  2.00097e+01 
 6.69707e-03  4.90238e-03  1.72236e-20  3.47944e+00  6.76968e-04  3.60274e+02  3.60121e+02  7.65997e+00  7.77842e+00  6.59627e-01 -3.90682e+01  5.13135e+01  2.78977e+05 -2.87303e+05  1.22054e+03  0.00000e+00 -7.10474e+03 -2.01559e+03 -9.12033e+03  6.59620e-01  1.00000e+00  3.90618e+01  0.00000e+00  2.15505e+01 
 6.87356e-03  5.14086e-03  8.28595e-21  3.47944e+00  6.57600e-04  3.60272e+02  3.60122e+02  7.60572e+00  7.71963e+00  6.61321e-01 -3.98549e+01  5.28253e+01  2.99035e+05 -3.08564e+05  1.24846e+03  0.00000e+00 -8.28136e+03 -2.11133e+03 -1.03927e+04  6.61311e-01  1.00000e+00  3.98482e+01  0.00000e+00  2.32919e+01 
 7.05370e-03  5.37934e-03 -1.59677e-20  3.47944e+00  6.38024e-04  3.60269e+02  3.60122e+02  7.54558e+00  7.65490e+00  6.63030e-01 -4.07362e+01  5.44467e+01  3.21465e+05 -3.32402e+05  1.27715e+03  0.00000e+00 -9.66035e+03 -2.21852e+03 -1.18789e+04  6.63016e-01  1.00000e+00  4.07292e+01  0.00000e+00  2.52479e+01 
 7.23722e-03  5.61783e-03  0.00000e+00  3.47944e+00  6.18270e-04  3.60266e+02  3.60123e+02  7.48282e+00  7.58752e+00  6.64924e-01 -4.17181e+01  5.61868e+01  3.46570e+05 -3.59010e+05  1.30754e+03  0.00000e+00 -1.11329e+04 -2.33794e+03 -1.34708e+04  6.64906e-01  1.00000e+00  4.17108e+01  0.00000e+00  2.74799e+01 
 7.42387e-03  5.85632e-03  0.00000e+00  3.47944e+00  5.98323e-04  3.60264e+02  3.60123e+02  7.41157e+00  7.51159e+00  6.66705e-01 -4.28575e+01  5.80607e+01  3.74910e+05 -3.89180e+05  1.33874e+03  0.00000e+00 -1.29315e+04 -2.47527e+03 -1.54068e+04  6.66683e-01  1.00000e+00  4.28498e+01  0.00000e+00  2.99879e+01 
 7.61342e-03  6.09482e-03  0.00000e+00  3.47944e+00  5.78181e-04  3.60262e+02  3.60124e+02  7.33961e+00  7.43493e+00  6.68794e-01 -4.41693e+01  6.00841e+01  4.06850e+05 -4.23176e+05  1.37248e+03  0.00000e+00 -1.49538e+04 -2.63169e+03 -1.75855e+04  6.68768e-01  1.00000e+00  4.41613e+01  0.00000e+00  3.28889e+01 
 7.80566e-03  6.33332e-03  0.00000e+00  3.47944e+00  5.57788e-04  3.60260e+02  3.60124e+02  7.25385e+00  7.34436e+00  6.70579e-01 -4.57719e+01  6.22816e+01  4.43558e+05 -4.62236e+05  1.40663e+03  0.00000e+00 -1.72713e+04 -2.81941e+03 -2.00907e+04  6.70548e-01  1.00000e+00  4.57634e+01  0.00000e+00  3.61790e+01 
 8.00039e-03  6.57182e-03  0.00000e+00  3.47944e+00  5.37098e-04  3.60258e+02  3.60125e+02  7.17250e+00  7.25823e+00  6.72834e-01 -4.76989e+01  6.46817e+01  4.85465e+05 -5.06960e+05  1.44560e+03  0.00000e+00 -2.00489e+04 -3.04110e+03 -2.30900e+04  6.72799e-01  1.00000e+00  4.76900e+01  0.00000e+00  4.00583e+01 
 8.19744e-03  6.81033e-03  1.31016e-20  3.47944e+00  5.16069e-04  3.60257e+02  3.60126e+02  7.06603e+00  7.14676e+00  6.74717e-01 -5.01898e+01  6.73185e+01  5.34377e+05 -5.59516e+05  1.48317e+03  0.00000e+00 -2.36560e+04 -3.32105e+03 -2.69771e+04  6.74681e-01  1.00000e+00  5.01804e+01  0.00000e+00  4.45010e+01 
 8.39664e-03  7.04884e-03  0.00000e+00  3.47944e+00  4.94484e-04  3.60256e+02  3.60127e+02  6.97603e+00  7.05189e+00  6.77243e-01 -5.33454e+01  7.02582e+01  5.91757e+05 -6.21062e+05  1.52969e+03  0.00000e+00 -2.77751e+04 -3.67024e+03 -3.14454e+04  6.77208e-01  1.00000e+00  5.33353e+01  0.00000e+00  4.99302e+01 
 8.59784e-03  7.28736e-03  0.00000e+00  3.47944e+00  4.72410e-04  3.60256e+02  3.60128e+02  6.83886e+00  6.90943e+00  6.79148e-01 -5.77009e+01  7.35425e+01  6.60499e+05 -6.95706e+05  1.57114e+03  0.00000e+00 -3.36361e+04 -4.14381e+03 -3.77799e+04  6.79117e-01  1.00000e+00  5.76902e+01  0.00000e+00  5.62306e+01 
 8.80092e-03  7.52587e-03  0.00000e+00  3.47944e+00  4.49307e-04  3.60258e+02  3.60129e+02  6.74115e+00  6.80671e+00  6.81865e-01 -6.35934e+01  7.73252e+01  7.44690e+05 -7.86533e+05  1.63172e+03  0.00000e+00 -4.02119e+04 -4.78270e+03 -4.49946e+04  6.81839e-01  1.00000e+00  6.35819e+01  0.00000e+00  6.43013e+01 
 9.00573e-03  7.76439e-03 -1.17014e-20  3.47944e+00  4.25442e-04  3.60262e+02  3.60130e+02  6.55655e+00  6.61635e+00  6.83868e-01 -7.23528e+01  8.16648e+01  8.49424e+05 -9.01325e+05  1.67675e+03  0.00000e+00 -5.02240e+04 -5.72997e+03 -5.59539e+04  6.83845e-01  1.00000e+00  7.23404e+01  0.00000e+00  7.40080e+01 
 9.21216e-03  8.00291e-03  0.00000e+00  3.47944e+00  3.99700e-04  3.60269e+02  3.60131e+02  6.45032e+00  6.50493e+00  6.86840e-01 -8.53743e+01  8.69257e+01  9.86986e+05 -1.05023e+06  1.75959e+03  0.00000e+00 -6.14854e+04 -7.16559e+03 -6.86510e+04  6.86820e-01  1.00000e+00  8.53607e+01  0.00000e+00  8.73583e+01 
 9.42012e-03  8.24144e-03  0.00000e+00  3.47944e+00  3.72688e-04  3.60281e+02  3.60132e+02  6.18584e+00  6.23352e+00  6.89077e-01 -1.06728e+02  9.32290e+01  1.16822e+06 -1.25292e+06  1.81249e+03  0.00000e+00 -8.28848e+04 -9.57619e+03 -9.24610e+04  6.89058e-01  1.00000e+00  1.06713e+02  0.00000e+00  1.04292e+02 
 9.62949e-03  8.47996e-03  0.00000e+00  3.47944e+00  3.42329e-04  3.60301e+02  3.60133e+02  6.05749e+00  6.10003e+00  6.92523e-01 -1.43609e+02  1.01499e+02  1.43304e+06 -1.54749e+06  1.93475e+03  0.00000e+00 -1.12512e+05 -1.39588e+04 -1.26471e+05  6.92504e-01  1.00000e+00  1.43592e+02  0.00000e+00  1.30051e+02 
 9.84019e-03  8.71849e-03  0.00000e+00  3.47944e+00  3.09123e-04  3.60340e+02  3.60135e+02  5.67012e+00  5.70495e+00  6.95133e-01 -2.16249e+02  1.12406e+02  1.83352e+06 -2.00624e+06  2.00527e+03  0.00000e+00 -1.70720e+05 -2.31915e+04 -1.93912e+05  6.95117e-01  1.00000e+00  2.16230e+02  0.00000e+00  1.67737e+02 
 1.00521e-02  8.95702e-03  0.00000e+00  3.47944e+00  2.69376e-04  3.60417e+02  3.60136e+02  5.46465e+00  5.49528e+00  6.99768e-01 -3.85912e+02  1.28994e+02  2.55945e+06 -2.82013e+06  2.20574e+03  0.00000e+00 -2.58475e+05 -4.71751e+04 -3.05650e+05  6.99789e-01  1.00000e+00  3.85889e+02  0.00000e+00  2.40063e+02 
 1.02653e-02  9.19555e-03  0.00000e+00  3.47944e+00  2.21750e-04  3.60612e+02  3.60139e+02  4.81546e+00  4.83885e+00  7.02513e-01 -9.22308e+02  1.56707e+02  4.15406e+06 -4.53950e+06  2.34520e+03  0.00000e+00 -3.83098e+05 -1.36408e+05 -5.19506e+05  7.02586e-01  1.00000e+00  9.22279e+02  0.00000e+00  3.99104e+02 
 1.04795e-02  9.43408e-03  0.00000e+00  3.47944e+00  1.64802e-04  3.61340e+02  3.60142e+02  4.10907e+00  4.12560e+00  7.10205e-01 -8.32733e+03  2.10868e+02  9.10318e+06 -8.31580e+06  2.73978e+03  1.73556e+06  2.52568e+06 -2.52919e+06 -3.50846e+03  7.10248e-01  1.00000e+00  8.32729e+03  4.49177e+03  1.01445e+03 
