# Code_Saturne plot output (1D profile)
#
# Iteration output: 1038
# Time output:      2.30008e+01
#
#COLUMN_TITLES: Distance | X | Y | Z | diameter_Field2 | temp_Field1 | temp_Field2 | Velocity_Field1[Z] | Velocity_Field2[Z] | vol_f_Field2 | mass_trans_Field1 | Xd_Field2 | BK | COAL | COMP | NUCL | W1 | MT | SMBR | ALPBB | CONDNUM | GAMA | GAMANUC | epsilon_Field1
 4.56474e-03  1.39645e-04  0.00000e+00  3.47944e+00  1.00000e-05  3.54871e+02  3.60055e+02  3.52718e+00  3.52758e+00  4.14570e-15 -2.71032e-10  3.48575e+03  0.00000e+00 -5.22980e-12  1.11792e+04  0.00000e+00  1.11792e+04 -0.00000e+00  1.33821e+09  1.00000e-20  0.00000e+00  2.71032e-10  0.00000e+00  1.98074e-01 
 4.57812e-03  3.76525e-04  4.25872e-21  3.47944e+00  1.00000e-05  3.54877e+02  3.60055e+02  3.52671e+00  3.52711e+00  4.14259e-15 -2.70975e-10  3.48575e+03  0.00000e+00 -5.24574e-12  1.11779e+04  0.00000e+00  1.11779e+04 -0.00000e+00  1.33841e+09  1.00000e-20  0.00000e+00  2.70975e-10  0.00000e+00  1.99910e-01 
 4.60371e-03  6.13858e-04  0.00000e+00  3.47944e+00  1.00000e-05  3.54890e+02  3.60055e+02  3.52525e+00  3.52565e+00  4.14307e-15 -2.71006e-10  3.48575e+03  0.00000e+00 -5.27694e-12  1.11737e+04  0.00000e+00  1.11737e+04 -0.00000e+00  1.33828e+09  1.00000e-20  0.00000e+00  2.71006e-10  0.00000e+00  2.03540e-01 
 4.64138e-03  8.51483e-04  0.00000e+00  3.47944e+00  1.00000e-05  3.54909e+02  3.60055e+02  3.52315e+00  3.52354e+00  4.14392e-15 -2.71076e-10  3.48575e+03  0.00000e+00 -5.32329e-12  1.11676e+04  0.00000e+00  1.11676e+04 -0.00000e+00  1.33822e+09  1.00000e-20  0.00000e+00  2.71076e-10  0.00000e+00  2.09015e-01 
 4.69084e-03  1.08931e-03  0.00000e+00  3.47944e+00  1.00000e-05  3.54934e+02  3.60055e+02  3.52031e+00  3.52070e+00  4.14264e-15 -2.70932e-10  3.48575e+03  0.00000e+00 -4.15169e-11  1.11594e+04  0.00000e+00  1.11594e+04 -3.46139e-01  1.73387e+08  7.71019e-20  7.71019e-14  2.70932e-10  0.00000e+00  2.16417e-01 
 4.75174e-03  1.32727e-03  1.05001e-20  3.47944e+00  1.00000e-05  3.54965e+02  3.60055e+02  3.51676e+00  3.51715e+00  4.13888e-15 -2.71125e-10  3.48575e+03  0.00000e+00 -3.39761e-10  1.11492e+04  0.00000e+00  1.11492e+04 -3.46385e-01  2.14943e+07  6.22171e-19  6.22171e-13  2.71125e-10  0.00000e+00  2.25848e-01 
 4.82366e-03  1.56534e-03  0.00000e+00  3.47944e+00  1.00000e-05  3.55003e+02  3.60055e+02  3.51247e+00  3.51287e+00  4.10597e-15 -2.70095e-10  3.48575e+03  0.00000e+00 -1.91026e-09  1.11368e+04  0.00000e+00  1.11368e+04 -3.45070e-01  3.89653e+06  3.44090e-18  3.44090e-12  2.70095e-10  0.00000e+00  2.37434e-01 
 4.90611e-03  1.80349e-03  8.81027e-21  3.47944e+00  1.00000e-05  3.55047e+02  3.60055e+02  3.50744e+00  3.50784e+00  3.92845e-15 -2.61027e-10  3.48575e+03  0.00000e+00 -1.35481e-08  1.11227e+04  0.00000e+00  1.11227e+04 -3.33485e-01  5.70788e+05  2.39510e-17  2.39510e-11  2.61027e-10  0.00000e+00  2.51331e-01 
 4.99859e-03  2.04170e-03  0.00000e+00  3.47944e+00  1.00000e-05  3.55097e+02  3.60055e+02  3.50163e+00  3.50202e+00  3.25170e-15 -2.03483e-10  3.48576e+03  0.00000e+00 -9.54782e-08  1.11073e+04  0.00000e+00  1.11073e+04 -2.59968e-01  9.17647e+04  1.65318e-16  1.65318e-10  2.03483e-10  0.00000e+00  2.67712e-01 
 5.10055e-03  2.27996e-03  7.58893e-21  3.47944e+00  1.00000e-05  3.55154e+02  3.60055e+02  3.49501e+00  3.49541e+00  2.05316e-15  7.47622e-11  3.48576e+03  0.00000e+00 -6.64110e-07  1.09276e+04  0.00000e+00  1.09276e+04  9.55153e-02  1.15166e+04  1.12413e-15  1.12413e-09 -7.47622e-11  0.00000e+00  2.86784e-01 
 5.21143e-03  2.51826e-03  7.09702e-21  3.47944e+00  1.00000e-05  3.55217e+02  3.60055e+02  3.48755e+00  3.48794e+00  9.08569e-15  4.90122e-10  3.48576e+03  0.00000e+00 -4.49639e-06  9.39252e+03  0.00000e+00  9.39252e+03  6.26174e-01  1.74770e+03  7.42822e-15  7.42822e-09 -4.90122e-10  0.00000e+00  3.08770e-01 
 5.33068e-03  2.75659e-03  1.33300e-20  3.47944e+00  1.00000e-05  3.55287e+02  3.60055e+02  3.47919e+00  3.47958e+00  5.76354e-14  3.23431e-09  3.48576e+03  0.00000e+00 -3.02969e-05  9.30818e+03  0.00000e+00  9.30818e+03  4.13212e+00  2.66096e+02  4.87786e-14  4.87786e-08 -3.23431e-09  0.00000e+00  3.33926e-01 
 5.45775e-03  2.99495e-03  1.25651e-20  3.47944e+00  1.00000e-05  3.55364e+02  3.60055e+02  3.46991e+00  3.47024e+00  3.71495e-13  2.14532e-08  3.48577e+03  0.00000e+00 -2.04435e-04  9.12988e+03  0.00000e+00  9.12988e+03  2.74084e+01  4.04009e+01  3.20367e-13  3.20367e-07 -2.14532e-08  0.00000e+00  3.62531e-01 
 5.59212e-03  3.23333e-03  0.00000e+00  3.47944e+00  1.00000e-05  3.55447e+02  3.60055e+02  3.45964e+00  3.45990e+00  2.45290e-12  1.43461e-07  3.48577e+03 3.91238e-281 -1.40796e-03  9.04520e+03  0.00000e+00  9.04520e+03  1.83284e+02  5.91999e+00  2.14520e-12  2.14520e-06 -1.43461e-07  0.00000e+00  3.94903e-01 
 5.73326e-03  3.47172e-03  0.00000e+00  3.47944e+00  1.00000e-05  3.55536e+02  3.60055e+02  3.44831e+00  3.44854e+00  1.67865e-11  9.82409e-07  3.48577e+03 1.37513e-264 -1.00189e-02  9.03351e+03  0.00000e+00  9.03350e+03  1.25512e+03  7.45242e-01  1.48283e-11  1.48283e-05 -9.82409e-07  0.00000e+00  4.31378e-01 
 5.88069e-03  3.71014e-03 -5.35987e-21  3.47944e+00  1.00000e-05  3.55632e+02  3.60055e+02  3.43598e+00  3.43619e+00  1.11897e-10  6.62470e-06  3.48577e+03 1.42476e-248 -6.97424e-02  9.13736e+03  0.00000e+00  9.13729e+03  8.46369e+03  1.76010e+04  1.00188e-10  1.00188e-04 -6.62472e-06  0.00000e+00  4.72367e-01 
 6.03395e-03  3.94857e-03  5.10973e-21  3.47944e+00  1.00000e-05  3.55734e+02  3.60055e+02  3.42242e+00  3.42262e+00  7.24135e-10  4.43131e-05  3.48577e+03 3.62686e-233 -4.75611e-01  9.66719e+03  0.00000e+00  9.66672e+03  5.66142e+04  6.62809e+04  6.62723e-10  6.62723e-04 -4.43132e-05  0.00000e+00  5.18312e-01 
 6.19261e-03  4.18701e-03  0.00000e+00  3.47944e+00  1.00000e-05  3.55844e+02  3.60054e+02  3.40770e+00  3.40789e+00  4.61633e-09  2.85893e-04  3.48572e+03 2.00577e-218 -3.17329e+00  9.55115e+03  0.00000e+00  9.54798e+03  3.65251e+05  3.74799e+05  4.28660e-09  4.28660e-03 -2.85894e-04  0.00000e+00  5.69706e-01 
 6.35626e-03  4.42546e-03  0.00000e+00  3.47944e+00  1.00000e-05  3.55959e+02  3.60053e+02  3.39186e+00  3.39205e+00  2.87351e-08  1.79970e-03  3.48567e+03 2.38435e-204 -2.06760e+01  8.94654e+03  0.00000e+00  8.92587e+03  2.29922e+06  2.30815e+06  2.70622e-08  2.70622e-02 -1.79971e-03  0.00000e+00  6.27220e-01 
 6.52453e-03  4.66392e-03 -8.96437e-21  3.47944e+00  1.00000e-05  3.56082e+02  3.60053e+02  3.37442e+00  3.37460e+00  1.74407e-07  1.10495e-02  3.48565e+03 5.80708e-191 -1.31503e+02  8.80762e+03  0.00000e+00  8.67612e+03  1.41163e+07  1.41250e+07  1.66700e-07  1.66700e-01 -1.10495e-02  0.00000e+00  6.91500e-01 
 6.69707e-03  4.90238e-03  1.72236e-20  3.47944e+00  1.00000e-05  3.56212e+02  3.60053e+02  3.35602e+00  3.35620e+00  1.03061e-06  6.67206e-02  3.48566e+03 3.09230e-178 -8.11126e+02  8.68391e+03  0.00000e+00  7.87278e+03  8.52393e+07  8.52471e+07  9.95386e-07  9.95386e-01 -6.67209e-02  0.00000e+00  7.63477e-01 
 6.87356e-03  5.14086e-03  8.28595e-21  3.47944e+00  1.00000e-05  3.56349e+02  3.60053e+02  3.33584e+00  3.33601e+00  5.94922e-06  3.89481e-01  3.48566e+03 3.83184e-166 -4.91789e+03  8.58911e+03  0.00000e+00  3.67122e+03  8.52103e+07  8.52140e+07  5.83949e-06  1.00000e+00 -3.89483e-01  0.00000e+00  8.44234e-01 
 7.05370e-03  5.37934e-03 -1.59677e-20  3.47944e+00  1.12561e-05  3.56493e+02  3.60053e+02  3.31437e+00  3.31457e+00  2.94721e-05  1.92127e+00  3.09670e+03 1.64883e-129 -2.11760e+04  8.00663e+03  0.00000e+00 -1.31693e+04  7.73415e+07  7.73284e+07  2.87369e-05  1.00000e+00 -1.92127e+00  0.00000e+00  9.35060e-01 
 7.23722e-03  5.61783e-03  0.00000e+00  3.47944e+00  1.54349e-05  3.56644e+02  3.60053e+02  3.29134e+00  3.29170e+00  1.01194e-04  6.60565e+00  2.25830e+03  5.41046e-67 -4.39940e+04  5.97397e+03  0.00000e+00 -3.80200e+04  5.66633e+07  5.66252e+07  9.83078e-05  1.00000e+00 -6.60568e+00  0.00000e+00  1.03775e+00 
 7.42387e-03  5.85632e-03  0.00000e+00  3.47944e+00  2.08369e-05  3.56803e+02  3.60053e+02  3.26650e+00  3.26716e+00  2.66033e-04  1.68827e+01  1.67285e+03  8.92881e-34 -7.16033e+04  4.52840e+03  0.00000e+00 -6.70749e+04  4.09489e+07  4.08818e+07  2.57220e-04  1.00000e+00 -1.68828e+01  0.00000e+00  1.15455e+00 
 7.61342e-03  6.09482e-03  0.00000e+00  3.47944e+00  2.72685e-05  3.56968e+02  3.60053e+02  3.24013e+00  3.24120e+00  5.76701e-04  3.62738e+01  1.27829e+03  3.29204e-16 -1.01334e+05  3.48834e+03  0.00000e+00 -9.78458e+04  3.04923e+07  3.03944e+07  5.62412e-04  1.00000e+00 -3.62740e+01  0.00000e+00  1.28830e+00 
 7.80566e-03  6.33332e-03  0.00000e+00  3.47944e+00  3.46589e-05  3.57144e+02  3.60053e+02  3.21168e+00  3.21339e+00  1.10011e-03  6.46400e+01  1.00572e+03  8.79046e-07 -1.33564e+05  2.74536e+03  0.00000e+00 -1.30819e+05  2.18321e+07  2.17013e+07  1.09148e-03  1.00000e+00 -6.46403e+01  0.00000e+00  1.44349e+00 
 8.00039e-03  6.57182e-03  0.00000e+00  3.47944e+00  4.25900e-05  3.57326e+02  3.60053e+02  3.18115e+00  3.18385e+00  2.04381e-03  8.07844e+01  8.18433e+02  8.71867e-02 -1.82114e+05  2.28157e+03  0.00000e+00 -1.79833e+05  1.18768e+07  1.16970e+07  2.03929e-03  1.00000e+00 -8.07848e+01  0.00000e+00  1.62559e+00 
 8.19744e-03  6.81033e-03  1.31016e-20  3.47944e+00  4.98186e-05  3.57516e+02  3.60053e+02  3.14811e+00  3.15177e+00  3.64997e-03  1.04392e+02  6.99680e+02  4.06616e+01 -2.59279e+05  1.93792e+03  0.00000e+00 -2.57301e+05  7.33682e+06  7.07952e+06  3.64755e-03  1.00000e+00 -1.04393e+02  0.00000e+00  1.84392e+00 
 8.39664e-03  7.04884e-03  0.00000e+00  3.47944e+00  5.68443e-05  3.57714e+02  3.60053e+02  3.11189e+00  3.11650e+00  6.20049e-03  1.33293e+02  6.13204e+02  1.83210e+03 -3.66644e+05  1.68563e+03  0.00000e+00 -3.63126e+05  4.83131e+06  4.46819e+06  6.19912e-03  1.00000e+00 -1.33294e+02  0.00000e+00  2.10903e+00 
 8.59784e-03  7.28736e-03  0.00000e+00  3.47944e+00  6.37311e-05  3.57921e+02  3.60054e+02  3.07213e+00  3.07761e+00  1.00787e-02  1.67625e+02  5.46942e+02  2.23611e+04 -5.12596e+05  1.48803e+03  0.00000e+00 -4.88747e+05  3.33382e+06  2.84507e+06  1.00774e-02  1.00000e+00 -1.67626e+02  0.00000e+00  2.43980e+00 
 8.80092e-03  7.52587e-03  0.00000e+00  3.47944e+00  7.02951e-05  3.58137e+02  3.60054e+02  3.02715e+00  3.03343e+00  1.58375e-02  2.08338e+02  4.95871e+02  1.19349e+05 -7.14900e+05  1.33276e+03  0.00000e+00 -5.94218e+05  2.39078e+06  1.79657e+06  1.58354e-02  1.00000e+00 -2.08340e+02  0.00000e+00  2.85813e+00 
 9.00573e-03  7.76439e-03 -1.17014e-20  3.47944e+00  7.63012e-05  3.58361e+02  3.60054e+02  2.97710e+00  2.98397e+00  2.41992e-02  2.56122e+02  4.56839e+02  3.77200e+05 -1.00156e+06  1.20787e+03  0.00000e+00 -6.23148e+05  1.77240e+06  1.14925e+06  2.41937e-02  1.00000e+00 -2.56124e+02  0.00000e+00  3.40740e+00 
 9.21216e-03  8.00291e-03  0.00000e+00  3.47944e+00  8.16982e-05  3.58594e+02  3.60054e+02  2.91725e+00  2.92471e+00  3.61966e-02  3.10172e+02  4.26661e+02  8.52259e+05 -1.41376e+06  1.10701e+03  0.00000e+00 -5.60391e+05  1.34042e+06  7.80033e+05  3.61831e-02  1.00000e+00 -3.10174e+02  0.00000e+00  4.13964e+00 
 9.42012e-03  8.24144e-03  0.00000e+00  3.47944e+00  8.67222e-05  3.58834e+02  3.60054e+02  2.85006e+00  2.85793e+00  5.31468e-02  3.65883e+02  4.01945e+02  1.57899e+06 -2.00478e+06  1.01587e+03  0.00000e+00 -4.24781e+05  1.01464e+06  5.89860e+05  5.31194e-02  1.00000e+00 -3.65887e+02  0.00000e+00  5.17458e+00 
 9.62949e-03  8.47996e-03  0.00000e+00  3.47944e+00  9.18421e-05  3.59079e+02  3.60054e+02  2.76144e+00  2.77017e+00  7.64725e-02  4.02418e+02  3.79539e+02  2.54641e+06 -2.82248e+06  9.30066e+02  0.00000e+00 -2.75140e+05  7.32157e+05  4.57017e+05  7.64571e-02  1.00000e+00 -4.02423e+02  0.00000e+00  6.66613e+00 
 9.84019e-03  8.71849e-03  0.00000e+00  3.47944e+00  9.73736e-05  3.59331e+02  3.60054e+02  2.66031e+00  2.66870e+00  1.07292e-01  3.95449e+02  3.57980e+02  3.77289e+06 -3.92078e+06  8.37245e+02  0.00000e+00 -1.47055e+05  4.83786e+05  3.36730e+05  1.07240e-01  1.00000e+00 -3.95455e+02  0.00000e+00  9.05726e+00 
 1.00521e-02  8.95702e-03  0.00000e+00  3.47944e+00  1.03370e-04  3.59597e+02  3.60055e+02  2.50645e+00  2.51501e+00  1.43676e-01  3.15580e+02  3.37215e+02  5.23429e+06 -5.27609e+06  7.42445e+02  0.00000e+00 -4.10604e+04  2.71517e+05  2.30456e+05  1.43650e-01  1.00000e+00 -3.15587e+02  0.00000e+00  1.31381e+01 
 1.02653e-02  9.19555e-03  0.00000e+00  3.47944e+00  1.09781e-04  3.59916e+02  3.60055e+02  2.31663e+00  2.32415e+00  1.86043e-01  1.18664e+02  3.17525e+02  7.34303e+06 -7.12180e+06  6.32103e+02  0.00000e+00  2.21861e+05  7.42400e+04  2.96101e+05  1.86026e-01  1.00000e+00 -1.18673e+02  0.00000e+00  2.23803e+01 
 1.04795e-02  9.43408e-03  0.00000e+00  3.47944e+00  1.19814e-04  3.60472e+02  3.60056e+02  1.94394e+00  1.95071e+00  2.25564e-01 -3.38540e+03  2.90940e+02  1.12968e+07 -9.09006e+06  5.21369e+02  1.57281e+06  3.78010e+06 -3.83180e+06 -5.17013e+04  2.25555e-01  1.00000e+00  3.38539e+03  2.59489e+03  5.62714e+01 
