# Code_Saturne plot output (1D profile)
#
# Iteration output: 1834
# Time output:      2.30045e+01
#
#COLUMN_TITLES: Distance | X | Y | Z | diameter_Field2 | temp_Field1 | temp_Field2 | Velocity_Field1[Z] | Velocity_Field2[Z] | vol_f_Field2 | mass_trans_Field1 | Xd_Field2 | BK | COAL | COMP | NUCL | W1 | MT | SMBR | ALPBB | CONDNUM | GAMA | GAMANUC | epsilon_Field1
 4.56474e-03  1.39645e-04  0.00000e+00  3.47944e+00  1.83822e-05  3.59079e+02  3.60050e+02  4.23015e+00  4.23120e+00  8.70183e-03  3.10787e+02  1.89606e+03  9.24432e-92 -3.13062e+06  9.53502e+03  0.00000e+00 -3.12108e+06  3.95969e+07  3.64759e+07  8.71130e-03  1.00000e+00 -3.10790e+02  0.00000e+00  4.34780e-01 
 4.57812e-03  3.76525e-04  4.25872e-21  3.47944e+00  3.47894e-05  3.59077e+02  3.60050e+02  4.23009e+00  4.23296e+00  1.08274e-02  1.56007e+02  1.00185e+03  1.02546e-25 -1.32749e+06  4.99660e+03  0.00000e+00 -1.32250e+06  8.43789e+06  7.11539e+06  1.08365e-02  1.00000e+00 -1.56009e+02  0.00000e+00  4.38610e-01 
 4.60371e-03  6.13858e-04  0.00000e+00  3.47944e+00  5.13838e-05  3.59078e+02  3.60050e+02  4.22901e+00  4.23439e+00  1.22905e-02  1.01278e+02  6.78302e+02  1.77576e-09 -7.80751e+05  3.37744e+03  0.00000e+00 -7.77373e+05  3.26748e+06  2.49011e+06  1.22990e-02  1.00000e+00 -1.01279e+02  0.00000e+00  4.45877e-01 
 4.64138e-03  8.51483e-04  0.00000e+00  3.47944e+00  6.66056e-05  3.59082e+02  3.60050e+02  4.22723e+00  4.23563e+00  1.37056e-02  7.71399e+01  5.23286e+02  1.99593e-03 -5.63598e+05  2.60444e+03  0.00000e+00 -5.60994e+05  1.72192e+06  1.16093e+06  1.37140e-02  1.00000e+00 -7.71409e+01  0.00000e+00  4.56635e-01 
 4.69084e-03  1.08931e-03  0.00000e+00  3.47944e+00  8.02643e-05  3.59090e+02  3.60050e+02  4.22467e+00  4.23578e+00  1.54040e-02  6.64555e+01  4.34237e+02  1.61350e+00 -4.65040e+05  2.16344e+03  0.00000e+00 -4.62875e+05  1.09539e+06  6.32514e+05  1.54123e-02  1.00000e+00 -6.64563e+01  0.00000e+00  4.71168e-01 
 4.75174e-03  1.32727e-03  1.05001e-20  3.47944e+00  9.27308e-05  3.59101e+02  3.60050e+02  4.22136e+00  4.23498e+00  1.74072e-02  6.10031e+01  3.75859e+02  7.40233e+01 -4.15393e+05  1.87384e+03  0.00000e+00 -4.13445e+05  7.70253e+05  3.56808e+05  1.74155e-02  1.00000e+00 -6.10039e+01  0.00000e+00  4.89810e-01 
 4.82366e-03  1.56534e-03  0.00000e+00  3.47944e+00  1.04407e-04  3.59115e+02  3.60050e+02  4.21730e+00  4.23328e+00  1.97459e-02  5.81739e+01  3.33827e+02  8.62127e+02 -3.90044e+05  1.66484e+03  0.00000e+00 -3.87517e+05  5.75168e+05  1.87650e+05  1.97541e-02  1.00000e+00 -5.81747e+01  0.00000e+00  5.12997e-01 
 4.90611e-03  1.80349e-03  8.81027e-21  3.47944e+00  1.15475e-04  3.59133e+02  3.60050e+02  4.21245e+00  4.23065e+00  2.24616e-02  5.69237e+01  3.01829e+02  4.65884e+03 -3.79448e+05  1.50534e+03  0.00000e+00 -3.73284e+05  4.47369e+05  7.40851e+04  2.24699e-02  1.00000e+00 -5.69245e+01  0.00000e+00  5.41247e-01 
 4.99859e-03  2.04170e-03  0.00000e+00  3.47944e+00  1.25912e-04  3.59154e+02  3.60050e+02  4.20680e+00  4.22707e+00  2.56008e-02  5.68097e+01  2.76811e+02  1.55374e+04 -3.79792e+05  1.38027e+03  0.00000e+00 -3.62874e+05  3.59280e+05 -3.59459e+03  2.56091e-02  1.00000e+00 -5.68105e+01  0.00000e+00  5.75202e-01 
 5.10055e-03  2.27996e-03  7.58893e-21  3.47944e+00  1.35583e-04  3.59178e+02  3.60050e+02  4.20028e+00  4.22243e+00  2.92178e-02  5.76431e+01  2.57066e+02  3.74866e+04 -3.89721e+05  1.28118e+03  0.00000e+00 -3.50953e+05  2.96654e+05 -5.42994e+04  2.92262e-02  1.00000e+00 -5.76440e+01  0.00000e+00  6.15624e-01 
 5.21143e-03  2.51826e-03  7.09702e-21  3.47944e+00  1.44367e-04  3.59204e+02  3.60050e+02  4.19287e+00  4.21668e+00  3.33721e-02  5.93159e+01  2.41424e+02  7.24150e+04 -4.08842e+05  1.20227e+03  0.00000e+00 -3.35225e+05  2.51012e+05 -8.42128e+04  3.33808e-02  1.00000e+00 -5.93168e+01  0.00000e+00  6.63424e-01 
 5.33068e-03  2.75659e-03  1.33300e-20  3.47944e+00  1.52242e-04  3.59234e+02  3.60050e+02  4.18449e+00  4.20974e+00  3.81260e-02  6.17239e+01  2.28936e+02  1.20053e+05 -4.37036e+05  1.13889e+03  0.00000e+00 -3.15844e+05  2.16817e+05 -9.90271e+04  3.81348e-02  1.00000e+00 -6.17248e+01  0.00000e+00  7.19679e-01 
 5.45775e-03  2.99495e-03  1.25651e-20  3.47944e+00  1.59309e-04  3.59266e+02  3.60050e+02  4.17504e+00  4.20152e+00  4.35514e-02  6.47492e+01  2.18781e+02  1.79170e+05 -4.74250e+05  1.08687e+03  0.00000e+00 -2.93993e+05  1.90285e+05 -1.03707e+05  4.35604e-02  1.00000e+00 -6.47502e+01  0.00000e+00  7.85648e-01 
 5.59212e-03  3.23333e-03  0.00000e+00  3.47944e+00  1.65761e-04  3.59299e+02  3.60050e+02  4.16448e+00  4.19201e+00  4.97196e-02  6.82389e+01  2.10265e+02  2.48532e+05 -5.20268e+05  1.04277e+03  0.00000e+00 -2.70693e+05  1.68830e+05 -1.01863e+05  4.97287e-02  1.00000e+00 -6.82400e+01  0.00000e+00  8.62813e-01 
 5.73326e-03  3.47172e-03  0.00000e+00  3.47944e+00  1.71849e-04  3.59335e+02  3.60050e+02  4.15262e+00  4.18110e+00  5.67007e-02  7.20102e+01  2.02817e+02  3.27096e+05 -5.74633e+05  1.00378e+03  0.00000e+00 -2.46533e+05  1.50695e+05 -9.58382e+04  5.67099e-02  1.00000e+00 -7.20114e+01  0.00000e+00  9.52896e-01 
 5.88069e-03  3.71014e-03 -5.35987e-21  3.47944e+00  1.77845e-04  3.59372e+02  3.60050e+02  4.13938e+00  4.16876e+00  6.45586e-02  7.56377e+01  1.95979e+02  4.13734e+05 -6.36499e+05  9.67602e+02  0.00000e+00 -2.21797e+05  1.34337e+05 -8.74602e+04  6.45678e-02  1.00000e+00 -7.56391e+01  0.00000e+00  1.05790e+00 
 6.03395e-03  3.94857e-03  5.10973e-21  3.47944e+00  1.84025e-04  3.59410e+02  3.60050e+02  4.12453e+00  4.15481e+00  7.33521e-02  7.83529e+01  1.89397e+02  5.06797e+05 -7.04570e+05  9.32507e+02  0.00000e+00 -1.96840e+05  1.18366e+05 -7.84736e+04  7.33613e-02  1.00000e+00 -7.83544e+01  0.00000e+00  1.18012e+00 
 6.19261e-03  4.18701e-03  0.00000e+00  3.47944e+00  1.90629e-04  3.59449e+02  3.60050e+02  4.10796e+00  4.13919e+00  8.31049e-02  8.04554e+01  1.82836e+02  6.03783e+05 -7.76990e+05  8.97291e+02  0.00000e+00 -1.72310e+05  1.03565e+05 -6.87448e+04  8.31142e-02  1.00000e+00 -8.04570e+01  0.00000e+00  1.32222e+00 
 6.35626e-03  4.42546e-03  0.00000e+00  3.47944e+00  1.97891e-04  3.59488e+02  3.60050e+02  4.08936e+00  4.12158e+00  9.38419e-02  8.17132e+01  1.76127e+02  7.01370e+05 -8.51458e+05  8.61188e+02  0.00000e+00 -1.49228e+05  8.97331e+04 -5.94945e+04  9.38511e-02  1.00000e+00 -8.17149e+01  0.00000e+00  1.48714e+00 
 6.52453e-03  4.66392e-03 -8.96437e-21  3.47944e+00  2.06027e-04  3.59527e+02  3.60050e+02  4.06851e+00  4.10175e+00  1.05506e-01  8.18932e+01  1.69172e+02  7.95716e+05 -9.24682e+05  8.23675e+02  0.00000e+00 -1.28142e+05  7.68320e+04 -5.13099e+04  1.05515e-01  1.00000e+00 -8.18951e+01  0.00000e+00  1.67828e+00 
 6.69707e-03  4.90238e-03  1.72236e-20  3.47944e+00  2.15220e-04  3.59566e+02  3.60050e+02  4.04513e+00  4.07957e+00  1.18072e-01  8.08819e+01  1.61946e+02  8.82635e+05 -9.93648e+05  7.84678e+02  0.00000e+00 -1.10228e+05  6.49124e+04 -4.53160e+04  1.18080e-01  1.00000e+00 -8.08839e+01  0.00000e+00  1.89921e+00 
 6.87356e-03  5.14086e-03  8.28595e-21  3.47944e+00  2.25569e-04  3.59605e+02  3.60050e+02  4.01887e+00  4.05466e+00  1.31347e-01  7.85892e+01  1.54516e+02  9.58613e+05 -1.05468e+06  7.44522e+02  0.00000e+00 -9.53228e+04  5.40979e+04 -4.12249e+04  1.31354e-01  1.00000e+00 -7.85913e+01  0.00000e+00  2.15411e+00 
 7.05370e-03  5.37934e-03 -1.59677e-20  3.47944e+00  2.37096e-04  3.59643e+02  3.60050e+02  3.98945e+00  4.02672e+00  1.45269e-01  7.51217e+01  1.47005e+02  1.02076e+06 -1.10605e+06  7.03867e+02  0.00000e+00 -8.45820e+04  4.44830e+04 -4.00990e+04  1.45276e-01  1.00000e+00 -7.51239e+01  0.00000e+00  2.44686e+00 
 7.23722e-03  5.61783e-03  0.00000e+00  3.47944e+00  2.49634e-04  3.59680e+02  3.60050e+02  3.95663e+00  3.99548e+00  1.59480e-01  7.05903e+01  1.39622e+02  1.06859e+06 -1.14580e+06  6.63683e+02  0.00000e+00 -7.65389e+04  3.61636e+04 -4.03754e+04  1.59485e-01  1.00000e+00 -7.05925e+01  0.00000e+00  2.78274e+00 
 7.42387e-03  5.85632e-03  0.00000e+00  3.47944e+00  2.62928e-04  3.59717e+02  3.60050e+02  3.92013e+00  3.96061e+00  1.73958e-01  6.52962e+01  1.32562e+02  1.10245e+06 -1.17556e+06  6.25007e+02  0.00000e+00 -7.24765e+04  2.91171e+04 -4.33593e+04  1.73964e-01  1.00000e+00 -6.52985e+01  0.00000e+00  3.16600e+00 
 7.61342e-03  6.09482e-03  0.00000e+00  3.47944e+00  2.76440e-04  3.59753e+02  3.60050e+02  3.87988e+00  3.92199e+00  1.88204e-01  5.94478e+01  1.26083e+02  1.12619e+06 -1.19641e+06  5.88950e+02  0.00000e+00 -6.96300e+04  2.33054e+04 -4.63246e+04  1.88209e-01  1.00000e+00 -5.94501e+01  0.00000e+00  3.60459e+00 
 7.80566e-03  6.33332e-03  0.00000e+00  3.47944e+00  2.89661e-04  3.59788e+02  3.60050e+02  3.83560e+00  3.87925e+00  2.02378e-01  5.33516e+01  1.20328e+02  1.14275e+06 -1.21335e+06  5.56263e+02  0.00000e+00 -7.00388e+04  1.85630e+04 -5.14758e+04  2.02383e-01  1.00000e+00 -5.33539e+01  0.00000e+00  4.10453e+00 
 8.00039e-03  6.57182e-03  0.00000e+00  3.47944e+00  3.01776e-04  3.59823e+02  3.60051e+02  3.78746e+00  3.83245e+00  2.15921e-01  4.71309e+01  1.15498e+02  1.15897e+06 -1.22973e+06  5.27670e+02  0.00000e+00 -7.02259e+04  1.47534e+04 -5.54725e+04  2.15925e-01  1.00000e+00 -4.71333e+01  0.00000e+00  4.68140e+00 
 8.19744e-03  6.81033e-03  1.31016e-20  3.47944e+00  3.12301e-04  3.59858e+02  3.60051e+02  3.73455e+00  3.78056e+00  2.29265e-01  4.09062e+01  1.11606e+02  1.17760e+06 -1.25161e+06  5.03236e+02  0.00000e+00 -7.35088e+04  1.16534e+04 -6.18554e+04  2.29269e-01  1.00000e+00 -4.09086e+01  0.00000e+00  5.34620e+00 
 8.39664e-03  7.04884e-03  0.00000e+00  3.47944e+00  3.20414e-04  3.59893e+02  3.60051e+02  3.67746e+00  3.72411e+00  2.41809e-01  3.46175e+01  1.08781e+02  1.20655e+06 -1.28306e+06  4.83194e+02  0.00000e+00 -7.60297e+04  9.11376e+03 -6.69160e+04  2.41811e-01  1.00000e+00 -3.46199e+01  0.00000e+00  6.13177e+00 
 8.59784e-03  7.28736e-03  0.00000e+00  3.47944e+00  3.25958e-04  3.59928e+02  3.60051e+02  3.61369e+00  3.66048e+00  2.54241e-01  2.81464e+01  1.06931e+02  1.24679e+06 -1.32979e+06  4.67053e+02  0.00000e+00 -8.25313e+04  6.92806e+03 -7.56033e+04  2.54245e-01  1.00000e+00 -2.81489e+01  0.00000e+00  7.05949e+00 
 8.80092e-03  7.52587e-03  0.00000e+00  3.47944e+00  3.28217e-04  3.59965e+02  3.60051e+02  3.54522e+00  3.59164e+00  2.65895e-01  2.12401e+01  1.06196e+02  1.30847e+06 -1.39758e+06  4.54880e+02  0.00000e+00 -8.86564e+04  4.96482e+03 -8.36916e+04  2.65897e-01  1.00000e+00 -2.12427e+01  0.00000e+00  8.20211e+00 
 9.00573e-03  7.76439e-03 -1.17014e-20  3.47944e+00  3.27368e-04  3.60003e+02  3.60052e+02  3.46546e+00  3.51093e+00  2.77620e-01  1.34948e+01  1.06472e+02  1.39210e+06 -1.49335e+06  4.45973e+02  0.00000e+00 -1.00811e+05  3.02922e+03 -9.77817e+04  2.77624e-01  1.00000e+00 -1.34975e+01  0.00000e+00  9.60514e+00 
 9.21216e-03  8.00291e-03  0.00000e+00  3.47944e+00  3.22645e-04  3.60043e+02  3.60052e+02  3.38124e+00  3.42517e+00  2.88715e-01  4.30098e+00  1.08031e+02  1.51597e+06 -1.63026e+06  4.40700e+02  0.00000e+00 -1.13843e+05  9.42393e+02 -1.12900e+05  2.88716e-01  1.00000e+00 -4.30381e+00  0.00000e+00  1.14520e+01 
 9.42012e-03  8.24144e-03  0.00000e+00  3.47944e+00  3.14438e-04  3.60087e+02  3.60052e+02  3.27485e+00  3.31670e+00  3.00093e-01 -1.67379e+01  1.10851e+02  1.68536e+06 -1.82236e+06  4.38033e+02  0.00000e+00 -1.36561e+05 -3.61686e+03 -1.40178e+05  3.00096e-01  1.00000e+00  1.67322e+01  0.00000e+00  1.38756e+01 
 9.62949e-03  8.47996e-03  0.00000e+00  3.47944e+00  3.01481e-04  3.60139e+02  3.60052e+02  3.16503e+00  3.20416e+00  3.11159e-01 -5.38004e+01  1.15616e+02  1.94693e+06 -2.11037e+06  4.39712e+02  0.00000e+00 -1.62993e+05 -1.16969e+04 -1.74690e+05  3.11160e-01  1.00000e+00  5.37942e+01  0.00000e+00  1.74511e+01 
 9.84019e-03  8.71849e-03  0.00000e+00  3.47944e+00  2.83763e-04  3.60207e+02  3.60053e+02  3.00765e+00  3.04367e+00  3.22609e-01 -1.13131e+02  1.22836e+02  2.34424e+06 -2.55190e+06  4.43854e+02  0.00000e+00 -2.07219e+05 -2.52060e+04 -2.32425e+05  3.22613e-01  1.00000e+00  1.13125e+02  0.00000e+00  2.28278e+01 
 1.00521e-02  8.95702e-03  0.00000e+00  3.47944e+00  2.59431e-04  3.60308e+02  3.60053e+02  2.83915e+00  2.87151e+00  3.34010e-01 -2.26861e+02  1.34358e+02  3.06097e+06 -3.30358e+06  4.54261e+02  0.00000e+00 -2.42151e+05 -5.34007e+04 -2.95552e+05  3.34012e-01  1.00000e+00  2.26854e+02  0.00000e+00  3.28310e+01 
 1.02653e-02  9.19555e-03  0.00000e+00  3.47944e+00  2.30096e-04  3.60497e+02  3.60054e+02  2.54934e+00  2.57542e+00  3.46748e-01 -4.98466e+02  1.51490e+02  4.42492e+06 -4.58889e+06  4.56780e+02  0.00000e+00 -1.63509e+05 -1.27435e+05 -2.90945e+05  3.46756e-01  1.00000e+00  4.98458e+02  0.00000e+00  5.46620e+01 
 1.04795e-02  9.43408e-03  0.00000e+00  3.47944e+00  2.03614e-04  3.61028e+02  3.60055e+02  2.11509e+00  2.13117e+00  3.60027e-01 -4.55842e+03  1.71195e+02  7.56465e+06 -5.89146e+06  4.45152e+02  5.88141e+05  2.26177e+06 -2.27295e+06 -1.11716e+04  3.60037e-01  1.00000e+00  4.55841e+03  3.16898e+03  1.38994e+02 
