# Code_Saturne plot output (1D profile)
#
# Iteration output: 2046
# Time output:      2.30041e+01
#
#COLUMN_TITLES: Distance | X | Y | Z | diameter_Field2 | temp_Field1 | temp_Field2 | Velocity_Field1[Z] | Velocity_Field2[Z] | vol_f_Field2 | mass_trans_Field1 | Xd_Field2 | BK | COAL | COMP | NUCL | W1 | MT | SMBR | ALPBB | CONDNUM | GAMA | GAMANUC | epsilon_Field1
 4.56474e-03  1.39645e-04  0.00000e+00  3.47944e+00  8.81920e-05  3.59156e+02  3.60051e+02  4.43532e+00  4.44979e+00  4.06753e-02  1.41327e+02  3.95172e+02  3.07529e+01 -1.15609e+06  2.18005e+03  0.00000e+00 -1.15388e+06  5.35253e+05 -6.18625e+05  4.06757e-02  1.00000e+00 -1.41331e+02  0.00000e+00  5.21899e-01 
 4.57812e-03  3.76525e-04  4.25872e-21  3.47944e+00  1.20685e-04  3.59157e+02  3.60051e+02  4.43472e+00  4.45633e+00  4.13295e-02  9.38223e+01  2.88777e+02  4.39626e+03 -6.87863e+05  1.59402e+03  0.00000e+00 -6.81873e+05  2.55555e+05 -4.26318e+05  4.13297e-02  1.00000e+00 -9.38249e+01  0.00000e+00  5.27802e-01 
 4.60371e-03  6.13858e-04  0.00000e+00  3.47944e+00  1.45973e-04  3.59160e+02  3.60051e+02  4.43299e+00  4.46014e+00  4.25105e-02  7.48051e+01  2.38749e+02  2.52658e+04 -5.13321e+05  1.31880e+03  0.00000e+00 -4.86737e+05  1.63775e+05 -3.22962e+05  4.25108e-02  1.00000e+00 -7.48072e+01  0.00000e+00  5.39374e-01 
 4.64138e-03  8.51483e-04  0.00000e+00  3.47944e+00  1.65076e-04  3.59166e+02  3.60051e+02  4.43049e+00  4.46175e+00  4.41964e-02  6.60176e+01  2.11121e+02  5.64495e+04 -4.35923e+05  1.16657e+03  0.00000e+00 -3.78307e+05  1.22933e+05 -2.55373e+05  4.41968e-02  1.00000e+00 -6.60194e+01  0.00000e+00  5.56824e-01 
 4.69084e-03  1.08931e-03  0.00000e+00  3.47944e+00  1.80031e-04  3.59175e+02  3.60051e+02  4.42709e+00  4.46147e+00  4.64061e-02  6.17244e+01  1.93583e+02  8.95785e+04 -3.99111e+05  1.06966e+03  0.00000e+00 -3.08463e+05  1.00373e+05 -2.08090e+05  4.64064e-02  1.00000e+00 -6.17262e+01  0.00000e+00  5.80471e-01 
 4.75174e-03  1.32727e-03  1.05001e-20  3.47944e+00  1.92309e-04  3.59186e+02  3.60051e+02  4.42284e+00  4.45968e+00  4.91674e-02  5.97958e+01  1.81224e+02  1.22368e+05 -3.83188e+05  1.00108e+03  0.00000e+00 -2.59818e+05  8.59157e+04 -1.73902e+05  4.91677e-02  1.00000e+00 -5.97975e+01  0.00000e+00  6.10764e-01 
 4.82366e-03  1.56534e-03  0.00000e+00  3.47944e+00  2.03000e-04  3.59199e+02  3.60051e+02  4.41768e+00  4.45658e+00  5.25170e-02  5.92434e+01  1.71680e+02  1.55058e+05 -3.79542e+05  9.47859e+02  0.00000e+00 -2.23536e+05  7.54959e+04 -1.48040e+05  5.25173e-02  1.00000e+00 -5.92451e+01  0.00000e+00  6.48279e-01 
 4.90611e-03  1.80349e-03  8.81027e-21  3.47944e+00  2.12907e-04  3.59215e+02  3.60051e+02  4.41158e+00  4.45230e+00  5.64937e-02  5.95269e+01  1.63692e+02  1.88197e+05 -3.83739e+05  9.03080e+02  0.00000e+00 -1.94639e+05  6.72363e+04 -1.27403e+05  5.64938e-02  1.00000e+00 -5.95287e+01  0.00000e+00  6.93736e-01 
 4.99859e-03  2.04170e-03  0.00000e+00  3.47944e+00  2.22648e-04  3.59233e+02  3.60051e+02  4.40448e+00  4.44695e+00  6.11413e-02  6.03065e+01  1.56530e+02  2.21963e+05 -3.93131e+05  8.62754e+02  0.00000e+00 -1.70305e+05  6.01855e+04 -1.10120e+05  6.11413e-02  1.00000e+00 -6.03083e+01  0.00000e+00  7.47998e-01 
 5.10055e-03  2.27996e-03  7.58893e-21  3.47944e+00  2.32730e-04  3.59253e+02  3.60051e+02  4.39632e+00  4.44055e+00  6.65007e-02  6.09955e+01  1.49749e+02  2.56023e+05 -4.05800e+05  8.24439e+02  0.00000e+00 -1.48953e+05  5.35429e+04 -9.54098e+04  6.65005e-02  1.00000e+00 -6.09974e+01  0.00000e+00  8.12086e-01 
 5.21143e-03  2.51826e-03  7.09702e-21  3.47944e+00  2.43584e-04  3.59275e+02  3.60051e+02  4.38699e+00  4.43312e+00  7.26122e-02  6.15324e+01  1.43076e+02  2.89542e+05 -4.20180e+05  7.86654e+02  0.00000e+00 -1.29851e+05  4.72641e+04 -8.25868e+04  7.26117e-02  1.00000e+00 -6.15344e+01  0.00000e+00  8.87175e-01 
 5.33068e-03  2.75659e-03  1.33300e-20  3.47944e+00  2.55585e-04  3.59299e+02  3.60051e+02  4.37641e+00  4.42463e+00  7.95031e-02  6.18470e+01  1.36358e+02  3.21311e+05 -4.34830e+05  7.48561e+02  0.00000e+00 -1.12771e+05  4.13512e+04 -7.14197e+04  7.95020e-02  1.00000e+00 -6.18491e+01  0.00000e+00  9.74616e-01 
 5.45775e-03  2.99495e-03  1.25651e-20  3.47944e+00  2.69067e-04  3.59325e+02  3.60051e+02  4.36442e+00  4.41501e+00  8.71972e-02  6.17950e+01  1.29526e+02  3.49921e+05 -4.48441e+05  7.09796e+02  0.00000e+00 -9.78103e+04  3.57836e+04 -6.20266e+04  8.71952e-02  1.00000e+00 -6.17971e+01  0.00000e+00  1.07590e+00 
 5.59212e-03  3.23333e-03  0.00000e+00  3.47944e+00  2.84311e-04  3.59351e+02  3.60051e+02  4.35090e+00  4.40412e+00  9.56889e-02  6.12604e+01  1.22581e+02  3.74011e+05 -4.59768e+05  6.70385e+02  0.00000e+00 -8.50859e+04  3.05934e+04 -5.44926e+04  9.56853e-02  1.00000e+00 -6.12625e+01  0.00000e+00  1.19271e+00 
 5.73326e-03  3.47172e-03  0.00000e+00  3.47944e+00  3.01524e-04  3.59379e+02  3.60051e+02  4.33565e+00  4.39179e+00  1.04969e-01  6.01859e+01  1.15583e+02  3.92470e+05 -4.67869e+05  6.30646e+02  0.00000e+00 -7.47686e+04  2.58361e+04 -4.89325e+04  1.04963e-01  1.00000e+00 -6.01881e+01  0.00000e+00  1.32680e+00 
 5.88069e-03  3.71014e-03 -5.35987e-21  3.47944e+00  3.20793e-04  3.59408e+02  3.60051e+02  4.31852e+00  4.37794e+00  1.14972e-01  5.85582e+01  1.08641e+02  4.04683e+05 -4.72021e+05  5.91181e+02  0.00000e+00 -6.67476e+04  2.15727e+04 -4.51749e+04  1.14962e-01  1.00000e+00 -5.85605e+01  0.00000e+00  1.48013e+00 
 6.03395e-03  3.94857e-03  5.10973e-21  3.47944e+00  3.42042e-04  3.59438e+02  3.60051e+02  4.29931e+00  4.36231e+00  1.25617e-01  5.64327e+01  1.01892e+02  4.10613e+05 -4.72092e+05  5.52795e+02  0.00000e+00 -6.09264e+04  1.78434e+04 -4.30831e+04  1.25623e-01  1.00000e+00 -5.64350e+01  0.00000e+00  1.65461e+00 
 6.19261e-03  4.18701e-03  0.00000e+00  3.47944e+00  3.64973e-04  3.59469e+02  3.60051e+02  4.27787e+00  4.34453e+00  1.36808e-01  5.38934e+01  9.54900e+01  4.10947e+05 -4.68293e+05  5.16198e+02  0.00000e+00 -5.68297e+04  1.46640e+04 -4.21657e+04  1.36810e-01  1.00000e+00 -5.38957e+01  0.00000e+00  1.85232e+00 
 6.35626e-03  4.42546e-03  0.00000e+00  3.47944e+00  3.89041e-04  3.59500e+02  3.60051e+02  4.25441e+00  4.32385e+00  1.48437e-01  5.09807e+01  8.95826e+01  4.06948e+05 -4.61592e+05  4.82214e+02  0.00000e+00 -5.41617e+04  1.19941e+04 -4.21676e+04  1.48436e-01  1.00000e+00 -5.09829e+01  0.00000e+00  2.07561e+00 
 6.52453e-03  4.66392e-03 -8.96437e-21  3.47944e+00  4.13425e-04  3.59532e+02  3.60051e+02  4.22896e+00  4.29837e+00  1.60228e-01  4.76275e+01  8.42991e+01  4.00493e+05 -4.52897e+05  4.51461e+02  0.00000e+00 -5.19526e+04  9.76852e+03 -4.21841e+04  1.60224e-01  1.00000e+00 -4.76297e+01  0.00000e+00  2.32828e+00 
 6.69707e-03  4.90238e-03  1.72236e-20  3.47944e+00  4.37214e-04  3.59565e+02  3.60051e+02  4.20091e+00  4.26949e+00  1.72204e-01  4.43883e+01  7.97127e+01  3.93162e+05 -4.43968e+05  4.24302e+02  0.00000e+00 -5.03820e+04  8.01029e+03 -4.23717e+04  1.72197e-01  1.00000e+00 -4.43906e+01  0.00000e+00  2.61342e+00 
 6.87356e-03  5.14086e-03  8.28595e-21  3.47944e+00  4.59409e-04  3.59598e+02  3.60051e+02  4.17004e+00  4.23768e+00  1.84149e-01  4.13300e+01  7.58618e+01  3.86574e+05 -4.35908e+05  4.01031e+02  0.00000e+00 -4.89330e+04  6.63781e+03 -4.22952e+04  1.84138e-01  1.00000e+00 -4.13322e+01  0.00000e+00  2.93520e+00 
 7.05370e-03  5.37934e-03 -1.59677e-20  3.47944e+00  4.79193e-04  3.59632e+02  3.60051e+02  4.13612e+00  4.20281e+00  1.96107e-01  3.84947e+01  7.27298e+01  3.81714e+05 -4.30090e+05  3.81574e+02  0.00000e+00 -4.79946e+04  5.56525e+03 -4.24294e+04  1.96113e-01  1.00000e+00 -3.84969e+01  0.00000e+00  3.29720e+00 
 7.23722e-03  5.61783e-03  0.00000e+00  3.47944e+00  4.95811e-04  3.59667e+02  3.60051e+02  4.09914e+00  4.16490e+00  2.07793e-01  3.58306e+01  7.02924e+01  3.79692e+05 -4.27007e+05  3.65664e+02  0.00000e+00 -4.69496e+04  4.72503e+03 -4.22246e+04  2.07796e-01  1.00000e+00 -3.58328e+01  0.00000e+00  3.70611e+00 
 7.42387e-03  5.85632e-03  0.00000e+00  3.47944e+00  5.08951e-04  3.59702e+02  3.60051e+02  4.05874e+00  4.12357e+00  2.19424e-01  3.33117e+01  6.84777e+01  3.80677e+05 -4.27669e+05  3.52901e+02  0.00000e+00 -4.66391e+04  4.05270e+03 -4.25864e+04  2.19424e-01  1.00000e+00 -3.33140e+01  0.00000e+00  4.16638e+00 
 7.61342e-03  6.09482e-03  0.00000e+00  3.47944e+00  5.18277e-04  3.59738e+02  3.60052e+02  4.01503e+00  4.07897e+00  2.30591e-01  3.08361e+01  6.72458e+01  3.85483e+05 -4.32134e+05  3.42986e+02  0.00000e+00 -4.63073e+04  3.50555e+03 -4.28017e+04  2.30596e-01  1.00000e+00 -3.08384e+01  0.00000e+00  4.68959e+00 
 7.80566e-03  6.33332e-03  0.00000e+00  3.47944e+00  5.23953e-04  3.59775e+02  3.60052e+02  3.96726e+00  4.03032e+00  2.41690e-01  2.83405e+01  6.65176e+01  3.93861e+05 -4.41222e+05  3.35441e+02  0.00000e+00 -4.70253e+04  3.04065e+03 -4.39847e+04  2.41694e-01  1.00000e+00 -2.83429e+01  0.00000e+00  5.28231e+00 
 8.00039e-03  6.57182e-03  0.00000e+00  3.47944e+00  5.25848e-04  3.59813e+02  3.60052e+02  3.91589e+00  3.97811e+00  2.52233e-01  2.57061e+01  6.62781e+01  4.06869e+05 -4.55018e+05  3.30032e+02  0.00000e+00 -4.78195e+04  2.63326e+03 -4.51862e+04  2.52235e-01  1.00000e+00 -2.57086e+01  0.00000e+00  5.96593e+00 
 8.19744e-03  6.81033e-03  1.31016e-20  3.47944e+00  5.24368e-04  3.59852e+02  3.60052e+02  3.85920e+00  3.92060e+00  2.62753e-01  2.28381e+01  6.64655e+01  4.24161e+05 -4.74596e+05  3.26381e+02  0.00000e+00 -5.01087e+04  2.25221e+03 -4.78565e+04  2.62754e-01  1.00000e+00 -2.28408e+01  0.00000e+00  6.75092e+00 
 8.39664e-03  7.04884e-03  0.00000e+00  3.47944e+00  5.19323e-04  3.59892e+02  3.60052e+02  3.79874e+00  3.85937e+00  2.72679e-01  1.95911e+01  6.71114e+01  4.47622e+05 -5.00586e+05  3.24438e+02  0.00000e+00 -5.26397e+04  1.87983e+03 -5.07598e+04  2.72678e-01  1.00000e+00 -1.95939e+01  0.00000e+00  7.67975e+00 
 8.59784e-03  7.28736e-03  0.00000e+00  3.47944e+00  5.11182e-04  3.59933e+02  3.60052e+02  3.73024e+00  3.79011e+00  2.82681e-01  1.57977e+01  6.81806e+01  4.77082e+05 -5.34846e+05  3.23897e+02  0.00000e+00 -5.74396e+04  1.48556e+03 -5.59541e+04  2.82680e-01  1.00000e+00 -1.58006e+01  0.00000e+00  8.77079e+00 
 8.80092e-03  7.52587e-03  0.00000e+00  3.47944e+00  4.99504e-04  3.59977e+02  3.60053e+02  3.65856e+00  3.71775e+00  2.92122e-01  1.12198e+01  6.97750e+01  5.16244e+05 -5.79493e+05  3.24972e+02  0.00000e+00 -6.29245e+04  1.04496e+03 -6.18795e+04  2.92118e-01  1.00000e+00 -1.12230e+01  0.00000e+00  1.01173e+01 
 9.00573e-03  7.76439e-03 -1.17014e-20  3.47944e+00  4.84751e-04  3.60024e+02  3.60053e+02  3.57247e+00  3.63101e+00  3.01778e-01  5.49003e+00  7.18990e+01  5.65667e+05 -6.38285e+05  3.27285e+02  0.00000e+00 -7.22903e+04  5.10195e+02 -7.17801e+04  3.01775e-01  1.00000e+00 -5.49345e+00  0.00000e+00  1.17588e+01 
 9.21216e-03  8.00291e-03  0.00000e+00  3.47944e+00  4.66092e-04  3.60075e+02  3.60053e+02  3.48587e+00  3.54379e+00  3.11017e-01 -4.51445e+00  7.47778e+01  6.33428e+05 -7.17227e+05  3.31630e+02  0.00000e+00 -8.34674e+04 -4.22394e+02 -8.38898e+04  3.11012e-01  1.00000e+00  4.50683e+00  0.00000e+00  1.39292e+01 
 9.42012e-03  8.24144e-03  0.00000e+00  3.47944e+00  4.43929e-04  3.60132e+02  3.60054e+02  3.37050e+00  3.42783e+00  3.20631e-01 -2.77659e+01  7.85116e+01  7.23264e+05 -8.25659e+05  3.37077e+02  0.00000e+00 -1.02057e+05 -2.64952e+03 -1.04707e+05  3.20626e-01  1.00000e+00  2.77576e+01  0.00000e+00  1.67567e+01 
 9.62949e-03  8.47996e-03  0.00000e+00  3.47944e+00  4.16451e-04  3.60199e+02  3.60054e+02  3.25961e+00  3.31586e+00  3.30135e-01 -6.22040e+01  8.36925e+01  8.58024e+05 -9.84659e+05  3.46238e+02  0.00000e+00 -1.26289e+05 -6.14622e+03 -1.32436e+05  3.30128e-01  1.00000e+00  6.21948e+01  0.00000e+00  2.09633e+01 
 9.84019e-03  8.71849e-03  0.00000e+00  3.47944e+00  3.83648e-04  3.60285e+02  3.60055e+02  3.09009e+00  3.14314e+00  3.40178e-01 -1.18435e+02  9.08494e+01  1.06176e+06 -1.22983e+06  3.56422e+02  0.00000e+00 -1.67716e+05 -1.23286e+04 -1.80045e+05  3.40172e-01  1.00000e+00  1.18425e+02  0.00000e+00  2.73033e+01 
 1.00521e-02  8.95702e-03  0.00000e+00  3.47944e+00  3.42735e-04  3.60410e+02  3.60055e+02  2.92061e+00  2.96695e+00  3.50490e-01 -2.25898e+02  1.01695e+02  1.43067e+06 -1.64708e+06  3.73373e+02  0.00000e+00 -2.16036e+05 -2.55483e+04 -2.41584e+05  3.50481e-01  1.00000e+00  2.25886e+02  0.00000e+00  3.93185e+01 
 1.02653e-02  9.19555e-03  0.00000e+00  3.47944e+00  2.95097e-04  3.60632e+02  3.60056e+02  2.60608e+00  2.64144e+00  3.62352e-01 -4.78142e+02  1.18114e+02  2.15073e+06 -2.38708e+06  3.84279e+02  0.00000e+00 -2.35962e+05 -6.07545e+04 -2.96716e+05  3.62345e-01  1.00000e+00  4.78128e+02  0.00000e+00  6.54284e+01 
 1.04795e-02  9.43408e-03  0.00000e+00  3.47944e+00  2.45922e-04  3.61207e+02  3.60057e+02  2.15750e+00  2.17841e+00  3.74226e-01 -4.54958e+03  1.41734e+02  3.91472e+06 -3.31348e+06  3.95210e+02  8.89812e+05  1.49145e+06 -1.48909e+06  2.35881e+03  3.74217e-01  1.00000e+00  4.54957e+03  3.23727e+03  1.66691e+02 
