# Code_Saturne plot output (1D profile)
#
# Iteration output: 4052
# Time output:      2.30007e+01
#
#COLUMN_TITLES: Distance | X | Y | Z | diameter_Field2 | temp_Field1 | temp_Field2 | Velocity_Field1[Z] | Velocity_Field2[Z] | vol_f_Field2 | mass_trans_Field1 | Xd_Field2 | BK | COAL | COMP | NUCL | W1 | MT | SMBR | ALPBB | CONDNUM | GAMA | GAMANUC | epsilon_Field1
 4.56474e-03  1.39645e-04  0.00000e+00  3.47944e+00  1.36291e-05  3.59616e+02  3.60050e+02  4.37949e+00  4.38006e+00  8.36668e-03  2.13037e+02  2.55724e+03 5.17481e-200 -1.60393e+06  1.32188e+04  0.00000e+00 -1.59071e+06  3.85903e+07  3.69996e+07  8.35644e-03  1.00000e+00 -2.13240e+02  0.00000e+00  3.11578e-01 
 4.57812e-03  3.76525e-04  4.25872e-21  3.47944e+00  2.24565e-05  3.59615e+02  3.60050e+02  4.37983e+00  4.38122e+00  1.21697e-02  1.51161e+02  1.55202e+03  5.08533e-81 -1.00945e+06  7.90633e+03  0.00000e+00 -1.00155e+06  1.14163e+07  1.04147e+07  1.21615e-02  1.00000e+00 -1.51305e+02  0.00000e+00  3.14030e-01 
 4.60371e-03  6.13858e-04  0.00000e+00  3.47944e+00  3.25926e-05  3.59615e+02  3.60050e+02  4.37977e+00  4.38246e+00  1.56030e-02  1.12140e+02  1.06935e+03  5.65256e-39 -6.93675e+05  5.47085e+03  0.00000e+00 -6.88205e+05  4.55081e+06  3.86260e+06  1.55976e-02  1.00000e+00 -1.12247e+02  0.00000e+00  3.18667e-01 
 4.64138e-03  8.51483e-04  0.00000e+00  3.47944e+00  4.33898e-05  3.59615e+02  3.60050e+02  4.37935e+00  4.38372e+00  1.83508e-02  8.62426e+01  8.03248e+02  1.22914e-20 -5.05900e+05  4.12126e+03  0.00000e+00 -5.01779e+05  2.23505e+06  1.73327e+06  1.83470e-02  1.00000e+00 -8.63259e+01  0.00000e+00  3.25430e-01 
 4.69084e-03  1.08931e-03  0.00000e+00  3.47944e+00  5.43612e-05  3.59618e+02  3.60050e+02  4.37839e+00  4.38478e+00  2.07058e-02  6.94258e+01  6.41133e+02  2.26766e-11 -3.92584e+05  3.29067e+03  0.00000e+00 -3.89294e+05  1.27267e+06  8.83377e+05  2.07026e-02  1.00000e+00 -6.94933e+01  0.00000e+00  3.34395e-01 
 4.75174e-03  1.32727e-03  1.05001e-20  3.47944e+00  6.49898e-05  3.59622e+02  3.60050e+02  4.37685e+00  4.38548e+00  2.31496e-02  5.91244e+01  5.36281e+02  3.22646e-06 -3.27236e+05  2.75211e+03  0.00000e+00 -3.24484e+05  8.10828e+05  4.86344e+05  2.31464e-02  1.00000e+00 -5.91825e+01  0.00000e+00  3.45702e-01 
 4.82366e-03  1.56534e-03  0.00000e+00  3.47944e+00  7.49424e-05  3.59629e+02  3.60050e+02  4.37474e+00  4.38544e+00  2.59927e-02  5.35759e+01  4.65061e+02  4.11367e-03 -2.91755e+05  2.38822e+03  0.00000e+00 -2.89367e+05  5.67438e+05  2.78071e+05  2.59896e-02  1.00000e+00 -5.36294e+01  0.00000e+00  3.59756e-01 
 4.90611e-03  1.80349e-03  8.81027e-21  3.47944e+00  8.42631e-05  3.59637e+02  3.60050e+02  4.37204e+00  4.38471e+00  2.92545e-02  5.03261e+01  4.13618e+02  4.48367e-01 -2.72742e+05  2.12446e+03  0.00000e+00 -2.70617e+05  4.21193e+05  1.50576e+05  2.92512e-02  1.00000e+00 -5.03774e+01  0.00000e+00  3.77069e-01 
 4.99859e-03  2.04170e-03  0.00000e+00  3.47944e+00  9.31365e-05  3.59648e+02  3.60050e+02  4.36872e+00  4.38327e+00  3.29940e-02  4.83958e+01  3.74212e+02  1.22721e+01 -2.63629e+05  1.92187e+03  0.00000e+00 -2.61695e+05  3.24918e+05  6.32238e+04  3.29901e-02  1.00000e+00 -4.84464e+01  0.00000e+00  3.98203e-01 
 5.10055e-03  2.27996e-03  7.58893e-21  3.47944e+00  1.01694e-04  3.59661e+02  3.60050e+02  4.36475e+00  4.38109e+00  3.72739e-02  4.72678e+01  3.42721e+02  1.42858e+02 -2.61230e+05  1.75965e+03  0.00000e+00 -2.59328e+05  2.57276e+05 -2.05160e+03  3.72691e-02  1.00000e+00 -4.73189e+01  0.00000e+00  4.23863e-01 
 5.21143e-03  2.51826e-03  7.09702e-21  3.47944e+00  1.09956e-04  3.59676e+02  3.60049e+02  4.36006e+00  4.37812e+00  4.21720e-02  4.66957e+01  3.16971e+02  9.31151e+02 -2.64271e+05  1.62666e+03  0.00000e+00 -2.61714e+05  2.07764e+05 -5.39500e+04  4.21678e-02  1.00000e+00 -4.67481e+01  0.00000e+00  4.54913e-01 
 5.33068e-03  2.75659e-03  1.33300e-20  3.47944e+00  1.17822e-04  3.59694e+02  3.60049e+02  4.35460e+00  4.37424e+00  4.77777e-02  4.65754e+01  2.95809e+02  3.97660e+03 -2.72552e+05  1.51701e+03  0.00000e+00 -2.67058e+05  1.70706e+05 -9.63515e+04  4.77736e-02  1.00000e+00 -4.66302e+01  0.00000e+00  4.92433e-01 
 5.45775e-03  2.99495e-03  1.25651e-20  3.47944e+00  1.25092e-04  3.59712e+02  3.60049e+02  4.34826e+00  4.36932e+00  5.41824e-02  4.68733e+01  2.78618e+02  1.23018e+04 -2.86574e+05  1.42757e+03  0.00000e+00 -2.72844e+05  1.42697e+05 -1.30147e+05  5.41761e-02  1.00000e+00 -4.69313e+01  0.00000e+00  5.37674e-01 
 5.59212e-03  3.23333e-03  0.00000e+00  3.47944e+00  1.31513e-04  3.59733e+02  3.60049e+02  4.34095e+00  4.36320e+00  6.14799e-02  4.75852e+01  2.65015e+02  2.96732e+04 -3.07394e+05  1.35640e+03  0.00000e+00 -2.76365e+05  1.21448e+05 -1.54917e+05  6.14707e-02  1.00000e+00 -4.76478e+01  0.00000e+00  5.92114e-01 
 5.73326e-03  3.47172e-03  0.00000e+00  3.47944e+00  1.36862e-04  3.59755e+02  3.60049e+02  4.33254e+00  4.35573e+00  6.97754e-02  4.82674e+01  2.54656e+02  5.92344e+04 -3.36477e+05  1.30173e+03  0.00000e+00 -2.75941e+05  1.04311e+05 -1.71630e+05  6.97634e-02  1.00000e+00 -4.83353e+01  0.00000e+00  6.57602e-01 
 5.88069e-03  3.71014e-03 -5.35987e-21  3.47944e+00  1.41007e-04  3.59778e+02  3.60049e+02  4.32285e+00  4.34691e+00  7.91548e-02  4.91487e+01  2.47170e+02  1.02677e+05 -3.75500e+05  1.26271e+03  0.00000e+00 -2.71559e+05  9.08824e+04 -1.80677e+05  7.91450e-02  1.00000e+00 -4.92235e+01  0.00000e+00  7.36275e-01 
 6.03395e-03  3.94857e-03  5.10973e-21  3.47944e+00  1.43941e-04  3.59802e+02  3.60049e+02  4.31689e+00  4.34300e+00  8.97011e-02  5.02314e+01  2.42132e+02  1.61508e+05 -4.26549e+05  1.22845e+03  0.00000e+00 -2.63813e+05  8.03012e+04 -1.83512e+05  8.96922e-02  1.00000e+00 -5.03147e+01  0.00000e+00  8.32305e-01 
 6.19261e-03  4.18701e-03  0.00000e+00  3.47944e+00  1.45780e-04  3.59826e+02  3.60049e+02  4.30383e+00  4.33001e+00  1.01485e-01  5.12467e+01  2.39078e+02  2.36785e+05 -4.91651e+05  1.21013e+03  0.00000e+00 -2.53656e+05  7.15080e+04 -1.82148e+05  1.01478e-01  1.00000e+00 -5.13404e+01  0.00000e+00  9.49033e-01 
 6.35626e-03  4.42546e-03  0.00000e+00  3.47944e+00  1.46710e-04  3.59850e+02  3.60049e+02  4.28892e+00  4.31487e+00  1.14540e-01  5.20485e+01  2.37563e+02  3.28543e+05 -5.72504e+05  1.19911e+03  0.00000e+00 -2.42762e+05  6.39533e+04 -1.78809e+05  1.14533e-01  1.00000e+00 -5.21544e+01  0.00000e+00  1.08842e+00 
 6.52453e-03  4.66392e-03 -8.96437e-21  3.47944e+00  1.46934e-04  3.59874e+02  3.60049e+02  4.27175e+00  4.29722e+00  1.28832e-01  5.24208e+01  2.37200e+02  4.38238e+05 -6.70984e+05  1.19347e+03  0.00000e+00 -2.31553e+05  5.71927e+04 -1.74361e+05  1.28823e-01  1.00000e+00 -5.25410e+01  0.00000e+00  1.25502e+00 
 6.69707e-03  4.90238e-03  1.72236e-20  3.47944e+00  1.46646e-04  3.59898e+02  3.60049e+02  4.25203e+00  4.27686e+00  1.44288e-01  5.21774e+01  2.37666e+02  5.67432e+05 -7.88849e+05  1.19143e+03  0.00000e+00 -2.20226e+05  5.09450e+04 -1.69281e+05  1.44278e-01  1.00000e+00 -5.23137e+01  0.00000e+00  1.45391e+00 
 6.87356e-03  5.14086e-03  8.28595e-21  3.47944e+00  1.46016e-04  3.59920e+02  3.60050e+02  4.22939e+00  4.25349e+00  1.60805e-01  5.11659e+01  2.38693e+02  7.17305e+05 -9.27571e+05  1.19157e+03  0.00000e+00 -2.09074e+05  4.50374e+04 -1.64037e+05  1.60795e-01  1.00000e+00 -5.13202e+01  0.00000e+00  1.69051e+00 
 7.05370e-03  5.37934e-03 -1.59677e-20  3.47944e+00  1.45179e-04  3.59941e+02  3.60050e+02  4.20348e+00  4.22676e+00  1.78183e-01  4.92819e+01  2.40069e+02  8.88715e+05 -1.08790e+06  1.19253e+03  0.00000e+00 -1.97988e+05  3.93940e+04 -1.58594e+05  1.78173e-01  1.00000e+00 -4.94558e+01  0.00000e+00  1.97105e+00 
 7.23722e-03  5.61783e-03  0.00000e+00  3.47944e+00  1.44249e-04  3.59960e+02  3.60050e+02  4.17390e+00  4.19632e+00  1.96233e-01  4.65025e+01  2.41617e+02  1.08152e+06 -1.27010e+06  1.19328e+03  0.00000e+00 -1.87381e+05  3.39932e+04 -1.53388e+05  1.96221e-01  1.00000e+00 -4.66973e+01  0.00000e+00  2.30194e+00 
 7.42387e-03  5.85632e-03  0.00000e+00  3.47944e+00  1.43300e-04  3.59978e+02  3.60050e+02  4.14028e+00  4.16183e+00  2.14693e-01  4.28766e+01  2.43219e+02  1.29525e+06 -1.47370e+06  1.19298e+03  0.00000e+00 -1.77250e+05  2.88624e+04 -1.48387e+05  2.14680e-01  1.00000e+00 -4.30933e+01  0.00000e+00  2.69081e+00 
 7.61342e-03  6.09482e-03  0.00000e+00  3.47944e+00  1.42382e-04  3.59993e+02  3.60050e+02  4.10225e+00  4.12290e+00  2.33341e-01  3.85244e+01  2.44786e+02  1.52837e+06 -1.69776e+06  1.19116e+03  0.00000e+00 -1.68199e+05  2.40418e+04 -1.44157e+05  2.33325e-01  1.00000e+00 -3.87636e+01  0.00000e+00  3.14534e+00 
 7.80566e-03  6.33332e-03  0.00000e+00  3.47944e+00  1.41510e-04  3.60007e+02  3.60050e+02  4.05949e+00  4.07924e+00  2.51928e-01  3.36224e+01  2.46295e+02  1.77989e+06 -1.94138e+06  1.18743e+03  0.00000e+00 -1.60304e+05  1.95852e+04 -1.40719e+05  2.51910e-01  1.00000e+00 -3.38843e+01  0.00000e+00  3.67567e+00 
 8.00039e-03  6.57182e-03  0.00000e+00  3.47944e+00  1.40675e-04  3.60019e+02  3.60050e+02  4.01163e+00  4.03049e+00  2.70226e-01  2.83687e+01  2.47759e+02  2.04838e+06 -2.20378e+06  1.18189e+03  0.00000e+00 -1.54222e+05  1.55309e+04 -1.38691e+05  2.70225e-01  1.00000e+00 -2.86534e+01  0.00000e+00  4.29250e+00 
 8.19744e-03  6.81033e-03  1.31016e-20  3.47944e+00  1.39829e-04  3.60030e+02  3.60050e+02  3.95841e+00  3.97638e+00  2.88136e-01  2.29714e+01  2.49258e+02  2.33470e+06 -2.48627e+06  1.17457e+03  0.00000e+00 -1.50397e+05  1.19052e+04 -1.38492e+05  2.88132e-01  1.00000e+00 -2.32788e+01  0.00000e+00  5.01237e+00 
 8.39664e-03  7.04884e-03  0.00000e+00  3.47944e+00  1.38902e-04  3.60039e+02  3.60050e+02  3.89930e+00  3.91639e+00  3.05468e-01  1.75992e+01  2.50924e+02  2.64079e+06 -2.79127e+06  1.16603e+03  0.00000e+00 -1.49313e+05  8.70684e+03 -1.40606e+05  3.05461e-01  1.00000e+00 -1.79291e+01  0.00000e+00  5.85517e+00 
 8.59784e-03  7.28736e-03  0.00000e+00  3.47944e+00  1.37793e-04  3.60046e+02  3.60050e+02  3.83396e+00  3.85014e+00  3.22250e-01  1.23838e+01  2.52944e+02  2.97279e+06 -3.12645e+06  1.15681e+03  0.00000e+00 -1.52497e+05  5.91034e+03 -1.46586e+05  3.22242e-01  1.00000e+00 -1.27367e+01  0.00000e+00  6.85375e+00 
 8.80092e-03  7.52587e-03  0.00000e+00  3.47944e+00  1.36362e-04  3.60052e+02  3.60051e+02  3.76136e+00  3.77663e+00  3.38342e-01  7.37906e+00  2.55600e+02  3.34154e+06 -3.50277e+06  1.14772e+03  0.00000e+00 -1.60083e+05  3.46380e+03 -1.56620e+05  3.38332e-01  1.00000e+00 -7.75572e+00  0.00000e+00  8.05449e+00 
 9.00573e-03  7.76439e-03 -1.17014e-20  3.47944e+00  1.34463e-04  3.60058e+02  3.60051e+02  3.68040e+00  3.69470e+00  3.53967e-01  2.56209e+00  2.59210e+02  3.76376e+06 -3.94131e+06  1.13979e+03  0.00000e+00 -1.76419e+05  1.28335e+03 -1.75136e+05  3.53957e-01  1.00000e+00 -2.96437e+00  0.00000e+00  9.53118e+00 
 9.21216e-03  8.00291e-03  0.00000e+00  3.47944e+00  1.31876e-04  3.60062e+02  3.60051e+02  3.58964e+00  3.60290e+00  3.69078e-01 -4.64355e+00  2.64297e+02  4.27172e+06 -4.47537e+06  1.13353e+03  0.00000e+00 -2.02515e+05 -1.61572e+03 -2.04131e+05  3.69066e-01  1.00000e+00  3.81650e+00  0.00000e+00  1.14106e+01 
 9.42012e-03  8.24144e-03  0.00000e+00  3.47944e+00  1.28377e-04  3.60066e+02  3.60051e+02  3.48481e+00  3.49697e+00  3.83950e-01 -1.57954e+01  2.71503e+02  4.91537e+06 -5.16147e+06  1.12945e+03  0.00000e+00 -2.44965e+05 -6.23403e+03 -2.51199e+05  3.83939e-01  1.00000e+00  1.49123e+01  0.00000e+00  1.39071e+01 
 9.62949e-03  8.47996e-03  0.00000e+00  3.47944e+00  1.23559e-04  3.60072e+02  3.60052e+02  3.36309e+00  3.37370e+00  3.98437e-01 -3.17261e+01  2.82091e+02  5.78884e+06 -6.10149e+06  1.13300e+03  0.00000e+00 -3.11515e+05 -1.28809e+04 -3.24396e+05  3.98424e-01  1.00000e+00  3.07747e+01  0.00000e+00  1.74005e+01 
 9.84019e-03  8.71849e-03  0.00000e+00  3.47944e+00  1.17065e-04  3.60080e+02  3.60052e+02  3.21094e+00  3.22024e+00  4.12971e-01 -6.24902e+01  2.97742e+02  7.06474e+06 -7.48867e+06  1.14165e+03  0.00000e+00 -4.22788e+05 -2.61926e+04 -4.48981e+05  4.12955e-01  1.00000e+00  6.14515e+01  0.00000e+00  2.26518e+01 
 1.00521e-02  8.95702e-03  0.00000e+00  3.47944e+00  1.08182e-04  3.60099e+02  3.60053e+02  3.03104e+00  3.03903e+00  4.27349e-01 -1.43082e+02  3.22194e+02  9.26234e+06 -9.80825e+06  1.15847e+03  0.00000e+00 -5.44757e+05 -6.32592e+04 -6.08016e+05  4.27334e-01  1.00000e+00  1.41922e+02  0.00000e+00  3.19971e+01 
 1.02653e-02  9.19555e-03  0.00000e+00  3.47944e+00  9.70244e-05  3.60158e+02  3.60053e+02  2.75903e+00  2.76554e+00  4.42583e-01 -4.41207e+02  3.59250e+02  1.36374e+07 -1.40969e+07  1.16522e+03  0.00000e+00 -4.58369e+05 -2.11088e+05 -6.69457e+05  4.42567e-01  1.00000e+00  4.39880e+02  0.00000e+00  5.26011e+01 
 1.04795e-02  9.43408e-03  0.00000e+00  3.47944e+00  8.62354e-05  3.60461e+02  3.60054e+02  2.32466e+00  2.32849e+00  4.61536e-01 -5.46932e+03  4.04202e+02  2.51098e+07 -2.25654e+07  1.14510e+03  2.02324e+06  4.56872e+06 -4.69950e+06 -1.30777e+05  4.61555e-01  1.00000e+00  5.46780e+03  3.20083e+03  1.30497e+02 
