# Code_Saturne plot output (1D profile)
#
# Iteration output: 2283
# Time output:      2.30013e+01
#
#COLUMN_TITLES: Distance | X | Y | Z | diameter_Field2 | temp_Field1 | temp_Field2 | Velocity_Field1[Z] | Velocity_Field2[Z] | vol_f_Field2 | mass_trans_Field1 | Xd_Field2 | BK | COAL | COMP | NUCL | W1 | MT | SMBR | ALPBB | CONDNUM | GAMA | GAMANUC | epsilon_Field1
 4.56474e-03  1.39645e-04  0.00000e+00  3.47944e+00  4.41615e-05  3.59863e+02  3.60053e+02  4.68437e+00  4.69015e+00  6.90351e-02  1.42368e+02  7.89087e+02  7.63681e-14 -2.98324e+06  4.81787e+03  0.00000e+00 -2.97843e+06  1.01767e+06 -1.96076e+06  6.90290e-02  1.00000e+00 -1.42381e+02  0.00000e+00  4.70080e-01 
 4.57812e-03  3.76525e-04  4.25872e-21  3.47944e+00  7.44688e-05  3.59862e+02  3.60053e+02  4.68446e+00  4.69690e+00  6.99923e-02  6.99454e+01  4.67944e+02  1.42086e-01 -1.24530e+06  2.85883e+03  0.00000e+00 -1.24244e+06  2.92427e+05 -9.50014e+05  6.99864e-02  1.00000e+00 -6.99528e+01  0.00000e+00  4.75532e-01 
 4.60371e-03  6.13858e-04  0.00000e+00  3.47944e+00  9.98820e-05  3.59861e+02  3.60053e+02  4.68331e+00  4.70165e+00  7.15917e-02  4.81300e+01  3.48884e+02  2.12734e+02 -7.75606e+05  2.13350e+03  0.00000e+00 -7.73260e+05  1.46670e+05 -6.26590e+05  7.15859e-02  1.00000e+00 -4.81353e+01  0.00000e+00  4.86158e-01 
 4.64138e-03  8.51483e-04  0.00000e+00  3.47944e+00  1.20912e-04  3.59862e+02  3.60053e+02  4.68150e+00  4.70472e+00  7.38524e-02  3.83990e+01  2.88202e+02  4.05886e+03 -5.82077e+05  1.76368e+03  0.00000e+00 -5.76255e+05  9.37040e+04 -4.82551e+05  7.38468e-02  1.00000e+00 -3.84034e+01  0.00000e+00  5.02168e-01 
 4.69084e-03  1.08931e-03  0.00000e+00  3.47944e+00  1.38532e-04  3.59863e+02  3.60053e+02  4.67895e+00  4.70620e+00  7.67926e-02  3.31563e+01  2.51545e+02  1.83575e+04 -4.85258e+05  1.54002e+03  0.00000e+00 -4.65360e+05  6.79148e+04 -3.97446e+05  7.67870e-02  1.00000e+00 -3.31601e+01  0.00000e+00  5.23899e-01 
 4.75174e-03  1.32727e-03  1.05001e-20  3.47944e+00  1.53109e-04  3.59866e+02  3.60053e+02  4.67567e+00  4.70617e+00  8.04540e-02  3.01400e+01  2.27597e+02  4.43480e+04 -4.34818e+05  1.39363e+03  0.00000e+00 -3.89076e+05  5.33165e+04 -3.35760e+05  8.04485e-02  1.00000e+00 -3.01436e+01  0.00000e+00  5.51832e-01 
 4.82366e-03  1.56534e-03  0.00000e+00  3.47944e+00  1.64861e-04  3.59870e+02  3.60053e+02  4.67161e+00  4.70463e+00  8.48643e-02  2.84180e+01  2.11373e+02  7.81430e+04 -4.11407e+05  1.29415e+03  0.00000e+00 -3.31970e+05  4.42604e+04 -2.87709e+05  8.48589e-02  1.00000e+00 -2.84215e+01  0.00000e+00  5.86635e-01 
 4.90611e-03  1.80349e-03  8.81027e-21  3.47944e+00  1.74131e-04  3.59876e+02  3.60053e+02  4.66673e+00  4.70165e+00  9.00741e-02  2.75077e+01  2.00121e+02  1.16123e+05 -4.05952e+05  1.22480e+03  0.00000e+00 -2.88604e+05  3.82156e+04 -2.50389e+05  9.00690e-02  1.00000e+00 -2.75111e+01  0.00000e+00  6.29137e-01 
 4.99859e-03  2.04170e-03  0.00000e+00  3.47944e+00  1.81377e-04  3.59882e+02  3.60053e+02  4.66097e+00  4.69724e+00  9.61181e-02  2.71076e+01  1.92125e+02  1.56783e+05 -4.13541e+05  1.17511e+03  0.00000e+00 -2.55583e+05  3.38815e+04 -2.21702e+05  9.61134e-02  1.00000e+00 -2.71111e+01  0.00000e+00  6.80383e-01 
 5.10055e-03  2.27996e-03  7.58893e-21  3.47944e+00  1.87086e-04  3.59889e+02  3.60053e+02  4.65423e+00  4.69143e+00  1.03036e-01  2.70151e+01  1.86263e+02  2.00097e+05 -4.31408e+05  1.13823e+03  0.00000e+00 -2.30172e+05  3.05375e+04 -1.99635e+05  1.03032e-01  1.00000e+00 -2.70187e+01  0.00000e+00  7.41621e-01 
 5.21143e-03  2.51826e-03  7.09702e-21  3.47944e+00  1.91697e-04  3.59898e+02  3.60053e+02  4.64640e+00  4.68424e+00  1.10855e-01  2.70807e+01  1.81783e+02  2.46623e+05 -4.57889e+05  1.10955e+03  0.00000e+00 -2.10157e+05  2.77680e+04 -1.82389e+05  1.10851e-01  1.00000e+00 -2.70844e+01  0.00000e+00  8.14343e-01 
 5.33068e-03  2.75659e-03  1.33300e-20  3.47944e+00  1.95579e-04  3.59907e+02  3.60053e+02  4.63737e+00  4.67563e+00  1.19592e-01  2.71869e+01  1.78174e+02  2.96948e+05 -4.91918e+05  1.08596e+03  0.00000e+00 -1.93883e+05  2.53275e+04 -1.68556e+05  1.19589e-01  1.00000e+00 -2.71909e+01  0.00000e+00  9.00292e-01 
 5.45775e-03  2.99495e-03  1.25651e-20  3.47944e+00  1.99034e-04  3.59916e+02  3.60053e+02  4.62696e+00  4.66550e+00  1.29250e-01  2.72364e+01  1.75082e+02  3.51425e+05 -5.32680e+05  1.06525e+03  0.00000e+00 -1.80189e+05  2.30701e+04 -1.57119e+05  1.29247e-01  1.00000e+00 -2.72406e+01  0.00000e+00  1.00148e+00 
 5.59212e-03  3.23333e-03  0.00000e+00  3.47944e+00  2.02306e-04  3.59926e+02  3.60053e+02  4.61501e+00  4.65374e+00  1.39802e-01  2.71447e+01  1.72250e+02  4.10049e+05 -5.79357e+05  1.04586e+03  0.00000e+00 -1.68262e+05  2.09133e+04 -1.47349e+05  1.39800e-01  1.00000e+00 -2.71492e+01  0.00000e+00  1.12018e+00 
 5.73326e-03  3.47172e-03  0.00000e+00  3.47944e+00  2.05594e-04  3.59937e+02  3.60053e+02  4.60130e+00  4.64016e+00  1.51207e-01  2.68423e+01  1.69495e+02  4.72388e+05 -6.31045e+05  1.02663e+03  0.00000e+00 -1.57630e+05  1.88148e+04 -1.38815e+05  1.51205e-01  1.00000e+00 -2.68471e+01  0.00000e+00  1.25893e+00 
 5.88069e-03  3.71014e-03 -5.35987e-21  3.47944e+00  2.09056e-04  3.59948e+02  3.60053e+02  4.58558e+00  4.62456e+00  1.63373e-01  2.62720e+01  1.66689e+02  5.37611e+05 -6.86556e+05  1.00675e+03  0.00000e+00 -1.47939e+05  1.67617e+04 -1.31177e+05  1.63371e-01  1.00000e+00 -2.62770e+01  0.00000e+00  1.42051e+00 
 6.03395e-03  3.94857e-03  5.10973e-21  3.47944e+00  2.12815e-04  3.59958e+02  3.60053e+02  4.56761e+00  4.60672e+00  1.76206e-01  2.53987e+01  1.63745e+02  6.04483e+05 -7.44576e+05  9.85681e+02  0.00000e+00 -1.39108e+05  1.47592e+04 -1.24349e+05  1.76205e-01  1.00000e+00 -2.54040e+01  0.00000e+00  1.60786e+00 
 6.19261e-03  4.18701e-03  0.00000e+00  3.47944e+00  2.16951e-04  3.59969e+02  3.60053e+02  4.54714e+00  4.58638e+00  1.89543e-01  2.42046e+01  1.60623e+02  6.71574e+05 -8.03485e+05  9.63160e+02  0.00000e+00 -1.30948e+05  1.28266e+04 -1.18121e+05  1.89542e-01  1.00000e+00 -2.42101e+01  0.00000e+00  1.82410e+00 
 6.35626e-03  4.42546e-03  0.00000e+00  3.47944e+00  2.21509e-04  3.59980e+02  3.60053e+02  4.52389e+00  4.56330e+00  2.03253e-01  2.27005e+01  1.57319e+02  7.37287e+05 -8.61822e+05  9.39143e+02  0.00000e+00 -1.23596e+05  1.09876e+04 -1.12608e+05  2.03252e-01  1.00000e+00 -2.27063e+01  0.00000e+00  2.07232e+00 
 6.52453e-03  4.66392e-03 -8.96437e-21  3.47944e+00  2.26475e-04  3.59990e+02  3.60053e+02  4.49764e+00  4.53724e+00  2.17113e-01  2.09130e+01  1.53869e+02  8.00293e+05 -9.18017e+05  9.13842e+02  0.00000e+00 -1.16810e+05  9.26868e+03 -1.07542e+05  2.17113e-01  1.00000e+00 -2.09190e+01  0.00000e+00  2.35584e+00 
 6.69707e-03  4.90238e-03  1.72236e-20  3.47944e+00  2.31802e-04  3.60000e+02  3.60053e+02  4.46820e+00  4.50801e+00  2.31007e-01  1.88930e+01  1.50333e+02  8.59389e+05 -9.71181e+05  8.87633e+02  0.00000e+00 -1.10905e+05  7.68926e+03 -1.03215e+05  2.31006e-01  1.00000e+00 -1.88992e+01  0.00000e+00  2.67769e+00 
 6.87356e-03  5.14086e-03  8.28595e-21  3.47944e+00  2.37371e-04  3.60010e+02  3.60053e+02  4.43546e+00  4.47547e+00  2.44688e-01  1.66946e+01  1.46807e+02  9.14208e+05 -1.02055e+06  8.61080e+02  0.00000e+00 -1.05483e+05  6.26450e+03 -9.92188e+04  2.44687e-01  1.00000e+00 -1.67009e+01  0.00000e+00  3.04165e+00 
 7.05370e-03  5.37934e-03 -1.59677e-20  3.47944e+00  2.43043e-04  3.60019e+02  3.60053e+02  4.39930e+00  4.43951e+00  2.58108e-01  1.43812e+01  1.43381e+02  9.64572e+05 -1.06647e+06  8.34749e+02  0.00000e+00 -1.01060e+05  4.99681e+03 -9.60631e+04  2.58106e-01  1.00000e+00 -1.43876e+01  0.00000e+00  3.45118e+00 
 7.23722e-03  5.61783e-03  0.00000e+00  3.47944e+00  2.48602e-04  3.60027e+02  3.60053e+02  4.35971e+00  4.40009e+00  2.71033e-01  1.20037e+01  1.40175e+02  1.01158e+06 -1.10944e+06  8.09313e+02  0.00000e+00 -9.70447e+04  3.88344e+03 -9.31612e+04  2.71031e-01  1.00000e+00 -1.20103e+01  0.00000e+00  3.91186e+00 
 7.42387e-03  5.85632e-03  0.00000e+00  3.47944e+00  2.53856e-04  3.60036e+02  3.60053e+02  4.31658e+00  4.35704e+00  2.83538e-01  9.60634e+00  1.37274e+02  1.05608e+06 -1.15115e+06  7.85291e+02  0.00000e+00 -9.42839e+04  2.90972e+03 -9.13742e+04  2.83536e-01  1.00000e+00 -9.61300e+00  0.00000e+00  4.42892e+00 
 7.61342e-03  6.09482e-03  0.00000e+00  3.47944e+00  2.58527e-04  3.60044e+02  3.60054e+02  4.26992e+00  4.31038e+00  2.95399e-01  7.21227e+00  1.34794e+02  1.10063e+06 -1.19327e+06  7.63257e+02  0.00000e+00 -9.18793e+04  2.05947e+03 -8.98198e+04  2.95396e-01  1.00000e+00 -7.21903e+00  0.00000e+00  5.01285e+00 
 7.80566e-03  6.33332e-03  0.00000e+00  3.47944e+00  2.62436e-04  3.60051e+02  3.60054e+02  4.21936e+00  4.25966e+00  3.06829e-01  4.82933e+00  1.32787e+02  1.14657e+06 -1.23845e+06  7.43469e+02  0.00000e+00 -9.11430e+04  1.30851e+03 -8.98345e+04  3.06826e-01  1.00000e+00 -4.83619e+00  0.00000e+00  5.67283e+00 
 8.00039e-03  6.57182e-03  0.00000e+00  3.47944e+00  2.65294e-04  3.60059e+02  3.60054e+02  4.16496e+00  4.20493e+00  3.17585e-01  2.44534e+00  1.31357e+02  1.19774e+06 -1.28924e+06  7.26324e+02  0.00000e+00 -9.07728e+04  6.34142e+02 -9.01387e+04  3.17582e-01  1.00000e+00 -2.45232e+00  0.00000e+00  6.42951e+00 
 8.19744e-03  6.81033e-03  1.31016e-20  3.47944e+00  2.67001e-04  3.60066e+02  3.60054e+02  4.10567e+00  4.14510e+00  3.28004e-01  3.74985e-03  1.30518e+02  1.25544e+06 -1.34884e+06  7.11785e+02  0.00000e+00 -9.26866e+04  4.02675e+00 -9.26826e+04  3.28002e-01  1.00000e+00 -1.61863e-02  0.00000e+00  7.29904e+00 
 8.39664e-03  7.04884e-03  0.00000e+00  3.47944e+00  2.67295e-04  3.60073e+02  3.60054e+02  4.04196e+00  4.08063e+00  3.37799e-01 -5.54588e+00  1.30376e+02  1.32521e+06 -1.42090e+06  7.00085e+02  0.00000e+00 -9.49845e+04 -1.33515e+03 -9.63197e+04  3.37797e-01  1.00000e+00  5.53325e+00  0.00000e+00  8.32333e+00 
 8.59784e-03  7.28736e-03  0.00000e+00  3.47944e+00  2.66131e-04  3.60079e+02  3.60055e+02  3.97107e+00  4.00870e+00  3.47401e-01 -1.16064e+01  1.30946e+02  1.40866e+06 -1.51001e+06  6.91085e+02  0.00000e+00 -1.00655e+05 -2.73204e+03 -1.03387e+05  3.47399e-01  1.00000e+00  1.15935e+01  0.00000e+00  9.53140e+00 
 8.80092e-03  7.52587e-03  0.00000e+00  3.47944e+00  2.63149e-04  3.60087e+02  3.60055e+02  3.89549e+00  3.93182e+00  3.56471e-01 -1.86644e+01  1.32431e+02  1.51589e+06 -1.62407e+06  6.85313e+02  0.00000e+00 -1.07497e+05 -4.33196e+03 -1.11829e+05  3.56470e-01  1.00000e+00  1.86513e+01  0.00000e+00  1.10162e+01 
 9.00573e-03  7.76439e-03 -1.17014e-20  3.47944e+00  2.58363e-04  3.60095e+02  3.60055e+02  3.80727e+00  3.84197e+00  3.65505e-01 -2.75268e+01  1.34885e+02  1.65041e+06 -1.77136e+06  6.82404e+02  0.00000e+00 -1.20260e+05 -6.34777e+03 -1.26607e+05  3.65505e-01  1.00000e+00  2.75133e+01  0.00000e+00  1.28385e+01 
 9.21216e-03  8.00291e-03  0.00000e+00  3.47944e+00  2.51311e-04  3.60105e+02  3.60055e+02  3.71535e+00  3.74810e+00  3.74176e-01 -3.96161e+01  1.38671e+02  1.83334e+06 -1.97011e+06  6.83512e+02  0.00000e+00 -1.36089e+05 -9.17561e+03 -1.45265e+05  3.74177e-01  1.00000e+00  3.96022e+01  0.00000e+00  1.52342e+01 
 9.42012e-03  8.24144e-03  0.00000e+00  3.47944e+00  2.42039e-04  3.60118e+02  3.60056e+02  3.59792e+00  3.62840e+00  3.82964e-01 -5.76150e+01  1.43984e+02  2.07675e+06 -2.24035e+06  6.87445e+02  0.00000e+00 -1.62915e+05 -1.35390e+04 -1.76454e+05  3.82969e-01  1.00000e+00  5.76005e+01  0.00000e+00  1.83764e+01 
 9.62949e-03  8.47996e-03  0.00000e+00  3.47944e+00  2.29843e-04  3.60137e+02  3.60056e+02  3.47950e+00  3.50742e+00  3.91673e-01 -8.73547e+01  1.51626e+02  2.43725e+06 -2.63436e+06  6.97528e+02  0.00000e+00 -1.96415e+05 -2.11378e+04 -2.17553e+05  3.91680e-01  1.00000e+00  8.73395e+01  0.00000e+00  2.30079e+01 
 9.84019e-03  8.71849e-03  0.00000e+00  3.47944e+00  2.14715e-04  3.60169e+02  3.60057e+02  3.30568e+00  3.33077e+00  4.00552e-01 -1.42488e+02  1.62310e+02  2.97383e+06 -3.22208e+06  7.09447e+02  0.00000e+00 -2.47541e+05 -3.60921e+04 -2.83633e+05  4.00564e-01  1.00000e+00  1.42472e+02  0.00000e+00  2.99566e+01 
 1.00521e-02  8.95702e-03  0.00000e+00  3.47944e+00  1.95583e-04  3.60227e+02  3.60057e+02  3.12582e+00  3.14804e+00  4.09504e-01 -2.63938e+02  1.78189e+02  3.91599e+06 -4.19944e+06  7.30526e+02  0.00000e+00 -2.82714e+05 -7.17948e+04 -3.54508e+05  4.09522e-01  1.00000e+00  2.63921e+02  0.00000e+00  4.28623e+01 
 1.02653e-02  9.19555e-03  0.00000e+00  3.47944e+00  1.73597e-04  3.60364e+02  3.60058e+02  2.80723e+00  2.82518e+00  4.19081e-01 -5.98626e+02  2.00760e+02  5.68597e+06 -5.84694e+06  7.33956e+02  0.00000e+00 -1.60236e+05 -1.79266e+05 -3.39501e+05  4.19110e-01  1.00000e+00  5.98608e+02  0.00000e+00  7.09053e+01 
 1.04795e-02  9.43408e-03  0.00000e+00  3.47944e+00  1.54547e-04  3.60842e+02  3.60059e+02  2.34436e+00  2.35455e+00  4.30149e-01 -5.23408e+03  2.25511e+02  9.74055e+06 -7.82987e+06  7.14392e+02  9.50613e+05  2.86201e+06 -2.87375e+06 -1.17406e+04  4.30177e-01  1.00000e+00  5.23406e+03  3.31437e+03  1.78876e+02 
