# Code_Saturne plot output (1D profile)
#
# Iteration output: 2302
# Time output:      2.30044e+01
#
#COLUMN_TITLES: Distance | X | Y | Z | diameter_Field2 | temp_Field1 | temp_Field2 | Velocity_Field1[Z] | Velocity_Field2[Z] | vol_f_Field2 | mass_trans_Field1 | Xd_Field2 | BK | COAL | COMP | NUCL | W1 | MT | SMBR | ALPBB | CONDNUM | GAMA | GAMANUC | epsilon_Field1
 4.56474e-03  1.39645e-04  0.00000e+00  3.47944e+00  4.76436e-05  3.59848e+02  3.60053e+02  4.56708e+00  4.57350e+00  5.97591e-02  1.18615e+02  7.31436e+02  3.81189e-11 -1.97828e+06  4.35912e+03  0.00000e+00 -1.97392e+06  7.10516e+05 -1.26341e+06  5.97636e-02  1.00000e+00 -1.18622e+02  0.00000e+00  4.81888e-01 
 4.57812e-03  3.76525e-04  4.25872e-21  3.47944e+00  7.18398e-05  3.59847e+02  3.60053e+02  4.56688e+00  4.57862e+00  6.04815e-02  6.79811e+01  4.85083e+02  4.09039e-02 -9.97085e+05  2.89228e+03  0.00000e+00 -9.94193e+05  2.66838e+05 -7.27355e+05  6.04869e-02  1.00000e+00 -6.79854e+01  0.00000e+00  4.86932e-01 
 4.60371e-03  6.13858e-04  0.00000e+00  3.47944e+00  9.23362e-05  3.59847e+02  3.60053e+02  4.56565e+00  4.58207e+00  6.17779e-02  4.94638e+01  3.77406e+02  3.86709e+01 -6.66861e+05  2.25192e+03  0.00000e+00 -6.64571e+05  1.47888e+05 -5.16683e+05  6.17830e-02  1.00000e+00 -4.94670e+01  0.00000e+00  4.96805e-01 
 4.64138e-03  8.51483e-04  0.00000e+00  3.47944e+00  1.09774e-04  3.59848e+02  3.60053e+02  4.56381e+00  4.58422e+00  6.36270e-02  4.03444e+01  3.17454e+02  8.98989e+02 -5.15115e+05  1.89521e+03  0.00000e+00 -5.12321e+05  9.85130e+04 -4.13808e+05  6.36318e-02  1.00000e+00 -4.03470e+01  0.00000e+00  5.11706e-01 
 4.69084e-03  1.08931e-03  0.00000e+00  3.47944e+00  1.25164e-04  3.59850e+02  3.60053e+02  4.56126e+00  4.58515e+00  6.60401e-02  3.49798e+01  2.78420e+02  5.28663e+03 -4.31859e+05  1.66271e+03  0.00000e+00 -4.24910e+05  7.21745e+04 -3.52735e+05  6.60443e-02  1.00000e+00 -3.49821e+01  0.00000e+00  5.31947e-01 
 4.75174e-03  1.32727e-03  1.05001e-20  3.47944e+00  1.38816e-04  3.59852e+02  3.60053e+02  4.55801e+00  4.58492e+00  6.90463e-02  3.16020e+01  2.51039e+02  1.60394e+04 -3.83442e+05  1.49937e+03  0.00000e+00 -3.65903e+05  5.62335e+04 -3.09670e+05  6.90496e-02  1.00000e+00 -3.16042e+01  0.00000e+00  5.57971e-01 
 4.82366e-03  1.56534e-03  0.00000e+00  3.47944e+00  1.50758e-04  3.59856e+02  3.60053e+02  4.55400e+00  4.58347e+00  7.26743e-02  2.94418e+01  2.31154e+02  3.37173e+04 -3.56243e+05  1.38047e+03  0.00000e+00 -3.21146e+05  4.58320e+04 -2.75314e+05  7.26767e-02  1.00000e+00 -2.94438e+01  0.00000e+00  5.90383e-01 
 4.90611e-03  1.80349e-03  8.81027e-21  3.47944e+00  1.61026e-04  3.59861e+02  3.60053e+02  4.54921e+00  4.58080e+00  7.69678e-02  2.80905e+01  2.16414e+02  5.70250e+04 -3.43552e+05  1.29203e+03  0.00000e+00 -2.85235e+05  3.86564e+04 -2.46579e+05  7.69700e-02  1.00000e+00 -2.80925e+01  0.00000e+00  6.29943e-01 
 4.99859e-03  2.04170e-03  0.00000e+00  3.47944e+00  1.69772e-04  3.59867e+02  3.60053e+02  4.54356e+00  4.57687e+00  8.19651e-02  2.72836e+01  2.05265e+02  8.44273e+04 -3.41502e+05  1.22478e+03  0.00000e+00 -2.55850e+05  3.34405e+04 -2.22409e+05  8.19675e-02  1.00000e+00 -2.72856e+01  0.00000e+00  6.77604e-01 
 5.10055e-03  2.27996e-03  7.58893e-21  3.47944e+00  1.77246e-04  3.59874e+02  3.60053e+02  4.53699e+00  4.57168e+00  8.77133e-02  2.68350e+01  1.96610e+02  1.14968e+05 -3.47729e+05  1.17220e+03  0.00000e+00 -2.31589e+05  2.94392e+04 -2.02150e+05  8.77161e-02  1.00000e+00 -2.68370e+01  0.00000e+00  7.34517e-01 
 5.21143e-03  2.51826e-03  7.09702e-21  3.47944e+00  1.83740e-04  3.59882e+02  3.60053e+02  4.52938e+00  4.56518e+00  9.42530e-02  2.66016e+01  1.89661e+02  1.48263e+05 -3.60683e+05  1.12958e+03  0.00000e+00 -2.11290e+05  2.61983e+04 -1.85092e+05  9.42563e-02  1.00000e+00 -2.66037e+01  0.00000e+00  8.02063e-01 
 5.33068e-03  2.75659e-03  1.33300e-20  3.47944e+00  1.89550e-04  3.59891e+02  3.60053e+02  4.52063e+00  4.55731e+00  1.01622e-01  2.64689e+01  1.83848e+02  1.84206e+05 -3.79289e+05  1.09353e+03  0.00000e+00 -1.93989e+05  2.34362e+04 -1.70553e+05  1.01626e-01  1.00000e+00 -2.64711e+01  0.00000e+00  8.81873e-01 
 5.45775e-03  2.99495e-03  1.25651e-20  3.47944e+00  1.94951e-04  3.59900e+02  3.60053e+02  4.51059e+00  4.54801e+00  1.09850e-01  2.63408e+01  1.78754e+02  2.22706e+05 -4.02700e+05  1.06154e+03  0.00000e+00 -1.78932e+05  2.09783e+04 -1.57954e+05  1.09854e-01  1.00000e+00 -2.63431e+01  0.00000e+00  9.75846e-01 
 5.59212e-03  3.23333e-03  0.00000e+00  3.47944e+00  2.00191e-04  3.59910e+02  3.60053e+02  4.49910e+00  4.53718e+00  1.18947e-01  2.61329e+01  1.74075e+02  2.63518e+05 -4.30124e+05  1.03177e+03  0.00000e+00 -1.65573e+05  1.87178e+04 -1.46856e+05  1.18952e-01  1.00000e+00 -2.61353e+01  0.00000e+00  1.08617e+00 
 5.73326e-03  3.47172e-03  0.00000e+00  3.47944e+00  2.05494e-04  3.59921e+02  3.60053e+02  4.48595e+00  4.52464e+00  1.28913e-01  2.57723e+01  1.69583e+02  3.06139e+05 -4.60733e+05  1.00289e+03  0.00000e+00 -1.53591e+05  1.65929e+04 -1.36998e+05  1.28918e-01  1.00000e+00 -2.57748e+01  0.00000e+00  1.21532e+00 
 5.88069e-03  3.71014e-03 -5.35987e-21  3.47944e+00  2.11051e-04  3.59932e+02  3.60053e+02  4.47093e+00  4.51024e+00  1.39709e-01  2.51959e+01  1.65118e+02  3.49796e+05 -4.93534e+05  9.73900e+02  0.00000e+00 -1.42764e+05  1.45743e+04 -1.28190e+05  1.39715e-01  1.00000e+00 -2.51985e+01  0.00000e+00  1.36606e+00 
 6.03395e-03  3.94857e-03  5.10973e-21  3.47944e+00  2.17022e-04  3.59943e+02  3.60053e+02  4.45379e+00  4.49374e+00  1.51287e-01  2.43587e+01  1.60575e+02  3.93449e+05 -5.27463e+05  9.44180e+02  0.00000e+00 -1.33070e+05  1.26538e+04 -1.20416e+05  1.51294e-01  1.00000e+00 -2.43615e+01  0.00000e+00  1.54138e+00 
 6.19261e-03  4.18701e-03  0.00000e+00  3.47944e+00  2.23527e-04  3.59954e+02  3.60053e+02  4.43427e+00  4.47490e+00  1.63528e-01  2.32298e+01  1.55902e+02  4.35940e+05 -5.61241e+05  9.13405e+02  0.00000e+00 -1.24387e+05  1.08394e+04 -1.13548e+05  1.63534e-01  1.00000e+00 -2.32327e+01  0.00000e+00  1.74454e+00 
 6.35626e-03  4.42546e-03  0.00000e+00  3.47944e+00  2.30640e-04  3.59965e+02  3.60053e+02  4.41210e+00  4.45346e+00  1.76333e-01  2.18061e+01  1.51095e+02  4.76041e+05 -5.93748e+05  8.81557e+02  0.00000e+00 -1.16825e+05  9.14540e+03 -1.07680e+05  1.76338e-01  1.00000e+00 -2.18091e+01  0.00000e+00  1.97881e+00 
 6.52453e-03  4.66392e-03 -8.96437e-21  3.47944e+00  2.38367e-04  3.59976e+02  3.60053e+02  4.38702e+00  4.42916e+00  1.89501e-01  2.01001e+01  1.46197e+02  5.12775e+05 -6.23809e+05  8.48868e+02  0.00000e+00 -1.10185e+05  7.58999e+03 -1.02595e+05  1.89506e-01  1.00000e+00 -2.01032e+01  0.00000e+00  2.24783e+00 
 6.69707e-03  4.90238e-03  1.72236e-20  3.47944e+00  2.46656e-04  3.59987e+02  3.60053e+02  4.35881e+00  4.40176e+00  2.02924e-01  1.81521e+01  1.41284e+02  5.45332e+05 -6.50825e+05  8.15813e+02  0.00000e+00 -1.04677e+05  6.18605e+03 -9.84907e+04  2.02928e-01  1.00000e+00 -1.81553e+01  0.00000e+00  2.55488e+00 
 6.87356e-03  5.14086e-03  8.28595e-21  3.47944e+00  2.55361e-04  3.59998e+02  3.60053e+02  4.32729e+00  4.37108e+00  2.16323e-01  1.60057e+01  1.36468e+02  5.73602e+05 -6.74235e+05  7.83030e+02  0.00000e+00 -9.98500e+04  4.94244e+03 -9.49075e+04  2.16327e-01  1.00000e+00 -1.60089e+01  0.00000e+00  2.90408e+00 
 7.05370e-03  5.37934e-03 -1.59677e-20  3.47944e+00  2.64284e-04  3.60009e+02  3.60053e+02  4.29233e+00  4.33694e+00  2.29650e-01  1.37209e+01  1.31861e+02  5.97656e+05 -6.94499e+05  7.51207e+02  0.00000e+00 -9.60914e+04  3.85646e+03 -9.22350e+04  2.29654e-01  1.00000e+00 -1.37242e+01  0.00000e+00  3.29893e+00 
 7.23722e-03  5.61783e-03  0.00000e+00  3.47944e+00  2.73118e-04  3.60019e+02  3.60053e+02  4.25389e+00  4.29929e+00  2.42603e-01  1.13423e+01  1.27596e+02  6.18565e+05 -7.12029e+05  7.21063e+02  0.00000e+00 -9.27426e+04  2.92029e+03 -8.98224e+04  2.42606e-01  1.00000e+00 -1.13457e+01  0.00000e+00  3.74534e+00 
 7.42387e-03  5.85632e-03  0.00000e+00  3.47944e+00  2.81561e-04  3.60030e+02  3.60053e+02  4.21183e+00  4.25790e+00  2.55269e-01  8.91218e+00  1.23771e+02  6.37169e+05 -7.28371e+05  6.93179e+02  0.00000e+00 -9.05087e+04  2.11555e+03 -8.83932e+04  2.55270e-01  1.00000e+00 -8.91558e+00  0.00000e+00  4.24808e+00 
 7.61342e-03  6.09482e-03  0.00000e+00  3.47944e+00  2.89212e-04  3.60040e+02  3.60053e+02  4.16621e+00  4.21281e+00  2.67336e-01  6.44528e+00  1.20497e+02  6.55517e+05 -7.44695e+05  6.68078e+02  0.00000e+00 -8.85096e+04  1.42248e+03 -8.70871e+04  2.67337e-01  1.00000e+00 -6.44872e+00  0.00000e+00  4.81802e+00 
 7.80566e-03  6.33332e-03  0.00000e+00  3.47944e+00  2.95778e-04  3.60050e+02  3.60054e+02  4.11658e+00  4.16349e+00  2.79056e-01  3.94123e+00  1.17822e+02  6.74638e+05 -7.63139e+05  6.46022e+02  0.00000e+00 -8.78558e+04  8.15098e+02 -8.70407e+04  2.79055e-01  1.00000e+00 -3.94472e+00  0.00000e+00  5.46322e+00 
 8.00039e-03  6.57182e-03  0.00000e+00  3.47944e+00  3.00877e-04  3.60060e+02  3.60054e+02  4.06315e+00  4.11012e+00  2.90103e-01  1.37305e+00  1.15826e+02  6.97172e+05 -7.85239e+05  6.27214e+02  0.00000e+00 -8.74399e+04  2.68980e+02 -8.71710e+04  2.90102e-01  1.00000e+00 -1.37660e+00  0.00000e+00  6.20519e+00 
 8.19744e-03  6.81033e-03  1.31016e-20  3.47944e+00  3.04360e-04  3.60070e+02  3.60054e+02  4.00464e+00  4.05136e+00  3.00883e-01 -2.98401e+00  1.14501e+02  7.23809e+05 -8.13252e+05  6.11541e+02  0.00000e+00 -8.88316e+04 -5.54412e+02 -8.93860e+04  3.00881e-01  1.00000e+00  2.97688e+00  0.00000e+00  7.05789e+00 
 8.39664e-03  7.04884e-03  0.00000e+00  3.47944e+00  3.05910e-04  3.60080e+02  3.60054e+02  3.94189e+00  3.98803e+00  3.11008e-01 -9.46369e+00  1.13921e+02  7.57999e+05 -8.49127e+05  5.99048e+02  0.00000e+00 -9.05283e+04 -1.69520e+03 -9.22235e+04  3.11006e-01  1.00000e+00  9.45640e+00  0.00000e+00  8.06476e+00 
 8.59784e-03  7.28736e-03  0.00000e+00  3.47944e+00  3.05462e-04  3.60091e+02  3.60054e+02  3.87161e+00  3.91679e+00  3.20985e-01 -1.68230e+01  1.14089e+02  8.00487e+05 -8.95951e+05  5.89559e+02  0.00000e+00 -9.48748e+04 -2.92506e+03 -9.77999e+04  3.20980e-01  1.00000e+00  1.68156e+01  0.00000e+00  9.25115e+00 
 8.80092e-03  7.52587e-03  0.00000e+00  3.47944e+00  3.02668e-04  3.60102e+02  3.60055e+02  3.79708e+00  3.84093e+00  3.30398e-01 -2.56584e+01  1.15143e+02  8.57035e+05 -9.57816e+05  5.83279e+02  0.00000e+00 -1.00197e+05 -4.37484e+03 -1.04572e+05  3.30393e-01  1.00000e+00  2.56506e+01  0.00000e+00  1.07126e+01 
 9.00573e-03  7.76439e-03 -1.17014e-20  3.47944e+00  2.97593e-04  3.60116e+02  3.60055e+02  3.70914e+00  3.75123e+00  3.39819e-01 -3.69346e+01  1.17107e+02  9.29164e+05 -1.03961e+06  5.79746e+02  0.00000e+00 -1.09863e+05 -6.22789e+03 -1.16091e+05  3.39812e-01  1.00000e+00  3.69265e+01  0.00000e+00  1.25027e+01 
 9.21216e-03  8.00291e-03  0.00000e+00  3.47944e+00  2.89835e-04  3.60132e+02  3.60055e+02  3.61858e+00  3.65852e+00  3.48817e-01 -5.23168e+01  1.20243e+02  1.02847e+06 -1.15047e+06  5.79725e+02  0.00000e+00 -1.21418e+05 -8.82464e+03 -1.30243e+05  3.48810e-01  1.00000e+00  5.23083e+01  0.00000e+00  1.48614e+01 
 9.42012e-03  8.24144e-03  0.00000e+00  3.47944e+00  2.79534e-04  3.60153e+02  3.60056e+02  3.50092e+00  3.53834e+00  3.57973e-01 -7.48169e+01  1.24675e+02  1.16060e+06 -1.30122e+06  5.81806e+02  0.00000e+00 -1.40041e+05 -1.27510e+04 -1.52792e+05  3.57965e-01  1.00000e+00  7.48080e+01  0.00000e+00  1.79473e+01 
 9.62949e-03  8.47996e-03  0.00000e+00  3.47944e+00  2.66102e-04  3.60182e+02  3.60056e+02  3.38448e+00  3.41902e+00  3.66961e-01 -1.10768e+02  1.30969e+02  1.35546e+06 -1.51667e+06  5.88590e+02  0.00000e+00 -1.60626e+05 -1.93460e+04 -1.79972e+05  3.66953e-01  1.00000e+00  1.10758e+02  0.00000e+00  2.25097e+01 
 9.84019e-03  8.71849e-03  0.00000e+00  3.47944e+00  2.49777e-04  3.60228e+02  3.60057e+02  3.20990e+00  3.24146e+00  3.76188e-01 -1.73968e+02  1.39530e+02  1.63987e+06 -1.82770e+06  5.94962e+02  0.00000e+00 -1.87235e+05 -3.15773e+04 -2.18812e+05  3.76178e-01  1.00000e+00  1.73958e+02  0.00000e+00  2.93365e+01 
 1.00521e-02  8.95702e-03  0.00000e+00  3.47944e+00  2.29879e-04  3.60309e+02  3.60057e+02  3.03285e+00  3.06170e+00  3.85402e-01 -3.03020e+02  1.51609e+02  2.12402e+06 -2.30685e+06  6.05953e+02  0.00000e+00 -1.82222e+05 -5.83355e+04 -2.40558e+05  3.85394e-01  1.00000e+00  3.03008e+02  0.00000e+00  4.20678e+01 
 1.02653e-02  9.19555e-03  0.00000e+00  3.47944e+00  2.08784e-04  3.60483e+02  3.60058e+02  2.71318e+00  2.73811e+00  3.95725e-01 -6.18181e+02  1.66930e+02  2.96806e+06 -2.98364e+06  5.93881e+02  0.00000e+00 -1.49780e+04 -1.27618e+05 -1.42596e+05  3.95719e-01  1.00000e+00  6.18169e+02  0.00000e+00  6.96691e+01 
 1.04795e-02  9.43408e-03  0.00000e+00  3.47944e+00  1.96837e-04  3.61025e+02  3.60059e+02  2.25501e+00  2.27263e+00  4.06739e-01 -4.91296e+03  1.77065e+02  4.60600e+06 -3.10493e+06  5.41750e+02  5.11998e+05  2.01361e+06 -2.00403e+06  9.58254e+03  4.06742e-01  1.00000e+00  4.91294e+03  3.29872e+03  1.76360e+02 
