# Code_Saturne plot output (1D profile)
#
# Iteration output: 2476
# Time output:      2.30039e+01
#
#COLUMN_TITLES: Distance | X | Y | Z | diameter_Field2 | temp_Field1 | temp_Field2 | Velocity_Field1[Z] | Velocity_Field2[Z] | vol_f_Field2 | mass_trans_Field1 | Xd_Field2 | BK | COAL | COMP | NUCL | W1 | MT | SMBR | ALPBB | CONDNUM | GAMA | GAMANUC | epsilon_Field1
 4.56474e-03  1.39645e-04  0.00000e+00  3.47944e+00  1.86401e-04  3.59911e+02  3.60055e+02  5.01166e+00  5.05124e+00  1.35420e-01  3.09864e+01  1.86921e+02  2.38205e+05 -8.76353e+05  1.28870e+03  0.00000e+00 -6.36859e+05  1.81046e+04 -6.18754e+05  1.35398e-01  1.00000e+00 -3.09860e+01  0.00000e+00  6.54836e-01 
 4.57812e-03  3.76525e-04  4.25872e-21  3.47944e+00  2.12308e-04  3.59912e+02  3.60055e+02  5.01069e+00  5.05707e+00  1.36414e-01  2.61589e+01  1.64112e+02  3.22568e+05 -7.07320e+05  1.13274e+03  0.00000e+00 -3.83619e+05  1.33211e+04 -3.70298e+05  1.36394e-01  1.00000e+00 -2.61586e+01  0.00000e+00  6.63436e-01 
 4.60371e-03  6.13858e-04  0.00000e+00  3.47944e+00  2.26732e-04  3.59914e+02  3.60055e+02  5.00894e+00  5.05903e+00  1.38554e-01  2.41568e+01  1.53671e+02  3.66951e+05 -6.45743e+05  1.06117e+03  0.00000e+00 -2.77731e+05  1.13411e+04 -2.66390e+05  1.38534e-01  1.00000e+00 -2.41565e+01  0.00000e+00  6.80148e-01 
 4.64138e-03  8.51483e-04  0.00000e+00  3.47944e+00  2.34704e-04  3.59916e+02  3.60055e+02  5.00644e+00  5.05843e+00  1.41576e-01  2.32772e+01  1.48452e+02  3.99229e+05 -6.28207e+05  1.02513e+03  0.00000e+00 -2.27953e+05  1.03315e+04 -2.17621e+05  1.41558e-01  1.00000e+00 -2.32769e+01  0.00000e+00  7.05350e-01 
 4.69084e-03  1.08931e-03  0.00000e+00  3.47944e+00  2.39519e-04  3.59920e+02  3.60055e+02  5.00307e+00  5.05602e+00  1.45610e-01  2.28857e+01  1.45467e+02  4.30258e+05 -6.32623e+05  1.00419e+03  0.00000e+00 -2.01361e+05  9.67763e+03 -1.91683e+05  1.45593e-01  1.00000e+00 -2.28854e+01  0.00000e+00  7.39490e-01 
 4.75174e-03  1.32727e-03  1.05001e-20  3.47944e+00  2.42762e-04  3.59924e+02  3.60055e+02  4.99876e+00  5.05215e+00  1.50609e-01  2.27086e+01  1.43524e+02  4.63986e+05 -6.50368e+05  9.90215e+02  0.00000e+00 -1.85392e+05  9.15999e+03 -1.76232e+05  1.50592e-01  1.00000e+00 -2.27083e+01  0.00000e+00  7.83347e-01 
 4.82366e-03  1.56534e-03  0.00000e+00  3.47944e+00  2.45279e-04  3.59929e+02  3.60055e+02  4.99344e+00  5.04700e+00  1.56592e-01  2.26123e+01  1.42051e+02  5.01960e+05 -6.77689e+05  9.79275e+02  0.00000e+00 -1.74750e+05  8.68258e+03 -1.66067e+05  1.56575e-01  1.00000e+00 -2.26120e+01  0.00000e+00  8.37862e-01 
 4.90611e-03  1.80349e-03  8.81027e-21  3.47944e+00  2.47540e-04  3.59935e+02  3.60055e+02  4.98701e+00  5.04060e+00  1.63527e-01  2.25109e+01  1.40754e+02  5.44742e+05 -7.12500e+05  9.69353e+02  0.00000e+00 -1.66789e+05  8.20149e+03 -1.58587e+05  1.63509e-01  1.00000e+00 -2.25106e+01  0.00000e+00  9.04204e-01 
 4.99859e-03  2.04170e-03  0.00000e+00  3.47944e+00  2.49831e-04  3.59942e+02  3.60055e+02  4.97935e+00  5.03289e+00  1.71389e-01  2.23456e+01  1.39463e+02  5.92299e+05 -7.53477e+05  9.59266e+02  0.00000e+00 -1.60218e+05  7.69655e+03 -1.52522e+05  1.71371e-01  1.00000e+00 -2.23453e+01  0.00000e+00  9.83722e-01 
 5.10055e-03  2.27996e-03  7.58893e-21  3.47944e+00  2.52340e-04  3.59949e+02  3.60055e+02  4.97032e+00  5.02379e+00  1.80121e-01  2.20694e+01  1.38077e+02  6.44198e+05 -7.99459e+05  9.48321e+02  0.00000e+00 -1.54313e+05  7.16093e+03 -1.47152e+05  1.80103e-01  1.00000e+00 -2.20690e+01  0.00000e+00  1.07797e+00 
 5.21143e-03  2.51826e-03  7.09702e-21  3.47944e+00  2.55198e-04  3.59956e+02  3.60055e+02  4.95973e+00  5.01315e+00  1.89655e-01  2.16457e+01  1.36530e+02  6.99646e+05 -8.49298e+05  9.36089e+02  0.00000e+00 -1.48716e+05  6.59561e+03 -1.42121e+05  1.89637e-01  1.00000e+00 -2.16454e+01  0.00000e+00  1.18865e+00 
 5.33068e-03  2.75659e-03  1.33300e-20  3.47944e+00  2.58496e-04  3.59964e+02  3.60055e+02  4.94740e+00  5.00081e+00  1.99882e-01  2.10469e+01  1.34789e+02  7.57585e+05 -9.01684e+05  9.22288e+02  0.00000e+00 -1.43177e+05  6.00731e+03 -1.37170e+05  1.99865e-01  1.00000e+00 -2.10465e+01  0.00000e+00  1.31763e+00 
 5.45775e-03  2.99495e-03  1.25651e-20  3.47944e+00  2.62289e-04  3.59972e+02  3.60055e+02  4.93315e+00  4.98659e+00  2.10687e-01  2.02577e+01  1.32839e+02  8.16737e+05 -9.55254e+05  9.06792e+02  0.00000e+00 -1.37611e+05  5.40611e+03 -1.32205e+05  2.10671e-01  1.00000e+00 -2.02573e+01  0.00000e+00  1.46684e+00 
 5.59212e-03  3.23333e-03  0.00000e+00  3.47944e+00  2.66599e-04  3.59980e+02  3.60055e+02  4.91676e+00  4.97029e+00  2.21924e-01  1.92750e+01  1.30692e+02  8.75764e+05 -1.00860e+06  8.89661e+02  0.00000e+00 -1.31951e+05  4.80442e+03 -1.27146e+05  2.21910e-01  1.00000e+00 -1.92747e+01  0.00000e+00  1.63828e+00 
 5.73326e-03  3.47172e-03  0.00000e+00  3.47944e+00  2.71413e-04  3.59989e+02  3.60055e+02  4.89806e+00  4.95172e+00  2.33462e-01  1.81096e+01  1.28374e+02  9.33332e+05 -1.06048e+06  8.71062e+02  0.00000e+00 -1.26279e+05  4.21469e+03 -1.22064e+05  2.33451e-01  1.00000e+00 -1.81092e+01  0.00000e+00  1.83392e+00 
 5.88069e-03  3.71014e-03 -5.35987e-21  3.47944e+00  2.76675e-04  3.59997e+02  3.60055e+02  4.87689e+00  4.93073e+00  2.45144e-01  1.67819e+01  1.25933e+02  9.88366e+05 -1.10980e+06  8.51315e+02  0.00000e+00 -1.20587e+05  3.64878e+03 -1.16938e+05  2.45137e-01  1.00000e+00 -1.67815e+01  0.00000e+00  2.05576e+00 
 6.03395e-03  3.94857e-03  5.10973e-21  3.47944e+00  2.82286e-04  3.60005e+02  3.60055e+02  4.85313e+00  4.90718e+00  2.56743e-01  1.53183e+01  1.23430e+02  1.04024e+06 -1.15551e+06  8.30964e+02  0.00000e+00 -1.14441e+05  3.11691e+03 -1.11324e+05  2.56734e-01  1.00000e+00 -1.53179e+01  0.00000e+00  2.30570e+00 
 6.19261e-03  4.18701e-03  0.00000e+00  3.47944e+00  2.88131e-04  3.60013e+02  3.60055e+02  4.82670e+00  4.88096e+00  2.68297e-01  1.37616e+01  1.20926e+02  1.08837e+06 -1.19803e+06  8.10233e+02  0.00000e+00 -1.08842e+05  2.62518e+03 -1.06217e+05  2.68291e-01  1.00000e+00 -1.37612e+01  0.00000e+00  2.58582e+00 
 6.35626e-03  4.42546e-03  0.00000e+00  3.47944e+00  2.94046e-04  3.60021e+02  3.60055e+02  4.79755e+00  4.85200e+00  2.79621e-01  1.21417e+01  1.18494e+02  1.13302e+06 -1.23725e+06  7.89687e+02  0.00000e+00 -1.03432e+05  2.17763e+03 -1.01255e+05  2.79619e-01  1.00000e+00 -1.21413e+01  0.00000e+00  2.89815e+00 
 6.52453e-03  4.66392e-03 -8.96437e-21  3.47944e+00  2.99828e-04  3.60028e+02  3.60055e+02  4.76568e+00  4.82028e+00  2.90602e-01  1.04912e+01  1.16209e+02  1.17499e+06 -1.27389e+06  7.69847e+02  0.00000e+00 -9.81287e+04  1.77557e+03 -9.63531e+04  2.90603e-01  1.00000e+00 -1.04908e+01  0.00000e+00  3.24537e+00 
 6.69707e-03  4.90238e-03  1.72236e-20  3.47944e+00  3.05291e-04  3.60035e+02  3.60055e+02  4.73106e+00  4.78574e+00  3.01236e-01  8.83673e+00  1.14130e+02  1.21516e+06 -1.30923e+06  7.51108e+02  0.00000e+00 -9.33152e+04  1.41692e+03 -9.18983e+04  3.01239e-01  1.00000e+00 -8.83630e+00  0.00000e+00  3.63032e+00 
 6.87356e-03  5.14086e-03  8.28595e-21  3.47944e+00  3.10210e-04  3.60042e+02  3.60055e+02  4.69369e+00  4.74833e+00  3.11433e-01  7.19657e+00  1.12320e+02  1.25520e+06 -1.34470e+06  7.33869e+02  0.00000e+00 -8.87742e+04  1.09843e+03 -8.76758e+04  3.11437e-01  1.00000e+00 -7.19614e+00  0.00000e+00  4.05742e+00 
 7.05370e-03  5.37934e-03 -1.59677e-20  3.47944e+00  3.14423e-04  3.60049e+02  3.60056e+02  4.65348e+00  4.70794e+00  3.21261e-01  5.58126e+00  1.10816e+02  1.29634e+06 -1.38211e+06  7.18328e+02  0.00000e+00 -8.50439e+04  8.14741e+02 -8.42292e+04  3.21266e-01  1.00000e+00 -5.58082e+00  0.00000e+00  4.53124e+00 
 7.23722e-03  5.61783e-03  0.00000e+00  3.47944e+00  3.17719e-04  3.60055e+02  3.60056e+02  4.61038e+00  4.66449e+00  3.30625e-01  3.99367e+00  1.09666e+02  1.34090e+06 -1.42328e+06  7.04737e+02  0.00000e+00 -8.16739e+04  5.60581e+02 -8.11134e+04  3.30631e-01  1.00000e+00 -3.99323e+00  0.00000e+00  5.05963e+00 
 7.42387e-03  5.85632e-03  0.00000e+00  3.47944e+00  3.20011e-04  3.60061e+02  3.60056e+02  4.56412e+00  4.61769e+00  3.39665e-01  2.42975e+00  1.08882e+02  1.39001e+06 -1.47017e+06  6.93100e+02  0.00000e+00 -7.94666e+04  3.29579e+02 -7.91370e+04  3.39672e-01  1.00000e+00 -2.42931e+00  0.00000e+00  5.64991e+00 
 7.61342e-03  6.09482e-03  0.00000e+00  3.47944e+00  3.21120e-04  3.60067e+02  3.60056e+02  4.51462e+00  4.56743e+00  3.48252e-01  8.80820e-01  1.08506e+02  1.44665e+06 -1.52496e+06  6.83573e+02  0.00000e+00 -7.76285e+04  1.16091e+02 -7.75124e+04  3.48260e-01  1.00000e+00 -8.80370e-01  0.00000e+00  6.31611e+00 
 7.80566e-03  6.33332e-03  0.00000e+00  3.47944e+00  3.21058e-04  3.60072e+02  3.60056e+02  4.46128e+00  4.51309e+00  3.56602e-01 -1.57095e+00  1.08527e+02  1.51165e+06 -1.58970e+06  6.75985e+02  0.00000e+00 -7.73779e+04 -2.02448e+02 -7.75803e+04  3.56609e-01  1.00000e+00  1.57176e+00  0.00000e+00  7.06963e+00 
 8.00039e-03  6.57182e-03  0.00000e+00  3.47944e+00  3.19653e-04  3.60078e+02  3.60056e+02  4.40417e+00  4.45476e+00  3.64526e-01 -5.10057e+00  1.09005e+02  1.58932e+06 -1.66743e+06  6.70498e+02  0.00000e+00 -7.74358e+04 -6.45620e+02 -7.80815e+04  3.64534e-01  1.00000e+00  5.10139e+00  0.00000e+00  7.93652e+00 
 8.19744e-03  6.81033e-03  1.31016e-20  3.47944e+00  3.16983e-04  3.60083e+02  3.60057e+02  4.34189e+00  4.39101e+00  3.72311e-01 -8.82831e+00  1.09924e+02  1.68049e+06 -1.76092e+06  6.66867e+02  0.00000e+00 -7.97567e+04 -1.10326e+03 -8.08599e+04  3.72319e-01  1.00000e+00  8.82914e+00  0.00000e+00  8.93476e+00 
 8.39664e-03  7.04884e-03  0.00000e+00  3.47944e+00  3.12802e-04  3.60088e+02  3.60057e+02  4.27538e+00  4.32279e+00  3.79708e-01 -1.29372e+01  1.11393e+02  1.79268e+06 -1.87591e+06  6.65445e+02  0.00000e+00 -8.25715e+04 -1.60639e+03 -8.41779e+04  3.79717e-01  1.00000e+00  1.29381e+01  0.00000e+00  1.01165e+01 
 8.59784e-03  7.28736e-03  0.00000e+00  3.47944e+00  3.07246e-04  3.60093e+02  3.60057e+02  4.20083e+00  4.24626e+00  3.87077e-01 -1.76981e+01  1.13409e+02  1.92734e+06 -2.01708e+06  6.65883e+02  0.00000e+00 -8.90694e+04 -2.19466e+03 -9.12641e+04  3.87085e-01  1.00000e+00  1.76989e+01  0.00000e+00  1.15125e+01 
 8.80092e-03  7.52587e-03  0.00000e+00  3.47944e+00  2.99940e-04  3.60099e+02  3.60058e+02  4.12228e+00  4.16549e+00  3.94125e-01 -2.35452e+01  1.16172e+02  2.09908e+06 -2.19650e+06  6.68953e+02  0.00000e+00 -9.67528e+04 -2.93736e+03 -9.96902e+04  3.94134e-01  1.00000e+00  2.35461e+01  0.00000e+00  1.32382e+01 
 9.00573e-03  7.76439e-03 -1.17014e-20  3.47944e+00  2.91052e-04  3.60106e+02  3.60058e+02  4.02905e+00  4.06974e+00  4.01252e-01 -3.11843e+01  1.19720e+02  2.31250e+06 -2.42425e+06  6.73995e+02  0.00000e+00 -1.11074e+05 -3.93798e+03 -1.15012e+05  4.01260e-01  1.00000e+00  3.11853e+01  0.00000e+00  1.53569e+01 
 9.21216e-03  8.00291e-03  0.00000e+00  3.47944e+00  2.79956e-04  3.60115e+02  3.60058e+02  3.93414e+00  3.97204e+00  4.08190e-01 -4.19259e+01  1.24467e+02  2.60050e+06 -2.73002e+06  6.82985e+02  0.00000e+00 -1.28841e+05 -5.41073e+03 -1.34251e+05  4.08199e-01  1.00000e+00  4.19268e+01  0.00000e+00  1.81608e+01 
 9.42012e-03  8.24144e-03  0.00000e+00  3.47944e+00  2.66792e-04  3.60126e+02  3.60059e+02  3.80913e+00  3.84393e+00  4.15308e-01 -5.82095e+01  1.30609e+02  2.98187e+06 -3.14336e+06  6.94165e+02  0.00000e+00 -1.60791e+05 -7.74780e+03 -1.68539e+05  4.15316e-01  1.00000e+00  5.82105e+01  0.00000e+00  2.18355e+01 
 9.62949e-03  8.47996e-03  0.00000e+00  3.47944e+00  2.50451e-04  3.60144e+02  3.60059e+02  3.68783e+00  3.71926e+00  4.22481e-01 -8.55492e+01  1.39132e+02  3.55037e+06 -3.75483e+06  7.13098e+02  0.00000e+00 -2.03747e+05 -1.19239e+04 -2.15671e+05  4.22488e-01  1.00000e+00  8.55502e+01  0.00000e+00  2.72941e+01 
 9.84019e-03  8.71849e-03  0.00000e+00  3.47944e+00  2.30866e-04  3.60173e+02  3.60060e+02  3.50166e+00  3.52940e+00  4.29872e-01 -1.36946e+02  1.50937e+02  4.40801e+06 -4.69100e+06  7.34696e+02  0.00000e+00 -2.82254e+05 -2.03512e+04 -3.02605e+05  4.29876e-01  1.00000e+00  1.36948e+02  0.00000e+00  3.54742e+01 
 1.00521e-02  8.95702e-03  0.00000e+00  3.47944e+00  2.05901e-04  3.60227e+02  3.60061e+02  3.31742e+00  3.34134e+00  4.37500e-01 -2.53664e+02  1.69239e+02  5.97539e+06 -6.36366e+06  7.73617e+02  0.00000e+00 -3.87501e+05 -4.15304e+04 -4.29031e+05  4.37505e-01  1.00000e+00  2.53665e+02  0.00000e+00  5.07861e+01 
 1.02653e-02  9.19555e-03  0.00000e+00  3.47944e+00  1.75814e-04  3.60355e+02  3.60061e+02  2.97619e+00  2.99474e+00  4.45682e-01 -5.95388e+02  1.98204e+02  9.15594e+06 -9.62267e+06  8.08034e+02  0.00000e+00 -4.65923e+05 -1.12065e+05 -5.77989e+05  4.45686e-01  1.00000e+00  5.95390e+02  0.00000e+00  8.40146e+01 
 1.04795e-02  9.43408e-03  0.00000e+00  3.47944e+00  1.43401e-04  3.60812e+02  3.60063e+02  2.49341e+00  2.50244e+00  4.56192e-01 -5.57335e+03  2.43009e+02  1.77679e+07 -1.60036e+07  8.59158e+02  6.74630e+05  2.43981e+06 -2.46609e+06 -2.62817e+04  4.56188e-01  1.00000e+00  5.57335e+03  3.40614e+03  2.11967e+02 
