# Code_Saturne plot output (1D profile)
#
# Iteration output: 2779
# Time output:      2.30032e+01
#
#COLUMN_TITLES: Distance | X | Y | Z | diameter_Field2 | temp_Field1 | temp_Field2 | Velocity_Field1[Z] | Velocity_Field2[Z] | vol_f_Field2 | mass_trans_Field1 | Xd_Field2 | BK | COAL | COMP | NUCL | W1 | MT | SMBR | ALPBB | CONDNUM | GAMA | GAMANUC | epsilon_Field1
 4.56474e-03  1.39645e-04  0.00000e+00  3.47944e+00  2.96623e-04  3.60022e+02  3.60058e+02  5.26555e+00  5.33272e+00  2.20882e-01  9.38008e+00  1.17445e+02  4.68402e+05 -7.79363e+05  9.18870e+02  0.00000e+00 -3.10041e+05  2.40428e+03 -3.07637e+05  2.20850e-01  1.00000e+00 -9.38961e+00  0.00000e+00  1.10234e+00 
 4.57812e-03  3.76525e-04  4.25872e-21  3.47944e+00  3.11990e-04  3.60022e+02  3.60058e+02  5.26397e+00  5.33534e+00  2.21897e-01  8.75389e+00  1.11660e+02  4.61843e+05 -7.17725e+05  8.73969e+02  0.00000e+00 -2.55008e+05  2.12352e+03 -2.52884e+05  2.21864e-01  1.00000e+00 -8.76287e+00  0.00000e+00  1.11553e+00 
 4.60371e-03  6.13858e-04  0.00000e+00  3.47944e+00  3.21338e-04  3.60023e+02  3.60058e+02  5.26135e+00  5.33506e+00  2.23723e-01  8.37448e+00  1.08412e+02  4.61807e+05 -6.90616e+05  8.48603e+02  0.00000e+00 -2.27960e+05  1.95632e+03 -2.26004e+05  2.23688e-01  1.00000e+00 -8.38321e+00  0.00000e+00  1.14108e+00 
 4.64138e-03  8.51483e-04  0.00000e+00  3.47944e+00  3.28053e-04  3.60024e+02  3.60058e+02  5.25754e+00  5.33269e+00  2.26281e-01  8.07440e+00  1.06193e+02  4.66424e+05 -6.79157e+05  8.31022e+02  0.00000e+00 -2.11902e+05  1.82677e+03 -2.10076e+05  2.26246e-01  1.00000e+00 -8.08302e+00  0.00000e+00  1.17951e+00 
 4.69084e-03  1.08931e-03  0.00000e+00  3.47944e+00  3.34070e-04  3.60026e+02  3.60058e+02  5.25241e+00  5.32866e+00  2.29652e-01  7.77749e+00  1.04280e+02  4.73974e+05 -6.74875e+05  8.15643e+02  0.00000e+00 -2.00086e+05  1.70261e+03 -1.98383e+05  2.29615e-01  1.00000e+00 -7.78605e+00  0.00000e+00  1.23129e+00 
 4.75174e-03  1.32727e-03  1.05001e-20  3.47944e+00  3.40209e-04  3.60028e+02  3.60058e+02  5.24587e+00  5.32309e+00  2.33755e-01  7.45073e+00  1.02398e+02  4.83509e+05 -6.74024e+05  8.00336e+02  0.00000e+00 -1.89714e+05  1.57360e+03 -1.88141e+05  2.33717e-01  1.00000e+00 -7.45927e+00  0.00000e+00  1.29729e+00 
 4.82366e-03  1.56534e-03  0.00000e+00  3.47944e+00  3.46899e-04  3.60030e+02  3.60058e+02  5.23783e+00  5.31603e+00  2.38586e-01  7.07988e+00  1.00424e+02  4.94167e+05 -6.74711e+05  7.84143e+02  0.00000e+00 -1.79760e+05  1.43683e+03 -1.78323e+05  2.38547e-01  1.00000e+00 -7.08840e+00  0.00000e+00  1.37840e+00 
 4.90611e-03  1.80349e-03  8.81027e-21  3.47944e+00  3.54324e-04  3.60033e+02  3.60058e+02  5.22818e+00  5.30743e+00  2.44067e-01  6.65869e+00  9.83192e+01  5.05281e+05 -6.75764e+05  7.66770e+02  0.00000e+00 -1.69716e+05  1.29340e+03 -1.68423e+05  2.44030e-01  1.00000e+00 -6.66719e+00  0.00000e+00  1.47575e+00 
 4.99859e-03  2.04170e-03  0.00000e+00  3.47944e+00  3.62564e-04  3.60036e+02  3.60058e+02  5.21682e+00  5.29719e+00  2.50147e-01  6.18665e+00  9.60848e+01  5.16215e+05 -6.76452e+05  7.48216e+02  0.00000e+00 -1.59489e+05  1.14595e+03 -1.58343e+05  2.50112e-01  1.00000e+00 -6.19513e+00  0.00000e+00  1.59045e+00 
 5.10055e-03  2.27996e-03  7.58893e-21  3.47944e+00  3.71595e-04  3.60039e+02  3.60058e+02  5.20363e+00  5.28521e+00  2.56735e-01  5.66666e+00  9.37496e+01  5.26492e+05 -6.76289e+05  7.28718e+02  0.00000e+00 -1.49068e+05  9.97950e+02 -1.48070e+05  2.56702e-01  1.00000e+00 -5.67512e+00  0.00000e+00  1.72376e+00 
 5.21143e-03  2.51826e-03  7.09702e-21  3.47944e+00  3.81324e-04  3.60042e+02  3.60058e+02  5.18853e+00  5.27138e+00  2.63753e-01  5.10467e+00  9.13577e+01  5.35764e+05 -6.75069e+05  7.08622e+02  0.00000e+00 -1.38596e+05  8.52853e+02 -1.37743e+05  2.63723e-01  1.00000e+00 -5.11310e+00  0.00000e+00  1.87689e+00 
 5.33068e-03  2.75659e-03  1.33300e-20  3.47944e+00  3.91576e-04  3.60046e+02  3.60058e+02  5.17142e+00  5.25558e+00  2.71102e-01  4.50824e+00  8.89660e+01  5.43913e+05 -6.72805e+05  6.88364e+02  0.00000e+00 -1.28203e+05  7.13741e+02 -1.27489e+05  2.71076e-01  1.00000e+00 -4.51664e+00  0.00000e+00  2.05111e+00 
 5.45775e-03  2.99495e-03  1.25651e-20  3.47944e+00  4.02114e-04  3.60050e+02  3.60058e+02  5.15228e+00  5.23773e+00  2.78709e-01  3.88578e+00  8.66346e+01  5.50999e+05 -6.69770e+05  6.68396e+02  0.00000e+00 -1.18103e+05  5.82879e+02 -1.17520e+05  2.78686e-01  1.00000e+00 -3.89414e+00  0.00000e+00  2.24762e+00 
 5.59212e-03  3.23333e-03  0.00000e+00  3.47944e+00  4.12631e-04  3.60054e+02  3.60058e+02  5.13125e+00  5.21766e+00  2.86471e-01  3.24237e+00  8.44264e+01  5.57376e+05 -6.66421e+05  6.49209e+02  0.00000e+00 -1.08396e+05  4.61309e+02 -1.07935e+05  2.86453e-01  1.00000e+00 -3.25070e+00  0.00000e+00  2.46797e+00 
 5.73326e-03  3.47172e-03  0.00000e+00  3.47944e+00  4.22795e-04  3.60058e+02  3.60058e+02  5.10832e+00  5.19475e+00  2.94326e-01  2.58441e+00  8.23970e+01  5.63529e+05 -6.63409e+05  6.31248e+02  0.00000e+00 -9.92484e+04  3.49497e+02 -9.88989e+04  2.94313e-01  1.00000e+00 -2.59270e+00  0.00000e+00  2.71399e+00 
 5.88069e-03  3.71014e-03 -5.35987e-21  3.47944e+00  4.32269e-04  3.60063e+02  3.60058e+02  5.08320e+00  5.16904e+00  3.02238e-01  1.92308e+00  8.05912e+01  5.69971e+05 -6.61445e+05  6.14793e+02  0.00000e+00 -9.08589e+04  2.47969e+02 -9.06109e+04  3.02229e-01  1.00000e+00 -1.93134e+00  0.00000e+00  2.98730e+00 
 6.03395e-03  3.94857e-03  5.10973e-21  3.47944e+00  4.40740e-04  3.60067e+02  3.60058e+02  5.05578e+00  5.14073e+00  3.10176e-01  1.26028e+00  7.90425e+01  5.77247e+05 -6.61236e+05  6.00046e+02  0.00000e+00 -8.33887e+04  1.55652e+02 -8.32330e+04  3.10170e-01  1.00000e+00 -1.26855e+00  0.00000e+00  3.28968e+00 
 6.19261e-03  4.18701e-03  0.00000e+00  3.47944e+00  4.47954e-04  3.60071e+02  3.60058e+02  5.02600e+00  5.10989e+00  3.18035e-01  5.95164e-01  7.77698e+01  5.85977e+05 -6.63245e+05  5.87242e+02  0.00000e+00 -7.66816e+04  7.10533e+01 -7.66106e+04  3.18032e-01  1.00000e+00 -6.03474e-01  0.00000e+00  3.62372e+00 
 6.35626e-03  4.42546e-03  0.00000e+00  3.47944e+00  4.53697e-04  3.60076e+02  3.60058e+02  4.99378e+00  5.07655e+00  3.25803e-01 -2.54680e-01  7.67856e+01  5.96665e+05 -6.68114e+05  5.76428e+02  0.00000e+00 -7.08724e+04 -2.68894e+01 -7.08993e+04  3.25800e-01  1.00000e+00  2.36957e-01  0.00000e+00  3.99202e+00 
 6.52453e-03  4.66392e-03 -8.96437e-21  3.47944e+00  4.57842e-04  3.60080e+02  3.60058e+02  4.95907e+00  5.04071e+00  3.33413e-01 -1.79232e+00  7.60906e+01  6.09831e+05 -6.76245e+05  5.67562e+02  0.00000e+00 -6.58461e+04 -1.94976e+02 -6.60411e+04  3.33412e-01  1.00000e+00  1.77439e+00  0.00000e+00  4.39834e+00 
 6.69707e-03  4.90238e-03  1.72236e-20  3.47944e+00  4.60348e-04  3.60084e+02  3.60059e+02  4.92178e+00  5.00229e+00  3.40892e-01 -3.37007e+00  7.56767e+01  6.25779e+05 -6.88072e+05  5.60566e+02  0.00000e+00 -6.17320e+04 -3.58274e+02 -6.20903e+04  3.40890e-01  1.00000e+00  3.35185e+00  0.00000e+00  4.84630e+00 
 6.87356e-03  5.14086e-03  8.28595e-21  3.47944e+00  4.61189e-04  3.60088e+02  3.60059e+02  4.88180e+00  4.96119e+00  3.48157e-01 -5.00982e+00  7.55388e+01  6.45054e+05 -7.03921e+05  5.55339e+02  0.00000e+00 -5.83114e+04 -5.21422e+02 -5.88328e+04  3.48154e-01  1.00000e+00  4.99125e+00  0.00000e+00  5.34188e+00 
 7.05370e-03  5.37934e-03 -1.59677e-20  3.47944e+00  4.60450e-04  3.60093e+02  3.60059e+02  4.83899e+00  4.91727e+00  3.55281e-01 -6.73747e+00  7.56604e+01  6.67821e+05 -7.24163e+05  5.51712e+02  0.00000e+00 -5.57901e+04 -6.88896e+02 -5.64790e+04  3.55277e-01  1.00000e+00  6.71847e+00  0.00000e+00  5.89023e+00 
 7.23722e-03  5.61783e-03  0.00000e+00  3.47944e+00  4.58144e-04  3.60097e+02  3.60059e+02  4.79326e+00  4.87046e+00  3.62166e-01 -8.58405e+00  7.60417e+01  6.94822e+05 -7.49236e+05  5.49601e+02  0.00000e+00 -5.38647e+04 -8.65836e+02 -5.47305e+04  3.62161e-01  1.00000e+00  8.56455e+00  0.00000e+00  6.50137e+00 
 7.42387e-03  5.85632e-03  0.00000e+00  3.47944e+00  4.54404e-04  3.60101e+02  3.60059e+02  4.74425e+00  4.82037e+00  3.68933e-01 -1.05885e+01  7.66678e+01  7.26212e+05 -7.79659e+05  5.48840e+02  0.00000e+00 -5.28987e+04 -1.05746e+03 -5.39561e+04  3.68926e-01  1.00000e+00  1.05685e+01  0.00000e+00  7.18288e+00 
 7.61342e-03  6.09482e-03  0.00000e+00  3.47944e+00  4.49206e-04  3.60105e+02  3.60059e+02  4.69196e+00  4.76701e+00  3.75446e-01 -1.28023e+01  7.75553e+01  7.63240e+05 -8.16238e+05  5.49421e+02  0.00000e+00 -5.24491e+04 -1.27127e+03 -5.37203e+04  3.75438e-01  1.00000e+00  1.27816e+01  0.00000e+00  7.95222e+00 
 7.80566e-03  6.33332e-03  0.00000e+00  3.47944e+00  4.42696e-04  3.60109e+02  3.60060e+02  4.63560e+00  4.70954e+00  3.81891e-01 -1.52938e+01  7.86963e+01  8.06147e+05 -8.59922e+05  5.51181e+02  0.00000e+00 -5.32237e+04 -1.51534e+03 -5.47391e+04  3.81883e-01  1.00000e+00  1.52724e+01  0.00000e+00  8.82064e+00 
 8.00039e-03  6.57182e-03  0.00000e+00  3.47944e+00  4.34743e-04  3.60114e+02  3.60060e+02  4.57530e+00  4.64805e+00  3.88063e-01 -1.81623e+01  8.01363e+01  8.57235e+05 -9.12353e+05  5.54298e+02  0.00000e+00 -5.45641e+04 -1.80366e+03 -5.63678e+04  3.88054e-01  1.00000e+00  1.81400e+01  0.00000e+00  9.81985e+00 
 8.19744e-03  6.81033e-03  1.31016e-20  3.47944e+00  4.25489e-04  3.60119e+02  3.60060e+02  4.51035e+00  4.58157e+00  3.94203e-01 -2.15413e+01  8.18797e+01  9.17151e+05 -9.75310e+05  5.58698e+02  0.00000e+00 -5.76008e+04 -2.15203e+03 -5.97529e+04  3.94193e-01  1.00000e+00  2.15180e+01  0.00000e+00  1.09697e+01 
 8.39664e-03  7.04884e-03  0.00000e+00  3.47944e+00  4.14667e-04  3.60124e+02  3.60061e+02  4.44241e+00  4.51088e+00  4.00094e-01 -2.56176e+01  8.40172e+01  9.90701e+05 -1.05224e+06  5.64532e+02  0.00000e+00 -6.09748e+04 -2.58775e+03 -6.35625e+04  4.00083e-01  1.00000e+00  2.55933e+01  0.00000e+00  1.23498e+01 
 8.59784e-03  7.28736e-03  0.00000e+00  3.47944e+00  4.02536e-04  3.60130e+02  3.60061e+02  4.36384e+00  4.42879e+00  4.06087e-01 -3.06941e+01  8.65497e+01  1.07860e+06 -1.14601e+06  5.71395e+02  0.00000e+00 -6.68450e+04 -3.14724e+03 -6.99922e+04  4.06076e-01  1.00000e+00  3.06686e+01  0.00000e+00  1.39883e+01 
 8.80092e-03  7.52587e-03  0.00000e+00  3.47944e+00  3.88655e-04  3.60138e+02  3.60061e+02  4.28269e+00  4.34384e+00  4.11895e-01 -3.72901e+01  8.96417e+01  1.18935e+06 -1.26375e+06  5.80358e+02  0.00000e+00 -7.38120e+04 -3.90474e+03 -7.77167e+04  4.11885e-01  1.00000e+00  3.72632e+01  0.00000e+00  1.60261e+01 
 9.00573e-03  7.76439e-03 -1.17014e-20  3.47944e+00  3.73236e-04  3.60147e+02  3.60062e+02  4.18340e+00  4.24043e+00  4.17849e-01 -4.61892e+01  9.33455e+01  1.32616e+06 -1.41252e+06  5.90518e+02  0.00000e+00 -8.57656e+04 -4.96516e+03 -9.07307e+04  4.17838e-01  1.00000e+00  4.61607e+01  0.00000e+00  1.85245e+01 
 9.21216e-03  8.00291e-03  0.00000e+00  3.47944e+00  3.55467e-04  3.60159e+02  3.60062e+02  4.08614e+00  4.13883e+00  4.23698e-01 -5.89019e+01  9.80126e+01  1.50956e+06 -1.61048e+06  6.04450e+02  0.00000e+00 -1.00316e+05 -6.55717e+03 -1.06873e+05  4.23688e-01  1.00000e+00  5.88715e+01  0.00000e+00  2.18562e+01 
 9.42012e-03  8.24144e-03  0.00000e+00  3.47944e+00  3.35585e-04  3.60175e+02  3.60063e+02  3.95158e+00  3.99964e+00  4.29777e-01 -7.80652e+01  1.03820e+02  1.75147e+06 -1.87795e+06  6.19453e+02  0.00000e+00 -1.25861e+05 -9.07607e+03 -1.34937e+05  4.29767e-01  1.00000e+00  7.80324e+01  0.00000e+00  2.62143e+01 
 9.62949e-03  8.47996e-03  0.00000e+00  3.47944e+00  3.12117e-04  3.60199e+02  3.60063e+02  3.82820e+00  3.87144e+00  4.35916e-01 -1.09730e+02  1.11628e+02  2.11170e+06 -2.27132e+06  6.42677e+02  0.00000e+00 -1.58977e+05 -1.35249e+04 -1.72502e+05  4.35907e-01  1.00000e+00  1.09694e+02  0.00000e+00  3.27454e+01 
 9.84019e-03  8.71849e-03  0.00000e+00  3.47944e+00  2.85187e-04  3.60238e+02  3.60064e+02  3.62650e+00  3.66477e+00  4.42357e-01 -1.67268e+02  1.22171e+02  2.65328e+06 -2.87430e+06  6.66522e+02  0.00000e+00 -2.20355e+05 -2.22373e+04 -2.42592e+05  4.42347e-01  1.00000e+00  1.67228e+02  0.00000e+00  4.25118e+01 
 1.00521e-02  8.95702e-03  0.00000e+00  3.47944e+00  2.51955e-04  3.60308e+02  3.60065e+02  3.43849e+00  3.47191e+00  4.48996e-01 -2.92793e+02  1.38286e+02  3.64647e+06 -3.94757e+06  7.09224e+02  0.00000e+00 -3.00390e+05 -4.34116e+04 -3.43802e+05  4.48986e-01  1.00000e+00  2.92748e+02  0.00000e+00  6.09562e+01 
 1.02653e-02  9.19555e-03  0.00000e+00  3.47944e+00  2.13015e-04  3.60464e+02  3.60066e+02  3.06911e+00  3.09608e+00  4.56647e-01 -6.38635e+02  1.63568e+02  5.65556e+06 -6.02712e+06  7.44547e+02  0.00000e+00 -3.70813e+05 -1.10129e+05 -4.80942e+05  4.56639e-01  1.00000e+00  6.38582e+02  0.00000e+00  1.00845e+02 
 1.04795e-02  9.43408e-03  0.00000e+00  3.47944e+00  1.70698e-04  3.60975e+02  3.60067e+02  2.56649e+00  2.58256e+00  4.65707e-01 -5.60354e+03  2.04122e+02  1.11888e+07 -9.80764e+06  8.01236e+02  8.14024e+05  2.19602e+06 -2.20130e+06 -5.28894e+03  4.65708e-01  1.00000e+00  5.60348e+03  3.48652e+03  2.55056e+02 
