# Code_Saturne plot output (1D profile)
#
# Iteration output: 3661
# Time output:      2.30001e+01
#
#COLUMN_TITLES: Distance | X | Y | Z | diameter_Field2 | temp_Field1 | temp_Field2 | Velocity_Field1[Z] | Velocity_Field2[Z] | vol_f_Field2 | mass_trans_Field1 | Xd_Field2 | BK | COAL | COMP | NUCL | W1 | MT | SMBR | ALPBB | CONDNUM | GAMA | GAMANUC | epsilon_Field1
 4.56474e-03  1.39645e-04  0.00000e+00  3.47944e+00  3.21834e-05  3.58886e+02  3.60048e+02  4.25041e+00  4.25359e+00  8.03964e-03  1.39229e+02  1.08303e+03  6.03197e-39 -7.60712e+05  5.01423e+03  0.00000e+00 -7.55698e+05  6.92139e+06  6.16569e+06  8.04319e-03  1.00000e+00 -1.38996e+02  0.00000e+00  3.25496e-01 
 4.57812e-03  3.76525e-04  4.25872e-21  3.47944e+00  4.68576e-05  3.58889e+02  3.60048e+02  4.25011e+00  4.25558e+00  8.67755e-03  8.92253e+01  7.43864e+02  8.05531e-17 -4.35721e+05  3.42819e+03  0.00000e+00 -4.32293e+05  2.82265e+06  2.39036e+06  8.68096e-03  1.00000e+00 -8.90758e+01  0.00000e+00  3.28787e-01 
 4.60371e-03  6.13858e-04  0.00000e+00  3.47944e+00  5.97719e-05  3.58895e+02  3.60048e+02  4.24887e+00  4.25683e+00  9.45991e-03  6.92966e+01  5.83145e+02  1.93043e-08 -3.15900e+05  2.68667e+03  0.00000e+00 -3.13213e+05  1.57646e+06  1.26324e+06  9.46336e-03  1.00000e+00 -6.91796e+01  0.00000e+00  3.35184e-01 
 4.64138e-03  8.51483e-04  0.00000e+00  3.47944e+00  7.08958e-05  3.58906e+02  3.60048e+02  4.24696e+00  4.25709e+00  1.05273e-02  6.08478e+01  4.91647e+02  2.54934e-04 -2.65146e+05  2.26553e+03  0.00000e+00 -2.62881e+05  1.04872e+06  7.85843e+05  1.05310e-02  1.00000e+00 -6.07441e+01  0.00000e+00  3.44782e-01 
 4.69084e-03  1.08931e-03  0.00000e+00  3.47944e+00  8.09331e-05  3.58921e+02  3.60047e+02  4.24434e+00  4.25647e+00  1.18892e-02  5.69198e+01  4.30673e+02  7.55874e-02 -2.41632e+05  1.98494e+03  0.00000e+00 -2.39646e+05  7.60912e+05  5.21266e+05  1.18932e-02  1.00000e+00 -5.68215e+01  0.00000e+00  3.57748e-01 
 4.75174e-03  1.32727e-03  1.05001e-20  3.47944e+00  9.03475e-05  3.58941e+02  3.60047e+02  4.24101e+00  4.25504e+00  1.35727e-02  5.52695e+01  3.85796e+02  3.53405e+00 -2.31791e+05  1.77838e+03  0.00000e+00 -2.30009e+05  5.79761e+05  3.49752e+05  1.35770e-02  1.00000e+00 -5.51724e+01  0.00000e+00  3.74323e-01 
 4.82366e-03  1.56534e-03  0.00000e+00  3.47944e+00  9.93728e-05  3.58965e+02  3.60047e+02  4.23697e+00  4.25281e+00  1.56120e-02  5.49773e+01  3.50757e+02  5.69026e+01 -2.30309e+05  1.61702e+03  0.00000e+00 -2.28635e+05  4.55821e+05  2.27186e+05  1.56166e-02  1.00000e+00 -5.48786e+01  0.00000e+00  3.94803e-01 
 4.90611e-03  1.80349e-03  8.81027e-21  3.47944e+00  1.08092e-04  3.58993e+02  3.60047e+02  4.23218e+00  4.24978e+00  1.80542e-02  5.56326e+01  3.22462e+02  4.59208e+02 -2.35008e+05  1.48651e+03  0.00000e+00 -2.33062e+05  3.66677e+05  1.33615e+05  1.80591e-02  1.00000e+00 -5.55301e+01  0.00000e+00  4.19665e-01 
 4.99859e-03  2.04170e-03  0.00000e+00  3.47944e+00  1.16479e-04  3.59024e+02  3.60047e+02  4.22663e+00  4.24589e+00  2.09483e-02  5.70412e+01  2.99245e+02  2.27677e+03 -2.45028e+05  1.37929e+03  0.00000e+00 -2.41372e+05  3.00684e+05  5.93113e+04  2.09535e-02  1.00000e+00 -5.69330e+01  0.00000e+00  4.49390e-01 
 5.10055e-03  2.27996e-03  7.58893e-21  3.47944e+00  1.24418e-04  3.59060e+02  3.60047e+02  4.22027e+00  4.24107e+00  2.43553e-02  5.91321e+01  2.80150e+02  7.87129e+03 -2.60429e+05  1.29083e+03  0.00000e+00 -2.51267e+05  2.50973e+05 -2.94008e+02  2.43618e-02  1.00000e+00 -5.90160e+01  0.00000e+00  4.84627e-01 
 5.21143e-03  2.51826e-03  7.09702e-21  3.47944e+00  1.31742e-04  3.59099e+02  3.60047e+02  4.21305e+00  4.23522e+00  2.83390e-02  6.19115e+01  2.64575e+02  2.06928e+04 -2.81766e+05  1.21841e+03  0.00000e+00 -2.59855e+05  2.13257e+05 -4.65976e+04  2.83472e-02  1.00000e+00 -6.17851e+01  0.00000e+00  5.26170e-01 
 5.33068e-03  2.75659e-03  1.33300e-20  3.47944e+00  1.38282e-04  3.59141e+02  3.60047e+02  4.20493e+00  4.22826e+00  3.29766e-02  6.53948e+01  2.52062e+02  4.41423e+04 -3.10052e+05  1.15985e+03  0.00000e+00 -2.64750e+05  1.84408e+05 -8.03412e+04  3.29857e-02  1.00000e+00 -6.52552e+01  0.00000e+00  5.74912e-01 
 5.45775e-03  2.99495e-03  1.25651e-20  3.47944e+00  1.43929e-04  3.59186e+02  3.60047e+02  4.19583e+00  4.22010e+00  3.83389e-02  6.95912e+01  2.42173e+02  8.05073e+04 -3.46449e+05  1.11322e+03  0.00000e+00 -2.64829e+05  1.62160e+05 -1.02669e+05  3.83484e-02  1.00000e+00 -6.94352e+01  0.00000e+00  6.31946e-01 
 5.59212e-03  3.23333e-03  0.00000e+00  3.47944e+00  1.48674e-04  3.59233e+02  3.60048e+02  4.18568e+00  4.21066e+00  4.45098e-02  7.44604e+01  2.34445e+02  1.30808e+05 -3.92299e+05  1.07633e+03  0.00000e+00 -2.60414e+05  1.44668e+05 -1.15746e+05  4.45199e-02  1.00000e+00 -7.42841e+01  0.00000e+00  6.98480e-01 
 5.73326e-03  3.47172e-03  0.00000e+00  3.47944e+00  1.52599e-04  3.59282e+02  3.60048e+02  4.17436e+00  4.19986e+00  5.15696e-02  7.99211e+01  2.28415e+02  1.95488e+05 -4.48920e+05  1.04711e+03  0.00000e+00 -2.52385e+05  1.30555e+05 -1.21830e+05  5.15813e-02  1.00000e+00 -7.97202e+01  0.00000e+00  7.76097e-01 
 5.88069e-03  3.71014e-03 -5.35987e-21  3.47944e+00  1.55852e-04  3.59332e+02  3.60048e+02  4.16179e+00  4.18765e+00  5.95910e-02  8.58023e+01  2.23647e+02  2.74849e+05 -5.17475e+05  1.02341e+03  0.00000e+00 -2.41602e+05  1.18746e+05 -1.22856e+05  5.96036e-02  1.00000e+00 -8.55720e+01  0.00000e+00  8.66532e-01 
 6.03395e-03  3.94857e-03  5.10973e-21  3.47944e+00  1.58614e-04  3.59383e+02  3.60048e+02  4.14782e+00  4.17392e+00  6.86465e-02  9.11658e+01  2.19753e+02  3.69371e+05 -5.99049e+05  1.00356e+03  0.00000e+00 -2.28674e+05  1.07601e+05 -1.21074e+05  6.86590e-02  1.00000e+00 -9.09031e+01  0.00000e+00  9.71903e-01 
 6.19261e-03  4.18701e-03  0.00000e+00  3.47944e+00  1.61053e-04  3.59435e+02  3.60048e+02  4.13227e+00  4.15856e+00  7.87747e-02  9.58653e+01  2.16425e+02  4.79375e+05 -6.94394e+05  9.86029e+02  0.00000e+00 -2.14033e+05  9.70864e+04 -1.16947e+05  7.87878e-02  1.00000e+00 -9.55668e+01  0.00000e+00  1.09460e+00 
 6.35626e-03  4.42546e-03  0.00000e+00  3.47944e+00  1.63317e-04  3.59486e+02  3.60048e+02  4.11497e+00  4.14138e+00  9.00281e-02  9.99719e+01  2.13425e+02  6.04966e+05 -8.04294e+05  9.69617e+02  0.00000e+00 -1.98358e+05  8.73401e+04 -1.11018e+05  9.00416e-02  1.00000e+00 -9.96337e+01  0.00000e+00  1.23765e+00 
 6.52453e-03  4.66392e-03 -8.96437e-21  3.47944e+00  1.65550e-04  3.59536e+02  3.60048e+02  4.09566e+00  4.12206e+00  1.02439e-01  1.03190e+02  2.10546e+02  7.45792e+05 -9.29028e+05  9.53231e+02  0.00000e+00 -1.82283e+05  7.81361e+04 -1.04147e+05  1.02454e-01  1.00000e+00 -1.02808e+02  0.00000e+00  1.40468e+00 
 6.69707e-03  4.90238e-03  1.72236e-20  3.47944e+00  1.67885e-04  3.59585e+02  3.60048e+02  4.07409e+00  4.10047e+00  1.15915e-01  1.05168e+02  2.07619e+02  8.99958e+05 -1.06710e+06  9.36401e+02  0.00000e+00 -1.66202e+05  6.93718e+04 -9.68303e+04  1.15930e-01  1.00000e+00 -1.04740e+02  0.00000e+00  1.59884e+00 
 6.87356e-03  5.14086e-03  8.28595e-21  3.47944e+00  1.70433e-04  3.59632e+02  3.60048e+02  4.04994e+00  4.07625e+00  1.30349e-01  1.05637e+02  2.04514e+02  1.06558e+06 -1.21662e+06  9.18032e+02  0.00000e+00 -1.50123e+05  6.10116e+04 -8.91114e+04  1.30368e-01  1.00000e+00 -1.05161e+02  0.00000e+00  1.82508e+00 
 7.05370e-03  5.37934e-03 -1.59677e-20  3.47944e+00  1.73290e-04  3.59677e+02  3.60048e+02  4.02287e+00  4.04913e+00  1.45621e-01  1.04462e+02  2.01143e+02  1.23871e+06 -1.37464e+06  8.98182e+02  0.00000e+00 -1.35035e+05  5.30878e+04 -8.19470e+04  1.45643e-01  1.00000e+00 -1.03938e+02  0.00000e+00  2.08743e+00 
 7.23722e-03  5.61783e-03  0.00000e+00  3.47944e+00  1.76511e-04  3.59720e+02  3.60048e+02  3.99249e+00  4.01870e+00  1.61572e-01  1.01570e+02  1.97474e+02  1.41572e+06 -1.53796e+06  8.76195e+02  0.00000e+00 -1.21360e+05  4.56457e+04 -7.57143e+04  1.61595e-01  1.00000e+00 -1.00998e+02  0.00000e+00  2.39191e+00 
 7.42387e-03  5.85632e-03  0.00000e+00  3.47944e+00  1.80117e-04  3.59760e+02  3.60048e+02  3.95846e+00  3.98465e+00  1.77965e-01  9.70466e+01  1.93520e+02  1.59213e+06 -1.70244e+06  8.52532e+02  0.00000e+00 -1.09458e+05  3.87743e+04 -7.06837e+04  1.77991e-01  1.00000e+00 -9.64286e+01  0.00000e+00  2.74412e+00 
 7.61342e-03  6.09482e-03  0.00000e+00  3.47944e+00  1.84074e-04  3.59797e+02  3.60048e+02  3.92042e+00  3.94658e+00  1.94627e-01  9.10707e+01  1.89360e+02  1.76436e+06 -1.86545e+06  8.27176e+02  0.00000e+00 -1.00268e+05  3.25275e+04 -6.77405e+04  1.94656e-01  1.00000e+00 -9.04100e+01  0.00000e+00  3.15140e+00 
 7.80566e-03  6.33332e-03  0.00000e+00  3.47944e+00  1.88291e-04  3.59832e+02  3.60048e+02  3.87807e+00  3.90421e+00  2.11237e-01  8.39006e+01  1.85120e+02  1.92961e+06 -2.02383e+06  8.01035e+02  0.00000e+00 -9.34214e+04  2.69625e+04 -6.64590e+04  2.11269e-01  1.00000e+00 -8.32009e+01  0.00000e+00  3.62080e+00 
 8.00039e-03  6.57182e-03  0.00000e+00  3.47944e+00  1.92602e-04  3.59865e+02  3.60048e+02  3.83117e+00  3.85727e+00  2.27625e-01  7.58632e+01  1.80977e+02  2.08805e+06 -2.17832e+06  7.74514e+02  0.00000e+00 -8.94923e+04  2.20879e+04 -6.74044e+04  2.27662e-01  1.00000e+00 -7.51280e+01  0.00000e+00  4.16381e+00 
 8.19744e-03  6.81033e-03  1.31016e-20  3.47944e+00  1.96803e-04  3.59895e+02  3.60048e+02  3.77939e+00  3.80543e+00  2.43564e-01  6.72628e+01  1.77115e+02  2.24112e+06 -2.33022e+06  7.48731e+02  0.00000e+00 -8.83534e+04  1.78806e+04 -7.04728e+04  2.43604e-01  1.00000e+00 -6.64949e+01  0.00000e+00  4.79228e+00 
 8.39664e-03  7.04884e-03  0.00000e+00  3.47944e+00  2.00596e-04  3.59923e+02  3.60049e+02  3.72252e+00  3.74841e+00  2.58940e-01  5.83644e+01  1.73766e+02  2.39517e+06 -2.48602e+06  7.24196e+02  0.00000e+00 -9.01209e+04  1.42851e+04 -7.58358e+04  2.58983e-01  1.00000e+00 -5.75653e+01  0.00000e+00  5.52942e+00 
 8.59784e-03  7.28736e-03  0.00000e+00  3.47944e+00  2.03706e-04  3.59949e+02  3.60049e+02  3.65978e+00  3.68545e+00  2.73693e-01  4.93086e+01  1.71114e+02  2.55651e+06 -2.65283e+06  7.01927e+02  0.00000e+00 -9.56157e+04  1.12080e+04 -8.44077e+04  2.73736e-01  1.00000e+00 -4.84779e+01  0.00000e+00  6.40015e+00 
 8.80092e-03  7.52587e-03  0.00000e+00  3.47944e+00  2.05735e-04  3.59974e+02  3.60049e+02  3.59088e+00  3.61614e+00  2.87805e-01  4.01283e+01  1.69427e+02  2.73949e+06 -2.84516e+06  6.82258e+02  0.00000e+00 -1.04991e+05  8.54739e+03 -9.64433e+04  2.87851e-01  1.00000e+00 -3.92628e+01  0.00000e+00  7.45778e+00 
 9.00573e-03  7.76439e-03 -1.17014e-20  3.47944e+00  2.06374e-04  3.59998e+02  3.60049e+02  3.51339e+00  3.53808e+00  3.01331e-01  3.06326e+01  1.68903e+02  2.95695e+06 -3.07799e+06  6.66030e+02  0.00000e+00 -1.20371e+05  6.16186e+03 -1.14209e+05  3.01376e-01  1.00000e+00 -2.97264e+01  0.00000e+00  8.76164e+00 
 9.21216e-03  8.00291e-03  0.00000e+00  3.47944e+00  2.05131e-04  3.60022e+02  3.60049e+02  3.42797e+00  3.45179e+00  3.14413e-01  2.04267e+01  1.69928e+02  3.23795e+06 -3.38242e+06  6.53567e+02  0.00000e+00 -1.43813e+05  3.89124e+03 -1.39922e+05  3.14460e-01  1.00000e+00 -1.94690e+01  0.00000e+00  1.04467e+01 
 9.42012e-03  8.24144e-03  0.00000e+00  3.47944e+00  2.01645e-04  3.60046e+02  3.60050e+02  3.32636e+00  3.34910e+00  3.27139e-01  8.60019e+00  1.72866e+02  3.61450e+06 -3.79548e+06  6.45318e+02  0.00000e+00 -1.80339e+05  1.48035e+03 -1.78858e+05  3.27185e-01  1.00000e+00 -7.57538e+00  0.00000e+00  1.26856e+01 
 9.62949e-03  8.47996e-03  0.00000e+00  3.47944e+00  1.95236e-04  3.60072e+02  3.60050e+02  3.21462e+00  3.23595e+00  3.39749e-01 -1.47136e+01  1.78543e+02  4.16782e+06 -4.40251e+06  6.41806e+02  0.00000e+00 -2.34042e+05 -3.30586e+03 -2.37348e+05  3.39801e-01  1.00000e+00  1.70112e+01  0.00000e+00  1.59269e+01 
 9.84019e-03  8.71849e-03  0.00000e+00  3.47944e+00  1.85315e-04  3.60105e+02  3.60051e+02  3.06332e+00  3.08250e+00  3.52203e-01 -6.62683e+01  1.88103e+02  5.01209e+06 -5.33631e+06  6.45863e+02  0.00000e+00 -3.23577e+05 -1.35905e+04 -3.37168e+05  3.52250e-01  1.00000e+00  6.88124e+01  0.00000e+00  2.08125e+01 
 1.00521e-02  8.95702e-03  0.00000e+00  3.47944e+00  1.70456e-04  3.60157e+02  3.60051e+02  2.89235e+00  2.90975e+00  3.64565e-01 -1.70757e+02  2.04501e+02  6.53018e+06 -6.98132e+06  6.57582e+02  0.00000e+00 -4.50483e+05 -3.60285e+04 -4.86512e+05  3.64602e-01  1.00000e+00  1.73680e+02  0.00000e+00  2.96431e+01 
 1.02653e-02  9.19555e-03  0.00000e+00  3.47944e+00  1.50139e-04  3.60269e+02  3.60052e+02  2.62291e+00  2.63805e+00  3.77402e-01 -4.69605e+02  2.32178e+02  9.67193e+06 -1.02303e+07  6.71564e+02  0.00000e+00 -5.57713e+05 -1.07659e+05 -6.65372e+05  3.77442e-01  1.00000e+00  4.73135e+02  0.00000e+00  4.92792e+01 
 1.04795e-02  9.43408e-03  0.00000e+00  3.47944e+00  1.25813e-04  3.60664e+02  3.60053e+02  2.19360e+00  2.20348e+00  3.94121e-01 -4.88556e+03  2.77073e+02  1.84061e+07 -1.75387e+07  6.97770e+02  1.74154e+06  2.60966e+06 -2.70764e+06 -9.79805e+04  3.94167e-01  1.00000e+00  4.89007e+03  3.06439e+03  1.24411e+02 
