# Code_Saturne plot output (1D profile)
#
# Iteration output: 6280
# Time output:      2.30008e+01
#
#COLUMN_TITLES: Distance | X | Y | Z | diameter_Field2 | temp_Field1 | temp_Field2 | Velocity_Field1[Z] | Velocity_Field2[Z] | vol_f_Field2 | mass_trans_Field1 | Xd_Field2 | BK | COAL | COMP | NUCL | W1 | MT | SMBR | ALPBB | CONDNUM | GAMA | GAMANUC | epsilon_Field1
 4.56474e-03  1.39645e-04  0.00000e+00  3.47944e+00  2.51062e-04  3.60125e+02  3.60066e+02  6.21605e+00  6.27334e+00  3.92766e-01 -2.84315e+01  1.38691e+02  8.37318e+05 -1.01427e+06  1.40855e+03  0.00000e+00 -1.75541e+05 -5.69714e+03 -1.81238e+05  3.92802e-01  1.00000e+00  2.85846e+01  0.00000e+00  1.91085e+00 
 4.57812e-03  3.76525e-04  4.25872e-21  3.47944e+00  2.56790e-04  3.60125e+02  3.60066e+02  6.21326e+00  6.27228e+00  3.93383e-01 -2.76087e+01  1.35597e+02  8.33972e+05 -9.78520e+05  1.37826e+03  0.00000e+00 -1.43170e+05 -5.40047e+03 -1.48570e+05  3.93420e-01  1.00000e+00  2.77581e+01  0.00000e+00  1.93179e+00 
 4.60371e-03  6.13858e-04  0.00000e+00  3.47944e+00  2.58852e-04  3.60124e+02  3.60066e+02  6.21251e+00  6.27201e+00  3.94378e-01 -2.72690e+01  1.34517e+02  8.42560e+05 -9.72654e+05  1.36836e+03  0.00000e+00 -1.28726e+05 -5.27836e+03 -1.34004e+05  3.94416e-01  1.00000e+00  2.74176e+01  0.00000e+00  1.97266e+00 
 4.64138e-03  8.51483e-04  0.00000e+00  3.47944e+00  2.58657e-04  3.60124e+02  3.60066e+02  6.20737e+00  6.26666e+00  3.95915e-01 -2.72145e+01  1.34619e+02  8.60923e+05 -9.86187e+05  1.36869e+03  0.00000e+00 -1.23895e+05 -5.25162e+03 -1.29146e+05  3.95952e-01  1.00000e+00  2.73641e+01  0.00000e+00  2.03421e+00 
 4.69084e-03  1.08931e-03  0.00000e+00  3.47944e+00  2.57269e-04  3.60124e+02  3.60066e+02  6.19995e+00  6.25844e+00  3.98009e-01 -2.72833e+01  1.35345e+02  8.87193e+05 -1.01218e+06  1.37478e+03  0.00000e+00 -1.23615e+05 -5.26586e+03 -1.28881e+05  3.98043e-01  1.00000e+00  2.74352e+01  0.00000e+00  2.11667e+00 
 4.75174e-03  1.32727e-03  1.05001e-20  3.47944e+00  2.55232e-04  3.60123e+02  3.60066e+02  6.19015e+00  6.24751e+00  4.00575e-01 -2.74046e+01  1.36425e+02  9.20673e+05 -1.04732e+06  1.38388e+03  0.00000e+00 -1.25267e+05 -5.29780e+03 -1.30565e+05  4.00606e-01  1.00000e+00  2.75595e+01  0.00000e+00  2.22114e+00 
 4.82366e-03  1.56534e-03  0.00000e+00  3.47944e+00  2.52876e-04  3.60122e+02  3.60066e+02  6.17802e+00  6.23399e+00  4.03627e-01 -2.75356e+01  1.37696e+02  9.60665e+05 -1.08980e+06  1.39437e+03  0.00000e+00 -1.27739e+05 -5.33266e+03 -1.33072e+05  4.03656e-01  1.00000e+00  2.76940e+01  0.00000e+00  2.34850e+00 
 4.90611e-03  1.80349e-03  8.81027e-21  3.47944e+00  2.50365e-04  3.60122e+02  3.60066e+02  6.16373e+00  6.21812e+00  4.07092e-01 -2.76529e+01  1.39077e+02  1.00693e+06 -1.13861e+06  1.40556e+03  0.00000e+00 -1.30278e+05 -5.36368e+03 -1.35642e+05  4.07119e-01  1.00000e+00  2.78153e+01  0.00000e+00  2.50010e+00 
 4.99859e-03  2.04170e-03  0.00000e+00  3.47944e+00  2.47824e-04  3.60121e+02  3.60066e+02  6.14741e+00  6.20013e+00  4.10950e-01 -2.77409e+01  1.40503e+02  1.05907e+06 -1.19302e+06  1.41694e+03  0.00000e+00 -1.32529e+05 -5.38564e+03 -1.37915e+05  4.10976e-01  1.00000e+00  2.79077e+01  0.00000e+00  2.67735e+00 
 5.10055e-03  2.27996e-03  7.58893e-21  3.47944e+00  2.45317e-04  3.60120e+02  3.60066e+02  6.12904e+00  6.18009e+00  4.15141e-01 -2.77909e+01  1.41939e+02  1.11687e+06 -1.25249e+06  1.42799e+03  0.00000e+00 -1.34189e+05 -5.39628e+03 -1.39585e+05  4.15166e-01  1.00000e+00  2.79622e+01  0.00000e+00  2.88198e+00 
 5.21143e-03  2.51826e-03  7.09702e-21  3.47944e+00  2.42895e-04  3.60119e+02  3.60066e+02  6.10852e+00  6.15791e+00  4.19633e-01 -2.77963e+01  1.43354e+02  1.17994e+06 -1.31654e+06  1.43828e+03  0.00000e+00 -1.35165e+05 -5.39374e+03 -1.40559e+05  4.19658e-01  1.00000e+00  2.79725e+01  0.00000e+00  3.11562e+00 
 5.33068e-03  2.75659e-03  1.33300e-20  3.47944e+00  2.40580e-04  3.60118e+02  3.60066e+02  6.08570e+00  6.13347e+00  4.24371e-01 -2.77537e+01  1.44734e+02  1.24793e+06 -1.38475e+06  1.44755e+03  0.00000e+00 -1.35378e+05 -5.37764e+03 -1.40756e+05  4.24395e-01  1.00000e+00  2.79349e+01  0.00000e+00  3.37992e+00 
 5.45775e-03  2.99495e-03  1.25651e-20  3.47944e+00  2.38379e-04  3.60117e+02  3.60066e+02  6.06050e+00  6.10667e+00  4.29320e-01 -2.76622e+01  1.46071e+02  1.32040e+06 -1.45681e+06  1.45570e+03  0.00000e+00 -1.34950e+05 -5.34816e+03 -1.40298e+05  4.29343e-01  1.00000e+00  2.78485e+01  0.00000e+00  3.67641e+00 
 5.59212e-03  3.23333e-03  0.00000e+00  3.47944e+00  2.36294e-04  3.60116e+02  3.60066e+02  6.03293e+00  6.07751e+00  4.34431e-01 -2.75215e+01  1.47360e+02  1.39698e+06 -1.53235e+06  1.46282e+03  0.00000e+00 -1.33905e+05 -5.30595e+03 -1.39211e+05  4.34453e-01  1.00000e+00  2.77130e+01  0.00000e+00  4.00682e+00 
 5.73326e-03  3.47172e-03  0.00000e+00  3.47944e+00  2.34312e-04  3.60115e+02  3.60066e+02  6.00302e+00  6.04604e+00  4.39653e-01 -2.73338e+01  1.48607e+02  1.47739e+06 -1.61116e+06  1.46899e+03  0.00000e+00 -1.32302e+05 -5.25247e+03 -1.37555e+05  4.39675e-01  1.00000e+00  2.75305e+01  0.00000e+00  4.37308e+00 
 5.88069e-03  3.71014e-03 -5.35987e-21  3.47944e+00  2.32409e-04  3.60114e+02  3.60066e+02  5.97081e+00  6.01232e+00  4.44945e-01 -2.71038e+01  1.49824e+02  1.56154e+06 -1.69325e+06  1.47431e+03  0.00000e+00 -1.30242e+05 -5.18979e+03 -1.35432e+05  4.44967e-01  1.00000e+00  2.73059e+01  0.00000e+00  4.77762e+00 
 6.03395e-03  3.94857e-03  5.10973e-21  3.47944e+00  2.30564e-04  3.60113e+02  3.60066e+02  5.93630e+00  5.97634e+00  4.50281e-01 -2.68368e+01  1.51023e+02  1.64938e+06 -1.77870e+06  1.47882e+03  0.00000e+00 -1.27840e+05 -5.11981e+03 -1.32960e+05  4.50302e-01  1.00000e+00  2.70442e+01  0.00000e+00  5.22335e+00 
 6.19261e-03  4.18701e-03  0.00000e+00  3.47944e+00  2.28746e-04  3.60112e+02  3.60066e+02  5.89939e+00  5.93801e+00  4.55627e-01 -2.65390e+01  1.52224e+02  1.74110e+06 -1.86776e+06  1.48263e+03  0.00000e+00 -1.25173e+05 -5.04482e+03 -1.30218e+05  4.55647e-01  1.00000e+00  2.67518e+01  0.00000e+00  5.71376e+00 
 6.35626e-03  4.42546e-03  0.00000e+00  3.47944e+00  2.26925e-04  3.60111e+02  3.60066e+02  5.86000e+00  5.89722e+00  4.60962e-01 -2.62167e+01  1.53446e+02  1.83701e+06 -1.96088e+06  1.48593e+03  0.00000e+00 -1.22390e+05 -4.96694e+03 -1.27357e+05  4.60982e-01  1.00000e+00  2.64350e+01  0.00000e+00  6.25285e+00 
 6.52453e-03  4.66392e-03 -8.96437e-21  3.47944e+00  2.25066e-04  3.60110e+02  3.60066e+02  5.81808e+00  5.85393e+00  4.66269e-01 -2.58764e+01  1.54714e+02  1.93762e+06 -2.05871e+06  1.48895e+03  0.00000e+00 -1.19605e+05 -4.88833e+03 -1.24493e+05  4.66288e-01  1.00000e+00  2.61004e+01  0.00000e+00  6.84571e+00 
 6.69707e-03  4.90238e-03  1.72236e-20  3.47944e+00  2.23134e-04  3.60109e+02  3.60067e+02  5.77352e+00  5.80801e+00  4.71533e-01 -2.55250e+01  1.56054e+02  2.04368e+06 -2.16212e+06  1.49191e+03  0.00000e+00 -1.16947e+05 -4.81106e+03 -1.21758e+05  4.71552e-01  1.00000e+00  2.57548e+01  0.00000e+00  7.49855e+00 
 6.87356e-03  5.14086e-03  8.28595e-21  3.47944e+00  2.21093e-04  3.60108e+02  3.60067e+02  5.72621e+00  5.75934e+00  4.76743e-01 -2.51694e+01  1.57496e+02  2.15624e+06 -2.27224e+06  1.49501e+03  0.00000e+00 -1.14513e+05 -4.73721e+03 -1.19250e+05  4.76762e-01  1.00000e+00  2.54051e+01  0.00000e+00  8.21930e+00 
 7.05370e-03  5.37934e-03 -1.59677e-20  3.47944e+00  2.18909e-04  3.60107e+02  3.60067e+02  5.67601e+00  5.70778e+00  4.81895e-01 -2.48169e+01  1.59068e+02  2.27658e+06 -2.39050e+06  1.49844e+03  0.00000e+00 -1.12421e+05 -4.66884e+03 -1.17089e+05  4.81914e-01  1.00000e+00  2.50588e+01  0.00000e+00  9.01775e+00 
 7.23722e-03  5.61783e-03  0.00000e+00  3.47944e+00  2.16543e-04  3.60107e+02  3.60067e+02  5.62272e+00  5.65313e+00  4.86988e-01 -2.44759e+01  1.60807e+02  2.40642e+06 -2.51870e+06  1.50239e+03  0.00000e+00 -1.10782e+05 -4.60818e+03 -1.15390e+05  4.87007e-01  1.00000e+00  2.47244e+01  0.00000e+00  9.90650e+00 
 7.42387e-03  5.85632e-03  0.00000e+00  3.47944e+00  2.13960e-04  3.60106e+02  3.60068e+02  5.56603e+00  5.59508e+00  4.92023e-01 -2.41568e+01  1.62749e+02  2.54785e+06 -2.65909e+06  1.50707e+03  0.00000e+00 -1.09736e+05 -4.55785e+03 -1.14294e+05  4.92041e-01  1.00000e+00  2.44122e+01  0.00000e+00  1.09012e+01 
 7.61342e-03  6.09482e-03  0.00000e+00  3.47944e+00  2.11121e-04  3.60105e+02  3.60068e+02  5.50571e+00  5.53337e+00  4.97007e-01 -2.38724e+01  1.64938e+02  2.70357e+06 -2.81452e+06  1.51269e+03  0.00000e+00 -1.09440e+05 -4.52099e+03 -1.13961e+05  4.97024e-01  1.00000e+00  2.41353e+01  0.00000e+00  1.20221e+01 
 7.80566e-03  6.33332e-03  0.00000e+00  3.47944e+00  2.07986e-04  3.60104e+02  3.60068e+02  5.44119e+00  5.46742e+00  5.01945e-01 -2.36421e+01  1.67426e+02  2.87700e+06 -2.98860e+06  1.51949e+03  0.00000e+00 -1.10077e+05 -4.50221e+03 -1.14579e+05  5.01961e-01  1.00000e+00  2.39130e+01  0.00000e+00  1.32954e+01 
 8.00039e-03  6.57182e-03  0.00000e+00  3.47944e+00  2.04508e-04  3.60103e+02  3.60068e+02  5.37232e+00  5.39708e+00  5.06850e-01 -2.34914e+01  1.70274e+02  3.07272e+06 -3.18613e+06  1.52777e+03  0.00000e+00 -1.11878e+05 -4.50764e+03 -1.16386e+05  5.06864e-01  1.00000e+00  2.37712e+01  0.00000e+00  1.47563e+01 
 8.19744e-03  6.81033e-03  1.31016e-20  3.47944e+00  2.00634e-04  3.60103e+02  3.60069e+02  5.29773e+00  5.32096e+00  5.11732e-01 -2.34684e+01  1.73563e+02  3.29668e+06 -3.41343e+06  1.53783e+03  0.00000e+00 -1.15205e+05 -4.54837e+03 -1.19753e+05  5.11745e-01  1.00000e+00  2.37579e+01  0.00000e+00  1.64509e+01 
 8.39664e-03  7.04884e-03  0.00000e+00  3.47944e+00  1.96301e-04  3.60102e+02  3.60069e+02  5.21811e+00  5.23976e+00  5.16620e-01 -2.36346e+01  1.77396e+02  3.55750e+06 -3.67955e+06  1.55019e+03  0.00000e+00 -1.20499e+05 -4.63921e+03 -1.25139e+05  5.16632e-01  1.00000e+00  2.39351e+01  0.00000e+00  1.84478e+01 
 8.59784e-03  7.28736e-03  0.00000e+00  3.47944e+00  1.91438e-04  3.60102e+02  3.60070e+02  5.12935e+00  5.14935e+00  5.21535e-01 -2.41283e+01  1.81904e+02  3.86589e+06 -3.99627e+06  1.56517e+03  0.00000e+00 -1.28816e+05 -4.81197e+03 -1.33628e+05  5.21546e-01  1.00000e+00  2.44412e+01  0.00000e+00  2.08319e+01 
 8.80092e-03  7.52587e-03  0.00000e+00  3.47944e+00  1.85939e-04  3.60102e+02  3.60070e+02  5.03595e+00  5.05426e+00  5.26519e-01 -2.51256e+01  1.87285e+02  4.24050e+06 -4.38278e+06  1.58389e+03  0.00000e+00 -1.40687e+05 -5.11059e+03 -1.45798e+05  5.26529e-01  1.00000e+00  2.54528e+01  0.00000e+00  2.37553e+01 
 9.00573e-03  7.76439e-03 -1.17014e-20  3.47944e+00  1.79714e-04  3.60102e+02  3.60071e+02  4.92523e+00  4.94175e+00  5.31614e-01 -2.70946e+01  1.93775e+02  4.70298e+06 -4.86381e+06  1.60612e+03  0.00000e+00 -1.59230e+05 -5.64562e+03 -1.64875e+05  5.31623e-01  1.00000e+00  2.74384e+01  0.00000e+00  2.73939e+01 
 9.21216e-03  8.00291e-03  0.00000e+00  3.47944e+00  1.72551e-04  3.60102e+02  3.60071e+02  4.81349e+00  4.82815e+00  5.36914e-01 -3.07121e+01  2.01821e+02  5.30128e+06 -5.48812e+06  1.63487e+03  0.00000e+00 -1.85205e+05 -6.59394e+03 -1.91799e+05  5.36920e-01  1.00000e+00  3.10759e+01  0.00000e+00  3.21553e+01 
 9.42012e-03  8.24144e-03  0.00000e+00  3.47944e+00  1.64364e-04  3.60104e+02  3.60072e+02  4.65918e+00  4.67139e+00  5.42458e-01 -3.79839e+01  2.11876e+02  6.07921e+06 -6.31305e+06  1.67098e+03  0.00000e+00 -2.32176e+05 -8.46051e+03 -2.40637e+05  5.42461e-01  1.00000e+00  3.83718e+01  0.00000e+00  3.83751e+01 
 9.62949e-03  8.47996e-03  0.00000e+00  3.47944e+00  1.54644e-04  3.60108e+02  3.60072e+02  4.51642e+00  4.52709e+00  5.48257e-01 -5.27923e+01  2.25197e+02  7.18297e+06 -7.48959e+06  1.71782e+03  0.00000e+00 -3.04907e+05 -1.23387e+04 -3.17246e+05  5.48248e-01  1.00000e+00  5.32114e+01  0.00000e+00  4.72409e+01 
 9.84019e-03  8.71849e-03  0.00000e+00  3.47944e+00  1.42999e-04  3.60116e+02  3.60073e+02  4.29593e+00  4.30492e+00  5.54314e-01 -8.78494e+01  2.43540e+02  8.84085e+06 -9.27500e+06  1.77205e+03  0.00000e+00 -4.32374e+05 -2.19038e+04 -4.54277e+05  5.54301e-01  1.00000e+00  8.83091e+01  0.00000e+00  6.05478e+01 
 1.00521e-02  8.95702e-03  0.00000e+00  3.47944e+00  1.28126e-04  3.60138e+02  3.60074e+02  4.08791e+00  4.09561e+00  5.60826e-01 -1.86733e+02  2.71814e+02  1.18194e+07 -1.24511e+07  1.86823e+03  0.00000e+00 -6.29849e+05 -5.12372e+04 -6.81086e+05  5.60830e-01  1.00000e+00  1.87252e+02  0.00000e+00  8.48599e+01 
 1.02653e-02  9.19555e-03  0.00000e+00  3.47944e+00  1.09609e-04  3.60206e+02  3.60076e+02  3.69018e+00  3.69649e+00  5.67978e-01 -5.73012e+02  3.17741e+02  1.79976e+07 -1.88407e+07  1.95876e+03  0.00000e+00 -8.41129e+05 -1.81156e+05 -1.02228e+06  5.67962e-01  1.00000e+00  5.73619e+02  0.00000e+00  1.38108e+02 
 1.04795e-02  9.43408e-03  0.00000e+00  3.47944e+00  8.79476e-05  3.60558e+02  3.60077e+02  3.15127e+00  3.15466e+00  5.79888e-01 -7.02926e+03  3.96010e+02  3.57687e+07 -3.43635e+07  2.14209e+03  2.87330e+06  4.28065e+06 -4.42315e+06 -1.42500e+05  5.79900e-01  1.00000e+00  7.03000e+03  3.76305e+03  3.42995e+02 
