# Code_Saturne plot output (1D profile)
#
# Iteration output: 3948
# Time output:      2.30010e+01
#
#COLUMN_TITLES: Distance | X | Y | Z | diameter_Field2 | temp_Field1 | temp_Field2 | Velocity_Field1[Z] | Velocity_Field2[Z] | vol_f_Field2 | mass_trans_Field1 | Xd_Field2 | BK | COAL | COMP | NUCL | W1 | MT | SMBR | ALPBB | CONDNUM | GAMA | GAMANUC | epsilon_Field1
 4.56474e-03  1.39645e-04  0.00000e+00  3.47944e+00  4.41717e-05  3.59040e+02  3.60050e+02  4.39030e+00  4.39619e+00  1.07710e-02  9.90033e+01  7.89032e+02  3.32923e-24 -2.47880e+05  3.92366e+03  0.00000e+00 -2.43956e+05  1.75255e+06  1.50859e+06  1.07747e-02  1.00000e+00 -9.87885e+01  0.00000e+00  2.60543e-01 
 4.57812e-03  3.76525e-04  4.25872e-21  3.47944e+00  5.61487e-05  3.59044e+02  3.60049e+02  4.38987e+00  4.39826e+00  1.12536e-02  7.40865e+01  6.20725e+02  1.70681e-13 -1.72952e+05  3.07971e+03  0.00000e+00 -1.69872e+05  9.87458e+05  8.17586e+05  1.12574e-02  1.00000e+00 -7.39249e+01  0.00000e+00  2.63504e-01 
 4.60371e-03  6.13858e-04  0.00000e+00  3.47944e+00  6.62789e-05  3.59052e+02  3.60049e+02  4.38877e+00  4.39930e+00  1.20852e-02  6.34764e+01  5.25852e+02  3.29147e-08 -1.41030e+05  2.60765e+03  0.00000e+00 -1.38422e+05  6.67390e+05  5.28968e+05  1.20894e-02  1.00000e+00 -6.33368e+01  0.00000e+00  2.69318e-01 
 4.64138e-03  8.51483e-04  0.00000e+00  3.47944e+00  7.48023e-05  3.59065e+02  3.60049e+02  4.38700e+00  4.39928e+00  1.32752e-02  5.90044e+01  4.65934e+02  3.93441e-05 -1.27331e+05  2.31010e+03  0.00000e+00 -1.25021e+05  5.00396e+05  3.75374e+05  1.32797e-02  1.00000e+00 -5.88729e+01  0.00000e+00  2.78072e-01 
 4.69084e-03  1.08931e-03  0.00000e+00  3.47944e+00  8.24332e-05  3.59082e+02  3.60049e+02  4.38462e+00  4.39845e+00  1.48452e-02  5.73845e+01  4.22802e+02  4.92411e-03 -1.22234e+05  2.09598e+03  0.00000e+00 -1.20138e+05  3.94892e+05  2.74754e+05  1.48500e-02  1.00000e+00 -5.72542e+01  0.00000e+00  2.89921e-01 
 4.75174e-03  1.32727e-03  1.05001e-20  3.47944e+00  8.95504e-05  3.59105e+02  3.60049e+02  4.38162e+00  4.39691e+00  1.68323e-02  5.73768e+01  3.89199e+02  1.80048e-01 -1.22257e+05  1.92915e+03  0.00000e+00 -1.20328e+05  3.20539e+05  2.00212e+05  1.68375e-02  1.00000e+00 -5.72436e+01  0.00000e+00  3.05095e-01 
 4.82366e-03  1.56534e-03  0.00000e+00  3.47944e+00  9.63540e-05  3.59131e+02  3.60049e+02  4.37799e+00  4.39466e+00  1.92844e-02  5.84052e+01  3.61717e+02  3.02692e+00 -1.25927e+05  1.79263e+03  0.00000e+00 -1.24131e+05  2.64669e+05  1.40538e+05  1.92904e-02  1.00000e+00 -5.82658e+01  0.00000e+00  3.23922e-01 
 4.90611e-03  1.80349e-03  8.81027e-21  3.47944e+00  1.02943e-04  3.59162e+02  3.60049e+02  4.37371e+00  4.39171e+00  2.22562e-02  6.01619e+01  3.38566e+02  2.94485e+01 -1.32578e+05  1.67750e+03  0.00000e+00 -1.30871e+05  2.21092e+05  9.02216e+04  2.22628e-02  1.00000e+00 -6.00134e+01  0.00000e+00  3.46775e-01 
 4.99859e-03  2.04170e-03  0.00000e+00  3.47944e+00  1.09347e-04  3.59197e+02  3.60049e+02  4.36874e+00  4.38802e+00  2.58206e-02  6.24836e+01  3.18737e+02  1.89704e+02 -1.42046e+05  1.57868e+03  0.00000e+00 -1.40277e+05  1.86321e+05  4.60439e+04  2.58275e-02  1.00000e+00 -6.23233e+01  0.00000e+00  3.74258e-01 
 5.10055e-03  2.27996e-03  7.58893e-21  3.47944e+00  1.15535e-04  3.59236e+02  3.60049e+02  4.36305e+00  4.38353e+00  3.00528e-02  6.52702e+01  3.01666e+02  8.78594e+02 -1.54391e+05  1.49339e+03  0.00000e+00 -1.52019e+05  1.58267e+05  6.24780e+03  3.00560e-02  1.00000e+00 -6.50950e+01  0.00000e+00  4.06999e-01 
 5.21143e-03  2.51826e-03  7.09702e-21  3.47944e+00  1.21436e-04  3.59277e+02  3.60049e+02  4.35659e+00  4.37818e+00  3.50245e-02  6.84645e+01  2.87007e+02  3.10339e+03 -1.69971e+05  1.42021e+03  0.00000e+00 -1.65447e+05  1.35492e+05 -2.99556e+04  3.50325e-02  1.00000e+00 -6.82710e+01  0.00000e+00  4.45800e-01 
 5.33068e-03  2.75659e-03  1.33300e-20  3.47944e+00  1.26915e-04  3.59322e+02  3.60049e+02  4.34929e+00  4.37184e+00  4.08361e-02  7.20778e+01  2.74616e+02  8.74874e+03 -1.89403e+05  1.35806e+03  0.00000e+00 -1.79297e+05  1.17039e+05 -6.22570e+04  4.08464e-02  1.00000e+00 -7.18621e+01  0.00000e+00  4.91668e-01 
 5.45775e-03  2.99495e-03  1.25651e-20  3.47944e+00  1.31820e-04  3.59368e+02  3.60049e+02  4.34107e+00  4.36443e+00  4.75762e-02  7.60935e+01  2.64398e+02  2.04251e+04 -2.13555e+05  1.30641e+03  0.00000e+00 -1.91824e+05  1.02093e+05 -8.97314e+04  4.75869e-02  1.00000e+00 -7.58506e+01  0.00000e+00  5.45769e-01 
 5.59212e-03  3.23333e-03  0.00000e+00  3.47944e+00  1.36009e-04  3.59417e+02  3.60049e+02  4.33184e+00  4.35582e+00  5.53402e-02  8.05386e+01  2.56255e+02  4.08724e+04 -2.43600e+05  1.26486e+03  0.00000e+00 -2.01462e+05  9.00180e+04 -1.11444e+05  5.53511e-02  1.00000e+00 -8.02626e+01  0.00000e+00  6.09555e-01 
 5.73326e-03  3.47172e-03  0.00000e+00  3.47944e+00  1.39389e-04  3.59467e+02  3.60049e+02  4.32149e+00  4.34590e+00  6.41993e-02  8.51427e+01  2.50040e+02  7.23083e+04 -2.80815e+05  1.23264e+03  0.00000e+00 -2.07274e+05  8.00243e+04 -1.27249e+05  6.42091e-02  1.00000e+00 -8.48270e+01  0.00000e+00  6.84603e-01 
 5.88069e-03  3.71014e-03 -5.35987e-21  3.47944e+00  1.41945e-04  3.59517e+02  3.60049e+02  4.30989e+00  4.33455e+00  7.42152e-02  8.90158e+01  2.45539e+02  1.16295e+05 -3.26667e+05  1.20873e+03  0.00000e+00 -2.09163e+05  7.10494e+04 -1.38114e+05  7.42245e-02  1.00000e+00 -8.86559e+01  0.00000e+00  7.72954e-01 
 6.03395e-03  3.94857e-03  5.10973e-21  3.47944e+00  1.43714e-04  3.59567e+02  3.60049e+02  4.29689e+00  4.32161e+00  8.54291e-02  9.26556e+01  2.42516e+02  1.73813e+05 -3.82741e+05  1.19164e+03  0.00000e+00 -2.07736e+05  6.34293e+04 -1.44307e+05  8.54419e-02  1.00000e+00 -9.22439e+01  0.00000e+00  8.76956e-01 
 6.19261e-03  4.18701e-03  0.00000e+00  3.47944e+00  1.44790e-04  3.59617e+02  3.60049e+02  4.28229e+00  4.30685e+00  9.78694e-02  9.58188e+01  2.40714e+02  2.45756e+05 -4.50696e+05  1.18033e+03  0.00000e+00 -2.03759e+05  5.68054e+04 -1.46954e+05  9.78822e-02  1.00000e+00 -9.53469e+01  0.00000e+00  9.99504e-01 
 6.35626e-03  4.42546e-03  0.00000e+00  3.47944e+00  1.45295e-04  3.59665e+02  3.60049e+02  4.26587e+00  4.29016e+00  1.11513e-01  9.82061e+01  2.39877e+02  3.33007e+05 -5.32108e+05  1.17320e+03  0.00000e+00 -1.97928e+05  5.08905e+04 -1.47038e+05  1.11527e-01  1.00000e+00 -9.76654e+01  0.00000e+00  1.14384e+00 
 6.52453e-03  4.66392e-03 -8.96437e-21  3.47944e+00  1.45359e-04  3.59711e+02  3.60049e+02  4.24739e+00  4.27120e+00  1.26361e-01  9.95747e+01  2.39773e+02  4.36591e+05 -6.28733e+05  1.16915e+03  0.00000e+00 -1.90973e+05  4.54848e+04 -1.45488e+05  1.26377e-01  1.00000e+00 -9.89561e+01  0.00000e+00  1.31383e+00 
 6.69707e-03  4.90238e-03  1.72236e-20  3.47944e+00  1.45099e-04  3.59755e+02  3.60049e+02  4.22652e+00  4.24977e+00  1.42319e-01  9.96675e+01  2.40203e+02  5.57584e+05 -7.41950e+05  1.16689e+03  0.00000e+00 -1.83199e+05  4.04603e+04 -1.42739e+05  1.42335e-01  1.00000e+00 -9.89624e+01  0.00000e+00  1.51418e+00 
 6.87356e-03  5.14086e-03  8.28595e-21  3.47944e+00  1.44621e-04  3.59796e+02  3.60049e+02  4.20296e+00  4.22557e+00  1.59221e-01  9.82701e+01  2.40996e+02  6.96057e+05 -8.72473e+05  1.16570e+03  0.00000e+00 -1.75250e+05  3.57376e+04 -1.39512e+05  1.59240e-01  1.00000e+00 -9.74707e+01  0.00000e+00  1.74893e+00 
 7.05370e-03  5.37934e-03 -1.59677e-20  3.47944e+00  1.44012e-04  3.59834e+02  3.60050e+02  4.17635e+00  4.19827e+00  1.76902e-01  9.53003e+01  2.42017e+02  8.52835e+05 -1.02112e+06  1.16439e+03  0.00000e+00 -1.67119e+05  3.12832e+04 -1.35836e+05  1.76929e-01  1.00000e+00 -9.43998e+01  0.00000e+00  2.02452e+00 
 7.23722e-03  5.61783e-03  0.00000e+00  3.47944e+00  1.43339e-04  3.59869e+02  3.60050e+02  4.14630e+00  4.16750e+00  1.95031e-01  9.07396e+01  2.43153e+02  1.02694e+06 -1.18697e+06  1.16289e+03  0.00000e+00 -1.58874e+05  2.70984e+04 -1.31776e+05  1.95066e-01  1.00000e+00 -8.97330e+01  0.00000e+00  2.34576e+00 
 7.42387e-03  5.85632e-03  0.00000e+00  3.47944e+00  1.42655e-04  3.59900e+02  3.60050e+02  4.11248e+00  4.13292e+00  2.13498e-01  8.47595e+01  2.44320e+02  1.21752e+06 -1.37022e+06  1.16036e+03  0.00000e+00 -1.51544e+05  2.31849e+04 -1.28359e+05  2.13540e-01  1.00000e+00 -8.36432e+01  0.00000e+00  2.71915e+00 
 7.61342e-03  6.09482e-03  0.00000e+00  3.47944e+00  1.41985e-04  3.59928e+02  3.60050e+02  4.07449e+00  4.09416e+00  2.32050e-01  7.76189e+01  2.45473e+02  1.42432e+06 -1.57009e+06  1.15653e+03  0.00000e+00 -1.44617e+05  1.95749e+04 -1.25042e+05  2.32083e-01  1.00000e+00 -7.63909e+01  0.00000e+00  3.15357e+00 
 7.80566e-03  6.33332e-03  0.00000e+00  3.47944e+00  1.41338e-04  3.59953e+02  3.60050e+02  4.03205e+00  4.05094e+00  2.50573e-01  6.96274e+01  2.46598e+02  1.64587e+06 -1.78655e+06  1.15106e+03  0.00000e+00 -1.39529e+05  1.62803e+04 -1.23249e+05  2.50590e-01  1.00000e+00 -6.82867e+01  0.00000e+00  3.65785e+00 
 8.00039e-03  6.57182e-03  0.00000e+00  3.47944e+00  1.40699e-04  3.59974e+02  3.60050e+02  3.98476e+00  4.00286e+00  2.68871e-01  6.11011e+01  2.47717e+02  1.88142e+06 -2.01937e+06  1.14403e+03  0.00000e+00 -1.36807e+05  1.33137e+04 -1.23494e+05  2.68878e-01  1.00000e+00 -5.96478e+01  0.00000e+00  4.24182e+00 
 8.19744e-03  6.81033e-03  1.31016e-20  3.47944e+00  1.40020e-04  3.59993e+02  3.60050e+02  3.93242e+00  3.94971e+00  2.86871e-01  5.23798e+01  2.48920e+02  2.13283e+06 -2.27100e+06  1.13542e+03  0.00000e+00 -1.37038e+05  1.06818e+04 -1.26356e+05  2.86883e-01  1.00000e+00 -5.08141e+01  0.00000e+00  4.92336e+00 
 8.39664e-03  7.04884e-03  0.00000e+00  3.47944e+00  1.39226e-04  3.60009e+02  3.60050e+02  3.87439e+00  3.89089e+00  3.04212e-01  4.36946e+01  2.50340e+02  2.40091e+06 -2.54188e+06  1.12602e+03  0.00000e+00 -1.39841e+05  8.37615e+03 -1.31464e+05  3.04239e-01  1.00000e+00 -4.20169e+01  0.00000e+00  5.71800e+00 
 8.59784e-03  7.28736e-03  0.00000e+00  3.47944e+00  1.38217e-04  3.60022e+02  3.60050e+02  3.81050e+00  3.82619e+00  3.20965e-01  3.52868e+01  2.52169e+02  2.69149e+06 -2.83945e+06  1.11634e+03  0.00000e+00 -1.46846e+05  6.37495e+03 -1.40471e+05  3.21003e-01  1.00000e+00 -3.34958e+01  0.00000e+00  6.65650e+00 
 8.80092e-03  7.52587e-03  0.00000e+00  3.47944e+00  1.36849e-04  3.60033e+02  3.60051e+02  3.73946e+00  3.75430e+00  3.36926e-01  2.72739e+01  2.54691e+02  3.01565e+06 -3.17345e+06  1.10708e+03  0.00000e+00 -1.56701e+05  4.64495e+03 -1.52056e+05  3.36956e-01  1.00000e+00 -2.53653e+01  0.00000e+00  7.78426e+00 
 9.00573e-03  7.76439e-03 -1.17014e-20  3.47944e+00  1.34977e-04  3.60043e+02  3.60051e+02  3.66067e+00  3.67461e+00  3.52485e-01  1.96676e+01  2.58225e+02  3.38823e+06 -3.56502e+06  1.09933e+03  0.00000e+00 -1.75689e+05  3.12909e+03 -1.72560e+05  3.52503e-01  1.00000e+00 -1.76314e+01  0.00000e+00  9.17174e+00 
 9.21216e-03  8.00291e-03  0.00000e+00  3.47944e+00  1.32368e-04  3.60051e+02  3.60051e+02  3.57197e+00  3.58493e+00  3.67512e-01  1.22790e+01  2.63317e+02  3.83844e+06 -4.04430e+06  1.09366e+03  0.00000e+00 -2.04766e+05  1.75284e+03 -2.03013e+05  3.67516e-01  1.00000e+00 -1.00984e+01  0.00000e+00  1.09371e+01 
 9.42012e-03  8.24144e-03  0.00000e+00  3.47944e+00  1.28774e-04  3.60058e+02  3.60051e+02  3.47019e+00  3.48207e+00  3.82422e-01  4.64926e+00  2.70667e+02  4.41253e+06 -4.66730e+06  1.09113e+03  0.00000e+00 -2.53678e+05  3.93558e+02 -2.53285e+05  3.82419e-01  1.00000e+00 -2.29526e+00  0.00000e+00  1.32877e+01 
 9.62949e-03  8.47996e-03  0.00000e+00  3.47944e+00  1.23788e-04  3.60065e+02  3.60052e+02  3.35129e+00  3.36166e+00  3.96984e-01 -9.75223e+00  2.81572e+02  5.19868e+06 -5.52998e+06  1.09618e+03  0.00000e+00 -3.30197e+05 -2.50107e+03 -3.32698e+05  3.97000e-01  1.00000e+00  1.45564e+01  0.00000e+00  1.65949e+01 
 9.84019e-03  8.71849e-03  0.00000e+00  3.47944e+00  1.16965e-04  3.60074e+02  3.60052e+02  3.20366e+00  3.21271e+00  4.11757e-01 -4.03781e+01  2.97999e+02  6.36064e+06 -6.82759e+06  1.10877e+03  0.00000e+00 -4.65841e+05 -7.99988e+03 -4.73841e+05  4.11813e-01  1.00000e+00  4.56350e+01  0.00000e+00  2.15951e+01 
 1.00521e-02  8.95702e-03  0.00000e+00  3.47944e+00  1.07431e-04  3.60092e+02  3.60053e+02  3.02728e+00  3.03499e+00  4.26389e-01 -1.14767e+02  3.24447e+02  8.38853e+06 -9.05433e+06  1.13350e+03  0.00000e+00 -6.64662e+05 -2.22399e+04 -6.86901e+05  4.26477e-01  1.00000e+00  1.20668e+02  0.00000e+00  3.04964e+01 
 1.02653e-02  9.19555e-03  0.00000e+00  3.47944e+00  9.48766e-05  3.60146e+02  3.60053e+02  2.76159e+00  2.76776e+00  4.42197e-01 -3.93176e+02  3.67384e+02  1.25713e+07 -1.34380e+07  1.16016e+03  0.00000e+00 -8.65455e+05 -8.05030e+04 -9.45958e+05  4.42277e-01  1.00000e+00  4.00016e+02  0.00000e+00  5.02800e+01 
 1.04795e-02  9.43408e-03  0.00000e+00  3.47944e+00  8.02109e-05  3.60426e+02  3.60054e+02  2.33067e+00  2.33381e+00  4.62767e-01 -5.50137e+03  4.34563e+02  2.46409e+07 -2.39699e+07  1.20292e+03  2.44242e+06  3.11467e+06 -3.26601e+06 -1.51341e+05  4.62870e-01  1.00000e+00  5.50953e+03  3.21568e+03  1.25032e+02 
