# Code_Saturne plot output (1D profile)
#
# Iteration output: 3786
# Time output:      2.30009e+01
#
#COLUMN_TITLES: Distance | X | Y | Z | diameter_Field2 | temp_Field1 | temp_Field2 | Velocity_Field1[Z] | Velocity_Field2[Z] | vol_f_Field2 | mass_trans_Field1 | Xd_Field2 | BK | COAL | COMP | NUCL | W1 | MT | SMBR | ALPBB | CONDNUM | GAMA | GAMANUC | epsilon_Field1
 4.56474e-03  1.39645e-04  0.00000e+00  3.47944e+00  2.82876e-05  3.59260e+02  3.60050e+02  4.39018e+00  4.39302e+00  2.88131e-02  4.40342e+02  1.23205e+03  3.11590e-35 -3.73173e+06  6.80563e+03  0.00000e+00 -3.72492e+06  1.23481e+07  8.62322e+06  2.87935e-02  1.00000e+00 -4.41161e+02  0.00000e+00  5.16406e-01 
 4.57812e-03  3.76525e-04  4.25872e-21  3.47944e+00  6.11902e-05  3.59255e+02  3.60050e+02  4.39032e+00  4.39934e+00  3.06157e-02  1.56468e+02  5.69566e+02  2.35266e-04 -1.07215e+06  3.13345e+03  0.00000e+00 -1.06901e+06  1.90896e+06  8.39942e+05  3.05987e-02  1.00000e+00 -1.56763e+02  0.00000e+00  5.21751e-01 
 4.60371e-03  6.13858e-04  0.00000e+00  3.47944e+00  8.54714e-05  3.59254e+02  3.60050e+02  4.38894e+00  4.40328e+00  3.21300e-02  1.03894e+02  4.07760e+02  1.14080e+01 -6.39206e+05  2.24318e+03  0.00000e+00 -6.36952e+05  8.64605e+05  2.27653e+05  3.21137e-02  1.00000e+00 -1.04091e+02  0.00000e+00  5.32123e-01 
 4.64138e-03  8.51483e-04  0.00000e+00  3.47944e+00  1.05366e-04  3.59255e+02  3.60050e+02  4.38674e+00  4.40546e+00  3.40609e-02  8.32387e+01  3.30770e+02  6.20493e+02 -4.77508e+05  1.82003e+03  0.00000e+00 -4.75068e+05  5.30040e+05  5.49724e+04  3.40442e-02  1.00000e+00 -8.33966e+01  0.00000e+00  5.47795e-01 
 4.69084e-03  1.08931e-03  0.00000e+00  3.47944e+00  1.23057e-04  3.59258e+02  3.60050e+02  4.38366e+00  4.40624e+00  3.63958e-02  7.23424e+01  2.83217e+02  4.83460e+03 -3.95397e+05  1.55862e+03  0.00000e+00 -3.89003e+05  3.69113e+05 -1.98908e+04  3.63787e-02  1.00000e+00 -7.24803e+01  0.00000e+00  5.69100e-01 
 4.75174e-03  1.32727e-03  1.05001e-20  3.47944e+00  1.39231e-04  3.59265e+02  3.60050e+02  4.37971e+00  4.40576e+00  3.91768e-02  6.60354e+01  2.50317e+02  1.63373e+04 -3.49109e+05  1.37758e+03  0.00000e+00 -3.31394e+05  2.76648e+05 -5.47463e+04  3.91589e-02  1.00000e+00 -6.61624e+01  0.00000e+00  5.96425e-01 
 4.82366e-03  1.56534e-03  0.00000e+00  3.47944e+00  1.54126e-04  3.59274e+02  3.60050e+02  4.37486e+00  4.40404e+00  4.24377e-02  6.23815e+01  2.26125e+02  3.57749e+04 -3.22840e+05  1.24427e+03  0.00000e+00 -2.85821e+05  2.17939e+05 -6.78816e+04  4.24190e-02  1.00000e+00 -6.25028e+01  0.00000e+00  6.30385e-01 
 4.90611e-03  1.80349e-03  8.81027e-21  3.47944e+00  1.67961e-04  3.59285e+02  3.60050e+02  4.36910e+00  4.40112e+00  4.62350e-02  6.04201e+01  2.07500e+02  6.11705e+04 -3.09179e+05  1.14141e+03  0.00000e+00 -2.46868e+05  1.77792e+05 -6.90750e+04  4.62146e-02  1.00000e+00 -6.05394e+01  0.00000e+00  6.71688e-01 
 4.99859e-03  2.04170e-03  0.00000e+00  3.47944e+00  1.81047e-04  3.59299e+02  3.60050e+02  4.36236e+00  4.39700e+00  5.06005e-02  5.95473e+01  1.92501e+02  9.00475e+04 -3.03740e+05  1.05843e+03  0.00000e+00 -2.12634e+05  1.48535e+05 -6.40985e+04  5.05784e-02  1.00000e+00 -5.96670e+01  0.00000e+00  7.21159e-01 
 5.10055e-03  2.27996e-03  7.58893e-21  3.47944e+00  1.93785e-04  3.59315e+02  3.60050e+02  4.35459e+00  4.39171e+00  5.56016e-02  5.93616e+01  1.79848e+02  1.20449e+05 -3.03854e+05  9.88180e+02  0.00000e+00 -1.82417e+05  1.25896e+05 -5.65213e+04  5.55788e-02  1.00000e+00 -5.94835e+01  0.00000e+00  7.79883e-01 
 5.21143e-03  2.51826e-03  7.09702e-21  3.47944e+00  2.06608e-04  3.59334e+02  3.60050e+02  4.34570e+00  4.38528e+00  6.12634e-02  5.95380e+01  1.68686e+02  1.50844e+05 -3.07378e+05  9.26037e+02  0.00000e+00 -1.55608e+05  1.07490e+05 -4.81188e+04  6.12392e-02  1.00000e+00 -5.96634e+01  0.00000e+00  8.48971e-01 
 5.33068e-03  2.75659e-03  1.33300e-20  3.47944e+00  2.19960e-04  3.59354e+02  3.60050e+02  4.33559e+00  4.37769e+00  6.76508e-02  5.94190e+01  1.58446e+02  1.79951e+05 -3.12855e+05  8.68833e+02  0.00000e+00 -1.32035e+05  9.12519e+04 -4.07832e+04  6.76256e-02  1.00000e+00 -5.95477e+01  0.00000e+00  9.29870e-01 
 5.45775e-03  2.99495e-03  1.25651e-20  3.47944e+00  2.34237e-04  3.59376e+02  3.60050e+02  4.32414e+00  4.36891e+00  7.48023e-02  5.90679e+01  1.48789e+02  2.06543e+05 -3.19028e+05  8.14771e+02  0.00000e+00 -1.11671e+05  7.70429e+04 -3.46278e+04  7.47760e-02  1.00000e+00 -5.91999e+01  0.00000e+00  1.02414e+00 
 5.59212e-03  3.23333e-03  0.00000e+00  3.47944e+00  2.49768e-04  3.59399e+02  3.60050e+02  4.31119e+00  4.35885e+00  8.27405e-02  5.84232e+01  1.39537e+02  2.29546e+05 -3.24891e+05  7.62797e+02  0.00000e+00 -9.45824e+04  6.46104e+04 -2.99720e+04  8.27133e-02  1.00000e+00 -5.85584e+01  0.00000e+00  1.13364e+00 
 5.73326e-03  3.47172e-03  0.00000e+00  3.47944e+00  2.66810e-04  3.59424e+02  3.60050e+02  4.29658e+00  4.34741e+00  9.14601e-02  5.73978e+01  1.30624e+02  2.48112e+05 -3.29595e+05  7.12769e+02  0.00000e+00 -8.07707e+04  5.37594e+04 -2.70114e+04  9.14333e-02  1.00000e+00 -5.75358e+01  0.00000e+00  1.26016e+00 
 5.88069e-03  3.71014e-03 -5.35987e-21  3.47944e+00  2.85528e-04  3.59450e+02  3.60050e+02  4.28012e+00  4.33431e+00  1.00913e-01  5.59077e+01  1.22062e+02  2.61773e+05 -3.32440e+05  6.64629e+02  0.00000e+00 -7.00020e+04  4.43514e+04 -2.56506e+04  1.00885e-01  1.00000e+00 -5.60480e+01  0.00000e+00  1.40566e+00 
 6.03395e-03  3.94857e-03  5.10973e-21  3.47944e+00  3.05969e-04  3.59478e+02  3.60050e+02  4.26163e+00  4.31941e+00  1.11139e-01  5.40176e+01  1.13907e+02  2.70491e+05 -3.33371e+05  6.18756e+02  0.00000e+00 -6.22612e+04  3.63135e+04 -2.59476e+04  1.11109e-01  1.00000e+00 -5.41595e+01  0.00000e+00  1.57263e+00 
 6.19261e-03  4.18701e-03  0.00000e+00  3.47944e+00  3.28021e-04  3.59506e+02  3.60050e+02  4.24090e+00  4.30237e+00  1.22079e-01  5.17546e+01  1.06249e+02  2.74630e+05 -3.32309e+05  5.75400e+02  0.00000e+00 -5.71039e+04  2.95486e+04 -2.75554e+04  1.22046e-01  1.00000e+00 -5.18976e+01  0.00000e+00  1.76374e+00 
 6.35626e-03  4.42546e-03  0.00000e+00  3.47944e+00  3.51348e-04  3.59536e+02  3.60050e+02  4.21776e+00  4.28299e+00  1.33584e-01  4.91915e+01  9.91953e+01  2.74861e+05 -3.29305e+05  5.35341e+02  0.00000e+00 -5.39090e+04  2.39652e+04 -2.99438e+04  1.33551e-01  1.00000e+00 -4.93350e+01  0.00000e+00  1.98078e+00 
 6.52453e-03  4.66392e-03 -8.96437e-21  3.47944e+00  3.75389e-04  3.59566e+02  3.60050e+02  4.19225e+00  4.26088e+00  1.45472e-01  4.63975e+01  9.28428e+01  2.72287e+05 -3.24754e+05  4.98869e+02  0.00000e+00 -5.19686e+04  1.94299e+04 -3.25387e+04  1.45442e-01  1.00000e+00 -4.65411e+01  0.00000e+00  2.22678e+00 
 6.69707e-03  4.90238e-03  1.72236e-20  3.47944e+00  3.99405e-04  3.59597e+02  3.60050e+02  4.16457e+00  4.23428e+00  1.57631e-01  4.32436e+01  8.72603e+01  2.68095e+05 -3.19418e+05  4.66560e+02  0.00000e+00 -5.08568e+04  1.57101e+04 -3.51468e+04  1.57602e-01  1.00000e+00 -4.33865e+01  0.00000e+00  2.50500e+00 
 6.87356e-03  5.14086e-03  8.28595e-21  3.47944e+00  4.22525e-04  3.59629e+02  3.60051e+02  4.13441e+00  4.20334e+00  1.69825e-01  4.00543e+01  8.24858e+01  2.63572e+05 -3.13963e+05  4.38223e+02  0.00000e+00 -4.99530e+04  1.27703e+04 -3.71827e+04  1.69794e-01  1.00000e+00 -4.01965e+01  0.00000e+00  2.82088e+00 
 7.05370e-03  5.37934e-03 -1.59677e-20  3.47944e+00  4.43900e-04  3.59661e+02  3.60051e+02  4.10108e+00  4.16896e+00  1.82127e-01  3.70365e+01  7.85140e+01  2.59554e+05 -3.09484e+05  4.14213e+02  0.00000e+00 -4.95149e+04  1.04832e+04 -3.90317e+04  1.82095e-01  1.00000e+00 -3.71788e+01  0.00000e+00  3.17782e+00 
 7.23722e-03  5.61783e-03  0.00000e+00  3.47944e+00  4.62713e-04  3.59695e+02  3.60051e+02  4.06451e+00  4.13132e+00  1.94241e-01  3.41559e+01  7.53221e+01  2.56959e+05 -3.06413e+05  3.94124e+02  0.00000e+00 -4.90591e+04  8.69919e+03 -4.03599e+04  1.94208e-01  1.00000e+00 -3.42992e+01  0.00000e+00  3.58282e+00 
 7.42387e-03  5.85632e-03  0.00000e+00  3.47944e+00  4.78413e-04  3.59729e+02  3.60051e+02  4.02442e+00  4.09020e+00  2.06279e-01  3.14056e+01  7.28504e+01  2.56136e+05 -3.05537e+05  3.77837e+02  0.00000e+00 -4.90228e+04  7.28775e+03 -4.17351e+04  2.06244e-01  1.00000e+00 -3.15511e+01  0.00000e+00  4.03997e+00 
 7.61342e-03  6.09482e-03  0.00000e+00  3.47944e+00  4.90550e-04  3.59764e+02  3.60051e+02  3.98086e+00  4.04562e+00  2.17978e-01  2.86977e+01  7.10482e+01  2.57671e+05 -3.07125e+05  3.64781e+02  0.00000e+00 -4.90896e+04  6.14937e+03 -4.29402e+04  2.17940e-01  1.00000e+00 -2.88466e+01  0.00000e+00  4.56083e+00 
 7.80566e-03  6.33332e-03  0.00000e+00  3.47944e+00  4.99013e-04  3.59800e+02  3.60051e+02  3.93324e+00  3.99703e+00  2.29506e-01  2.59693e+01  6.98435e+01  2.61616e+05 -3.11756e+05  3.54698e+02  0.00000e+00 -4.97855e+04  5.19924e+03 -4.45862e+04  2.29466e-01  1.00000e+00 -2.61228e+01  0.00000e+00  5.15212e+00 
 8.00039e-03  6.57182e-03  0.00000e+00  3.47944e+00  5.03659e-04  3.59837e+02  3.60051e+02  3.88179e+00  3.94462e+00  2.40593e-01  2.31044e+01  6.91995e+01  2.68543e+05 -3.19664e+05  3.47069e+02  0.00000e+00 -5.07739e+04  4.37612e+03 -4.63978e+04  2.40549e-01  1.00000e+00 -2.32640e+01  0.00000e+00  5.83415e+00 
 8.19744e-03  6.81033e-03  1.31016e-20  3.47944e+00  5.04663e-04  3.59875e+02  3.60051e+02  3.82520e+00  3.88714e+00  2.51478e-01  1.99980e+01  6.90622e+01  2.78481e+05 -3.31501e+05  3.41702e+02  0.00000e+00 -5.26784e+04  3.62178e+03 -4.90566e+04  2.51432e-01  1.00000e+00 -2.01652e+01  0.00000e+00  6.61964e+00 
 8.39664e-03  7.04884e-03  0.00000e+00  3.47944e+00  5.01987e-04  3.59915e+02  3.60052e+02  3.76438e+00  3.82543e+00  2.61972e-01  1.65024e+01  6.94306e+01  2.92279e+05 -3.47899e+05  3.38286e+02  0.00000e+00 -5.52821e+04  2.89094e+03 -5.23911e+04  2.61922e-01  1.00000e+00 -1.66789e+01  0.00000e+00  7.54572e+00 
 8.59784e-03  7.28736e-03  0.00000e+00  3.47944e+00  4.95887e-04  3.59956e+02  3.60052e+02  3.69602e+00  3.75626e+00  2.72300e-01  1.24298e+01  7.02851e+01  3.10285e+05 -3.69870e+05  3.36460e+02  0.00000e+00 -5.92478e+04  2.12992e+03 -5.71179e+04  2.72247e-01  1.00000e+00 -1.26175e+01  0.00000e+00  8.64103e+00 
 8.80092e-03  7.52587e-03  0.00000e+00  3.47944e+00  4.86233e-04  3.60000e+02  3.60052e+02  3.62365e+00  3.68315e+00  2.82211e-01  7.52626e+00  7.16810e+01  3.34245e+05 -3.98780e+05  3.36234e+02  0.00000e+00 -6.41991e+04  1.28369e+03 -6.29154e+04  2.82152e-01  1.00000e+00 -7.72771e+00  0.00000e+00  9.98553e+00 
 9.00573e-03  7.76439e-03 -1.17014e-20  3.47944e+00  4.73312e-04  3.60046e+02  3.60052e+02  3.53777e+00  3.59659e+00  2.92163e-01  1.40676e+00  7.36382e+01  3.64952e+05 -4.36953e+05  3.37584e+02  0.00000e+00 -7.16639e+04  2.67850e+02 -7.13960e+04  2.92099e-01  1.00000e+00 -1.62492e+00  0.00000e+00  1.16339e+01 
 9.21216e-03  8.00291e-03  0.00000e+00  3.47944e+00  4.56815e-04  3.60097e+02  3.60053e+02  3.45007e+00  3.50821e+00  3.01831e-01 -1.49159e+01  7.62979e+01  4.06574e+05 -4.87420e+05  3.40548e+02  0.00000e+00 -8.05050e+04 -2.37730e+03 -8.28823e+04  3.01759e-01  1.00000e+00  1.43790e+01  0.00000e+00  1.38049e+01 
 9.42012e-03  8.24144e-03  0.00000e+00  3.47944e+00  4.36696e-04  3.60155e+02  3.60053e+02  3.33495e+00  3.39258e+00  3.11730e-01 -3.96351e+01  7.98136e+01  4.62133e+05 -5.56385e+05  3.44753e+02  0.00000e+00 -9.39076e+04 -6.53778e+03 -1.00445e+05  3.11653e-01  1.00000e+00  3.90412e+01  0.00000e+00  1.66526e+01 
 9.62949e-03  8.47996e-03  0.00000e+00  3.47944e+00  4.11792e-04  3.60224e+02  3.60054e+02  3.22067e+00  3.27646e+00  3.21613e-01 -7.60500e+01  8.46412e+01  5.43916e+05 -6.55104e+05  3.52221e+02  0.00000e+00 -1.10837e+05 -1.29758e+04 -1.23812e+05  3.21520e-01  1.00000e+00  7.53809e+01  0.00000e+00  2.08428e+01 
 9.84019e-03  8.71849e-03  0.00000e+00  3.47944e+00  3.82131e-04  3.60313e+02  3.60054e+02  3.04891e+00  3.10185e+00  3.31903e-01 -1.34658e+02  9.12120e+01  6.65113e+05 -8.02227e+05  3.60020e+02  0.00000e+00 -1.36753e+05 -2.40667e+04 -1.60820e+05  3.31803e-01  1.00000e+00  1.33889e+02  0.00000e+00  2.71004e+01 
 1.00521e-02  8.95702e-03  0.00000e+00  3.47944e+00  3.46072e-04  3.60443e+02  3.60055e+02  2.87926e+00  2.92729e+00  3.42418e-01 -2.43289e+02  1.00717e+02  8.76056e+05 -1.03267e+06  3.71406e+02  0.00000e+00 -1.56245e+05 -4.66314e+04 -2.02876e+05  3.42323e-01  1.00000e+00  2.42376e+02  0.00000e+00  3.88438e+01 
 1.02653e-02  9.19555e-03  0.00000e+00  3.47944e+00  3.05145e-04  3.60674e+02  3.60055e+02  2.56876e+00  2.61087e+00  3.54737e-01 -4.86358e+02  1.14226e+02  1.26883e+06 -1.38561e+06  3.72006e+02  0.00000e+00 -1.16417e+05 -1.02201e+05 -2.18617e+05  3.54642e-01  1.00000e+00  4.85232e+02  0.00000e+00  6.46554e+01 
 1.04795e-02  9.43408e-03  0.00000e+00  3.47944e+00  2.65585e-04  3.61264e+02  3.60056e+02  2.12182e+00  2.15098e+00  3.69520e-01 -4.42986e+03  1.31243e+02  2.07563e+06 -1.70385e+06  3.64283e+02  1.41152e+06  1.78366e+06 -1.78781e+06 -4.14975e+03  3.69403e-01  1.00000e+00  4.42844e+03  3.20421e+03  1.64782e+02 
