# Code_Saturne plot output (1D profile)
#
# Iteration output: 5508
# Time output:      2.30037e+01
#
#COLUMN_TITLES: Distance | X | Y | Z | diameter_Field2 | temp_Field1 | temp_Field2 | Velocity_Field1[Z] | Velocity_Field2[Z] | vol_f_Field2 | mass_trans_Field1 | Xd_Field2 | BK | COAL | COMP | NUCL | W1 | MT | SMBR | ALPBB | CONDNUM | GAMA | GAMANUC | epsilon_Field1
 4.56474e-03  1.39645e-04  0.00000e+00  3.47944e+00  6.64273e-04  3.60202e+02  3.60087e+02  6.93830e+00  7.06328e+00  5.44885e-01 -2.47412e+01  5.23699e+01  3.39674e+05 -3.80316e+05  7.90829e+02  0.00000e+00 -3.98513e+04 -5.18696e+02 -4.03700e+04  5.44878e-01  1.00000e+00  2.47407e+01  0.00000e+00  4.85285e+00 
 4.57812e-03  3.76525e-04  4.25872e-21  3.47944e+00  6.63512e-04  3.60202e+02  3.60087e+02  6.93717e+00  7.06251e+00  5.44993e-01 -2.47693e+01  5.24300e+01  3.40935e+05 -3.81350e+05  7.91691e+02  0.00000e+00 -3.96239e+04 -5.19777e+02 -4.01437e+04  5.44986e-01  1.00000e+00  2.47688e+01  0.00000e+00  4.87975e+00 
 4.60371e-03  6.13858e-04  0.00000e+00  3.47944e+00  6.61769e-04  3.60201e+02  3.60087e+02  6.93330e+00  7.05828e+00  5.45210e-01 -2.48083e+01  5.25681e+01  3.43582e+05 -3.83813e+05  7.93408e+02  0.00000e+00 -3.94373e+04 -5.21759e+02 -3.99591e+04  5.45203e-01  1.00000e+00  2.48077e+01  0.00000e+00  4.93190e+00 
 4.64138e-03  8.51483e-04  0.00000e+00  3.47944e+00  6.59139e-04  3.60201e+02  3.60087e+02  6.92776e+00  7.05203e+00  5.45536e-01 -2.48634e+01  5.27778e+01  3.47567e+05 -3.87587e+05  7.96017e+02  0.00000e+00 -3.92244e+04 -5.24691e+02 -3.97491e+04  5.45530e-01  1.00000e+00  2.48629e+01  0.00000e+00  5.00966e+00 
 4.69084e-03  1.08931e-03  0.00000e+00  3.47944e+00  6.55607e-04  3.60200e+02  3.60087e+02  6.92027e+00  7.04357e+00  5.45968e-01 -2.49386e+01  5.30621e+01  3.52955e+05 -3.92753e+05  7.99532e+02  0.00000e+00 -3.89984e+04 -5.28694e+02 -3.95271e+04  5.45962e-01  1.00000e+00  2.49381e+01  0.00000e+00  5.11412e+00 
 4.75174e-03  1.32727e-03  1.05001e-20  3.47944e+00  6.51212e-04  3.60200e+02  3.60087e+02  6.91091e+00  7.03301e+00  5.46510e-01 -2.50337e+01  5.34202e+01  3.59765e+05 -3.99330e+05  8.03943e+02  0.00000e+00 -3.87609e+04 -5.33759e+02 -3.92946e+04  5.46505e-01  1.00000e+00  2.50331e+01  0.00000e+00  5.24616e+00 
 4.82366e-03  1.56534e-03  0.00000e+00  3.47944e+00  6.45958e-04  3.60199e+02  3.60087e+02  6.89966e+00  7.02030e+00  5.47153e-01 -2.51489e+01  5.38548e+01  3.68078e+05 -4.07405e+05  8.09276e+02  0.00000e+00 -3.85183e+04 -5.39943e+02 -3.90583e+04  5.47147e-01  1.00000e+00  2.51483e+01  0.00000e+00  5.40712e+00 
 4.90611e-03  1.80349e-03  8.81027e-21  3.47944e+00  6.39870e-04  3.60198e+02  3.60087e+02  6.88650e+00  7.00544e+00  5.47895e-01 -2.52846e+01  5.43673e+01  3.77961e+05 -4.17064e+05  8.15540e+02  0.00000e+00 -3.82871e+04 -5.47280e+02 -3.88344e+04  5.47890e-01  1.00000e+00  2.52840e+01  0.00000e+00  5.59852e+00 
 4.99859e-03  2.04170e-03  0.00000e+00  3.47944e+00  6.32975e-04  3.60197e+02  3.60087e+02  6.87136e+00  6.98837e+00  5.48732e-01 -2.54410e+01  5.49596e+01  3.89504e+05 -4.28406e+05  8.22742e+02  0.00000e+00 -3.80795e+04 -5.55813e+02 -3.86353e+04  5.48728e-01  1.00000e+00  2.54404e+01  0.00000e+00  5.82222e+00 
 5.10055e-03  2.27996e-03  7.58893e-21  3.47944e+00  6.25315e-04  3.60196e+02  3.60087e+02  6.85419e+00  6.96907e+00  5.49663e-01 -2.56185e+01  5.56329e+01  4.02797e+05 -4.41533e+05  8.30880e+02  0.00000e+00 -3.79058e+04 -5.65588e+02 -3.84714e+04  5.49659e-01  1.00000e+00  2.56179e+01  0.00000e+00  6.08035e+00 
 5.21143e-03  2.51826e-03  7.09702e-21  3.47944e+00  6.16935e-04  3.60195e+02  3.60087e+02  6.83497e+00  6.94751e+00  5.50685e-01 -2.58164e+01  5.63886e+01  4.17947e+05 -4.56563e+05  8.39956e+02  0.00000e+00 -3.77759e+04 -5.76625e+02 -3.83526e+04  5.50681e-01  1.00000e+00  2.58157e+01  0.00000e+00  6.37543e+00 
 5.33068e-03  2.75659e-03  1.33300e-20  3.47944e+00  6.07893e-04  3.60194e+02  3.60087e+02  6.81359e+00  6.92361e+00  5.51792e-01 -2.60342e+01  5.72275e+01  4.35072e+05 -4.73609e+05  8.49946e+02  0.00000e+00 -3.76869e+04 -5.88957e+02 -3.82758e+04  5.51789e-01  1.00000e+00  2.60335e+01  0.00000e+00  6.71041e+00 
 5.45775e-03  2.99495e-03  1.25651e-20  3.47944e+00  5.98248e-04  3.60193e+02  3.60087e+02  6.78999e+00  6.89732e+00  5.52981e-01 -2.62714e+01  5.81503e+01  4.54298e+05 -4.92802e+05  8.60834e+02  0.00000e+00 -3.76430e+04 -6.02608e+02 -3.82457e+04  5.52978e-01  1.00000e+00  2.62708e+01  0.00000e+00  7.08844e+00 
 5.59212e-03  3.23333e-03  0.00000e+00  3.47944e+00  5.88058e-04  3.60191e+02  3.60087e+02  6.76409e+00  6.86859e+00  5.54248e-01 -2.65275e+01  5.91581e+01  4.75780e+05 -5.14293e+05  8.72602e+02  0.00000e+00 -3.76403e+04 -6.17612e+02 -3.82579e+04  5.54245e-01  1.00000e+00  2.65268e+01  0.00000e+00  7.51349e+00 
 5.73326e-03  3.47172e-03  0.00000e+00  3.47944e+00  5.77386e-04  3.60190e+02  3.60087e+02  6.73577e+00  6.83733e+00  5.55585e-01 -2.68020e+01  6.02518e+01  4.99678e+05 -5.38241e+05  8.85224e+02  0.00000e+00 -3.76783e+04 -6.34008e+02 -3.83123e+04  5.55583e-01  1.00000e+00  2.68013e+01  0.00000e+00  7.98959e+00 
 5.88069e-03  3.71014e-03 -5.35987e-21  3.47944e+00  5.66281e-04  3.60188e+02  3.60088e+02  6.70498e+00  6.80349e+00  5.56990e-01 -2.70950e+01  6.14336e+01  5.26205e+05 -5.64856e+05  8.98695e+02  0.00000e+00 -3.77516e+04 -6.51863e+02 -3.84035e+04  5.56987e-01  1.00000e+00  2.70943e+01  0.00000e+00  8.52206e+00 
 6.03395e-03  3.94857e-03  5.10973e-21  3.47944e+00  5.54798e-04  3.60186e+02  3.60088e+02  6.67154e+00  6.76693e+00  5.58454e-01 -2.74067e+01  6.27053e+01  5.55575e+05 -5.94361e+05  9.12984e+02  0.00000e+00 -3.78727e+04 -6.71246e+02 -3.85439e+04  5.58451e-01  1.00000e+00  2.74060e+01  0.00000e+00  9.11602e+00 
 6.19261e-03  4.18701e-03  0.00000e+00  3.47944e+00  5.42974e-04  3.60185e+02  3.60088e+02  6.63539e+00  6.72760e+00  5.59975e-01 -2.77390e+01  6.40711e+01  5.88088e+05 -6.27053e+05  9.28104e+02  0.00000e+00 -3.80361e+04 -6.92296e+02 -3.87284e+04  5.59972e-01  1.00000e+00  2.77382e+01  0.00000e+00  9.77887e+00 
 6.35626e-03  4.42546e-03  0.00000e+00  3.47944e+00  5.30851e-04  3.60183e+02  3.60088e+02  6.59635e+00  6.68532e+00  5.61545e-01 -2.80934e+01  6.55346e+01  6.24035e+05 -6.63261e+05  9.44043e+02  0.00000e+00 -3.82826e+04 -7.15151e+02 -3.89977e+04  5.61542e-01  1.00000e+00  2.80926e+01  0.00000e+00  1.05171e+01 
 6.52453e-03  4.66392e-03 -8.96437e-21  3.47944e+00  5.18449e-04  3.60181e+02  3.60089e+02  6.55432e+00  6.64002e+00  5.63176e-01 -2.84743e+01  6.71026e+01  6.63843e+05 -7.03429e+05  9.60824e+02  0.00000e+00 -3.86254e+04 -7.40043e+02 -3.93654e+04  5.63173e-01  1.00000e+00  2.84735e+01  0.00000e+00  1.13416e+01 
 6.69707e-03  4.90238e-03  1.72236e-20  3.47944e+00  5.05806e-04  3.60179e+02  3.60089e+02  6.50900e+00  6.59139e+00  5.64858e-01 -2.88864e+01  6.87804e+01  7.07890e+05 -7.48024e+05  9.78433e+02  0.00000e+00 -3.91553e+04 -7.67233e+02 -3.99225e+04  5.64855e-01  1.00000e+00  2.88856e+01  0.00000e+00  1.22605e+01 
 6.87356e-03  5.14086e-03  8.28595e-21  3.47944e+00  4.92920e-04  3.60178e+02  3.60089e+02  6.46043e+00  6.53949e+00  5.66616e-01 -2.93386e+01  7.05789e+01  7.56824e+05 -7.97700e+05  9.96952e+02  0.00000e+00 -3.98788e+04 -7.97138e+02 -4.06760e+04  5.66613e-01  1.00000e+00  2.93378e+01  0.00000e+00  1.32912e+01 
 7.05370e-03  5.37934e-03 -1.59677e-20  3.47944e+00  4.79822e-04  3.60176e+02  3.60089e+02  6.40797e+00  6.48368e+00  5.68421e-01 -2.98408e+01  7.25060e+01  8.11189e+05 -8.53130e+05  1.01634e+03  0.00000e+00 -4.09250e+04 -8.30275e+02 -4.17553e+04  5.68418e-01  1.00000e+00  2.98400e+01  0.00000e+00  1.44436e+01 
 7.23722e-03  5.61783e-03  0.00000e+00  3.47944e+00  4.66486e-04  3.60174e+02  3.60090e+02  6.35199e+00  6.42432e+00  5.70309e-01 -3.04105e+01  7.45793e+01  8.72031e+05 -9.15323e+05  1.03677e+03  0.00000e+00 -4.22557e+04 -8.67441e+02 -4.31231e+04  5.70306e-01  1.00000e+00  3.04096e+01  0.00000e+00  1.57465e+01 
 7.42387e-03  5.85632e-03  0.00000e+00  3.47944e+00  4.52941e-04  3.60173e+02  3.60090e+02  6.29115e+00  6.36008e+00  5.72226e-01 -3.10692e+01  7.68102e+01  9.40134e+05 -9.85280e+05  1.05811e+03  0.00000e+00 -4.40879e+04 -9.09678e+02 -4.49975e+04  5.72223e-01  1.00000e+00  3.10683e+01  0.00000e+00  1.72121e+01 
 7.61342e-03  6.09482e-03  0.00000e+00  3.47944e+00  4.39121e-04  3.60171e+02  3.60091e+02  6.22670e+00  6.29221e+00  5.74241e-01 -3.18510e+01  7.92283e+01  1.01726e+06 -1.06466e+06  1.08078e+03  0.00000e+00 -4.63173e+04 -9.58552e+02 -4.72759e+04  5.74238e-01  1.00000e+00  3.18501e+01  0.00000e+00  1.88906e+01 
 7.80566e-03  6.33332e-03  0.00000e+00  3.47944e+00  4.25060e-04  3.60170e+02  3.60091e+02  6.15547e+00  6.21752e+00  5.76261e-01 -3.28036e+01  8.18499e+01  1.10460e+06 -1.15504e+06  1.10440e+03  0.00000e+00 -4.93417e+04 -1.01631e+03 -5.03580e+04  5.76259e-01  1.00000e+00  3.28026e+01  0.00000e+00  2.07964e+01 
 8.00039e-03  6.57182e-03  0.00000e+00  3.47944e+00  4.10631e-04  3.60168e+02  3.60092e+02  6.08136e+00  6.13995e+00  5.78409e-01 -3.39960e+01  8.47269e+01  1.20529e+06 -1.25937e+06  1.12996e+03  0.00000e+00 -5.29428e+04 -1.08622e+03 -5.40291e+04  5.78408e-01  1.00000e+00  3.39950e+01  0.00000e+00  2.30222e+01 
 8.19744e-03  6.81033e-03  1.31016e-20  3.47944e+00  3.95887e-04  3.60168e+02  3.60092e+02  5.99618e+00  6.05121e+00  5.80534e-01 -3.55403e+01  8.78832e+01  1.32125e+06 -1.38032e+06  1.15631e+03  0.00000e+00 -5.79176e+04 -1.17355e+03 -5.90912e+04  5.80533e-01  1.00000e+00  3.55392e+01  0.00000e+00  2.55841e+01 
 8.39664e-03  7.04884e-03  0.00000e+00  3.47944e+00  3.80591e-04  3.60167e+02  3.60093e+02  5.91136e+00  5.96286e+00  5.82835e-01 -3.75871e+01  9.14164e+01  1.45868e+06 -1.52361e+06  1.18611e+03  0.00000e+00 -6.37391e+04 -1.28595e+03 -6.50251e+04  5.82834e-01  1.00000e+00  3.75860e+01  0.00000e+00  2.86669e+01 
 8.59784e-03  7.28736e-03  0.00000e+00  3.47944e+00  3.64856e-04  3.60167e+02  3.60093e+02  5.80552e+00  5.85330e+00  5.85092e-01 -4.04240e+01  9.53602e+01  1.62072e+06 -1.69417e+06  1.21585e+03  0.00000e+00 -7.22335e+04 -1.43710e+03 -7.36706e+04  5.85090e-01  1.00000e+00  4.04228e+01  0.00000e+00  3.22875e+01 
 8.80092e-03  7.52587e-03  0.00000e+00  3.47944e+00  3.48217e-04  3.60168e+02  3.60094e+02  5.70929e+00  5.75346e+00  5.87602e-01 -4.44371e+01  9.99179e+01  1.82121e+06 -1.90462e+06  1.25276e+03  0.00000e+00 -8.21575e+04 -1.64822e+03 -8.38057e+04  5.87599e-01  1.00000e+00  4.44359e+01  0.00000e+00  3.68493e+01 
 9.00573e-03  7.76439e-03 -1.17014e-20  3.47944e+00  3.30926e-04  3.60170e+02  3.60095e+02  5.57037e+00  5.61054e+00  5.90061e-01 -5.04573e+01  1.05140e+02  2.06625e+06 -2.16534e+06  1.28683e+03  0.00000e+00 -9.78096e+04 -1.96113e+03 -9.97708e+04  5.90058e-01  1.00000e+00  5.04560e+01  0.00000e+00  4.23836e+01 
 9.21216e-03  8.00291e-03  0.00000e+00  3.47944e+00  3.12068e-04  3.60174e+02  3.60095e+02  5.46096e+00  5.49744e+00  5.92889e-01 -5.97706e+01  1.11495e+02  2.39101e+06 -2.50905e+06  1.33698e+03  0.00000e+00 -1.16707e+05 -2.45181e+03 -1.19159e+05  5.92885e-01  1.00000e+00  5.97693e+01  0.00000e+00  4.98740e+01 
 9.42012e-03  8.24144e-03  0.00000e+00  3.47944e+00  2.92101e-04  3.60181e+02  3.60097e+02  5.26701e+00  5.29905e+00  5.95696e-01 -7.53333e+01  1.19119e+02  2.81409e+06 -2.96497e+06  1.37795e+03  0.00000e+00 -1.49505e+05 -3.28594e+03 -1.52790e+05  5.95694e-01  1.00000e+00  7.53318e+01  0.00000e+00  5.95367e+01 
 9.62949e-03  8.47996e-03  0.00000e+00  3.47944e+00  2.69286e-04  3.60193e+02  3.60097e+02  5.13402e+00  5.16234e+00  5.99071e-01 -1.03297e+02  1.29213e+02  3.44258e+06 -3.63744e+06  1.45459e+03  0.00000e+00 -1.93397e+05 -4.85998e+03 -1.98257e+05  5.99072e-01  1.00000e+00  1.03295e+02  0.00000e+00  7.42330e+01 
 9.84019e-03  8.71849e-03  0.00000e+00  3.47944e+00  2.44101e-04  3.60218e+02  3.60099e+02  4.84251e+00  4.86589e+00  6.02420e-01 -1.59909e+02  1.42548e+02  4.38155e+06 -4.66245e+06  1.51289e+03  0.00000e+00 -2.79388e+05 -8.25365e+03 -2.87641e+05  6.02428e-01  1.00000e+00  1.59907e+02  0.00000e+00  9.59200e+01 
 1.00521e-02  8.95702e-03  0.00000e+00  3.47944e+00  2.13138e-04  3.60268e+02  3.60100e+02  4.63629e+00  4.65608e+00  6.06511e-01 -2.98534e+02  1.63259e+02  6.13334e+06 -6.55459e+06  1.64929e+03  0.00000e+00 -4.19596e+05 -1.75278e+04 -4.37124e+05  6.06532e-01  1.00000e+00  2.98532e+02  0.00000e+00  1.37354e+02 
 1.02653e-02  9.19555e-03  0.00000e+00  3.47944e+00  1.76099e-04  3.60399e+02  3.60102e+02  4.11901e+00  4.13332e+00  6.10429e-01 -7.53366e+02  1.97605e+02  9.87066e+06 -1.05733e+07  1.76391e+03  0.00000e+00 -7.00851e+05 -5.31942e+04 -7.54045e+05  6.10445e-01  1.00000e+00  7.53364e+02  0.00000e+00  2.26384e+02 
 1.04795e-02  9.43408e-03  0.00000e+00  3.47944e+00  1.31575e-04  3.60922e+02  3.60103e+02  3.51285e+00  3.51983e+00  6.17421e-01 -7.40348e+03  2.64481e+02  2.16619e+07 -2.08643e+07  2.06293e+03  9.96819e+05  1.79648e+06 -1.83726e+06 -4.07830e+04  6.17426e-01  1.00000e+00  7.40348e+03  4.01156e+03  5.72196e+02 
