# Code_Saturne plot output (1D profile)
#
# Iteration output: 9402
# Time output:      2.30020e+01
#
#COLUMN_TITLES: Distance | X | Y | Z | diameter_Field2 | temp_Field1 | temp_Field2 | Velocity_Field1[Z] | Velocity_Field2[Z] | vol_f_Field2 | mass_trans_Field1 | Xd_Field2 | BK | COAL | COMP | NUCL | W1 | MT | SMBR | ALPBB | CONDNUM | GAMA | GAMANUC | epsilon_Field1
 4.56474e-03  1.39645e-04  0.00000e+00  3.47944e+00  7.51546e-04  3.60270e+02  3.60116e+02  8.08540e+00  8.22472e+00  6.38733e-01 -3.11645e+01  4.62236e+01  1.71558e+05 -1.81539e+05  1.10554e+03  0.00000e+00 -8.87545e+03 -1.13938e+03 -1.00148e+04  6.38736e-01  1.00000e+00  3.11691e+01  0.00000e+00  8.16097e+00 
 4.57812e-03  3.76525e-04  4.25872e-21  3.47944e+00  7.50704e-04  3.60270e+02  3.60116e+02  8.08429e+00  8.22408e+00  6.38819e-01 -3.11983e+01  4.62754e+01  1.72143e+05 -1.81909e+05  1.10676e+03  0.00000e+00 -8.65940e+03 -1.14174e+03 -9.80114e+03  6.38822e-01  1.00000e+00  3.12030e+01  0.00000e+00  8.20210e+00 
 4.60371e-03  6.13858e-04  0.00000e+00  3.47944e+00  7.48421e-04  3.60270e+02  3.60116e+02  8.07999e+00  8.21945e+00  6.38983e-01 -3.12532e+01  4.64165e+01  1.73518e+05 -1.83188e+05  1.10968e+03  0.00000e+00 -8.56061e+03 -1.14694e+03 -9.70755e+03  6.38986e-01  1.00000e+00  3.12579e+01  0.00000e+00  8.28237e+00 
 4.64138e-03  8.51483e-04  0.00000e+00  3.47944e+00  7.44837e-04  3.60269e+02  3.60116e+02  8.07395e+00  8.21270e+00  6.39232e-01 -3.13368e+01  4.66399e+01  1.75649e+05 -1.85292e+05  1.11432e+03  0.00000e+00 -8.52930e+03 -1.15509e+03 -9.68440e+03  6.39235e-01  1.00000e+00  3.13415e+01  0.00000e+00  8.40235e+00 
 4.69084e-03  1.08931e-03  0.00000e+00  3.47944e+00  7.40000e-04  3.60269e+02  3.60116e+02  8.06573e+00  8.20345e+00  6.39564e-01 -3.14512e+01  4.69448e+01  1.78552e+05 -1.88223e+05  1.12062e+03  0.00000e+00 -8.54976e+03 -1.16629e+03 -9.71605e+03  6.39567e-01  1.00000e+00  3.14559e+01  0.00000e+00  8.56373e+00 
 4.75174e-03  1.32727e-03  1.05001e-20  3.47944e+00  7.33967e-04  3.60268e+02  3.60116e+02  8.05549e+00  8.19189e+00  6.39985e-01 -3.15957e+01  4.73307e+01  1.82244e+05 -1.91996e+05  1.12859e+03  0.00000e+00 -8.62273e+03 -1.18050e+03 -9.80323e+03  6.39987e-01  1.00000e+00  3.16004e+01  0.00000e+00  8.76805e+00 
 4.82366e-03  1.56534e-03  0.00000e+00  3.47944e+00  7.26771e-04  3.60267e+02  3.60116e+02  8.04313e+00  8.17795e+00  6.40486e-01 -3.17702e+01  4.77993e+01  1.86768e+05 -1.96660e+05  1.13823e+03  0.00000e+00 -8.75348e+03 -1.19784e+03 -9.95132e+03  6.40489e-01  1.00000e+00  3.17751e+01  0.00000e+00  9.01752e+00 
 4.90611e-03  1.80349e-03  8.81027e-21  3.47944e+00  7.18470e-04  3.60266e+02  3.60116e+02  8.02867e+00  8.16162e+00  6.41077e-01 -3.19745e+01  4.83517e+01  1.92162e+05 -2.02265e+05  1.14956e+03  0.00000e+00 -8.95423e+03 -1.21835e+03 -1.01726e+04  6.41079e-01  1.00000e+00  3.19794e+01  0.00000e+00  9.31479e+00 
 4.99859e-03  2.04170e-03  0.00000e+00  3.47944e+00  7.09126e-04  3.60265e+02  3.60116e+02  8.01203e+00  8.14288e+00  6.41749e-01 -3.22077e+01  4.89889e+01  1.98478e+05 -2.08870e+05  1.16258e+03  0.00000e+00 -9.22922e+03 -1.24211e+03 -1.04713e+04  6.41750e-01  1.00000e+00  3.22127e+01  0.00000e+00  9.66292e+00 
 5.10055e-03  2.27996e-03  7.58893e-21  3.47944e+00  6.98820e-04  3.60263e+02  3.60116e+02  7.99313e+00  8.12163e+00  6.42511e-01 -3.24682e+01  4.97115e+01  2.05767e+05 -2.16531e+05  1.17725e+03  0.00000e+00 -9.58677e+03 -1.26912e+03 -1.08559e+04  6.42513e-01  1.00000e+00  3.24733e+01  0.00000e+00  1.00658e+01 
 5.21143e-03  2.51826e-03  7.09702e-21  3.47944e+00  6.87637e-04  3.60262e+02  3.60116e+02  7.97194e+00  8.09787e+00  6.43354e-01 -3.27549e+01  5.05200e+01  2.14092e+05 -2.25310e+05  1.19358e+03  0.00000e+00 -1.00250e+04 -1.29945e+03 -1.13244e+04  6.43355e-01  1.00000e+00  3.27601e+01  0.00000e+00  1.05275e+01 
 5.33068e-03  2.75659e-03  1.33300e-20  3.47944e+00  6.75677e-04  3.60260e+02  3.60117e+02  7.94836e+00  8.07151e+00  6.44293e-01 -3.30652e+01  5.14144e+01  2.23512e+05 -2.35273e+05  1.21149e+03  0.00000e+00 -1.05498e+04 -1.33304e+03 -1.18828e+04  6.44294e-01  1.00000e+00  3.30705e+01  0.00000e+00  1.10535e+01 
 5.45775e-03  2.99495e-03  1.25651e-20  3.47944e+00  6.63034e-04  3.60258e+02  3.60117e+02  7.92224e+00  8.04244e+00  6.45305e-01 -3.33974e+01  5.23950e+01  2.34112e+05 -2.46493e+05  1.23097e+03  0.00000e+00 -1.11494e+04 -1.36997e+03 -1.25193e+04  6.45306e-01  1.00000e+00  3.34029e+01  0.00000e+00  1.16488e+01 
 5.59212e-03  3.23333e-03  0.00000e+00  3.47944e+00  6.49807e-04  3.60256e+02  3.60117e+02  7.89356e+00  8.01065e+00  6.46417e-01 -3.37487e+01  5.34618e+01  2.45962e+05 -2.59046e+05  1.25195e+03  0.00000e+00 -1.18322e+04 -1.41013e+03 -1.32423e+04  6.46418e-01  1.00000e+00  3.37543e+01  0.00000e+00  1.23209e+01 
 5.73326e-03  3.47172e-03  0.00000e+00  3.47944e+00  6.36081e-04  3.60254e+02  3.60117e+02  7.86206e+00  7.97591e+00  6.47591e-01 -3.41180e+01  5.46157e+01  2.59177e+05 -2.73034e+05  1.27439e+03  0.00000e+00 -1.25825e+04 -1.45370e+03 -1.40362e+04  6.47592e-01  1.00000e+00  3.41238e+01  0.00000e+00  1.30759e+01 
 5.88069e-03  3.71014e-03 -5.35987e-21  3.47944e+00  6.21947e-04  3.60252e+02  3.60117e+02  7.82778e+00  7.93827e+00  6.48878e-01 -3.45025e+01  5.58571e+01  2.73835e+05 -2.88557e+05  1.29824e+03  0.00000e+00 -1.34237e+04 -1.50052e+03 -1.49242e+04  6.48878e-01  1.00000e+00  3.45084e+01  0.00000e+00  1.39241e+01 
 6.03395e-03  3.94857e-03  5.10973e-21  3.47944e+00  6.07470e-04  3.60250e+02  3.60118e+02  7.79033e+00  7.89737e+00  6.50209e-01 -3.49028e+01  5.71887e+01  2.90104e+05 -3.05759e+05  1.32346e+03  0.00000e+00 -1.43313e+04 -1.55094e+03 -1.58822e+04  6.50209e-01  1.00000e+00  3.49089e+01  0.00000e+00  1.48728e+01 
 6.19261e-03  4.18701e-03  0.00000e+00  3.47944e+00  5.92728e-04  3.60247e+02  3.60118e+02  7.74986e+00  7.85337e+00  6.51669e-01 -3.53159e+01  5.86113e+01  3.08074e+05 -3.24772e+05  1.35003e+03  0.00000e+00 -1.53479e+04 -1.60474e+03 -1.69527e+04  6.51669e-01  1.00000e+00  3.53222e+01  0.00000e+00  1.59366e+01 
 6.35626e-03  4.42546e-03  0.00000e+00  3.47944e+00  5.77760e-04  3.60245e+02  3.60118e+02  7.70574e+00  7.80565e+00  6.53146e-01 -3.57463e+01  6.01303e+01  3.27990e+05 -3.45807e+05  1.37789e+03  0.00000e+00 -1.64389e+04 -1.66264e+03 -1.81015e+04  6.53146e-01  1.00000e+00  3.57529e+01  0.00000e+00  1.71235e+01 
 6.52453e-03  4.66392e-03 -8.96437e-21  3.47944e+00  5.62634e-04  3.60243e+02  3.60119e+02  7.65841e+00  7.75468e+00  6.54775e-01 -3.61906e+01  6.17473e+01  3.49958e+05 -3.69040e+05  1.40709e+03  0.00000e+00 -1.76752e+04 -1.72428e+03 -1.93995e+04  6.54775e-01  1.00000e+00  3.61974e+01  0.00000e+00  1.84559e+01 
 6.69707e-03  4.90238e-03  1.72236e-20  3.47944e+00  5.47355e-04  3.60240e+02  3.60119e+02  7.60674e+00  7.69930e+00  6.56384e-01 -3.66606e+01  6.34715e+01  3.74346e+05 -3.94796e+05  1.43751e+03  0.00000e+00 -1.90124e+04 -1.79105e+03 -2.08035e+04  6.56384e-01  1.00000e+00  3.66676e+01  0.00000e+00  1.99418e+01 
 6.87356e-03  5.14086e-03  8.28595e-21  3.47944e+00  5.31983e-04  3.60238e+02  3.60119e+02  7.55177e+00  7.64061e+00  6.58181e-01 -3.71527e+01  6.53061e+01  4.01283e+05 -4.23308e+05  1.46937e+03  0.00000e+00 -2.05561e+04 -1.86247e+03 -2.24186e+04  6.58180e-01  1.00000e+00  3.71600e+01  0.00000e+00  2.16164e+01 
 7.05370e-03  5.37934e-03 -1.59677e-20  3.47944e+00  5.16487e-04  3.60235e+02  3.60120e+02  7.49134e+00  7.57641e+00  6.59910e-01 -3.76917e+01  6.72660e+01  4.31336e+05 -4.55100e+05  1.50238e+03  0.00000e+00 -2.22614e+04 -1.94111e+03 -2.42025e+04  6.59911e-01  1.00000e+00  3.76993e+01  0.00000e+00  2.34874e+01 
 7.23722e-03  5.61783e-03  0.00000e+00  3.47944e+00  5.00918e-04  3.60233e+02  3.60120e+02  7.42792e+00  7.50922e+00  6.61870e-01 -3.82746e+01  6.93575e+01  4.64700e+05 -4.90491e+05  1.53714e+03  0.00000e+00 -2.42537e+04 -2.02641e+03 -2.62801e+04  6.61870e-01  1.00000e+00  3.82825e+01  0.00000e+00  2.56127e+01 
 7.42387e-03  5.85632e-03  0.00000e+00  3.47944e+00  4.85206e-04  3.60230e+02  3.60121e+02  7.35691e+00  7.43438e+00  6.63700e-01 -3.89517e+01  7.16043e+01  5.02259e+05 -5.30355e+05  1.57290e+03  0.00000e+00 -2.65230e+04 -2.12320e+03 -2.86462e+04  6.63701e-01  1.00000e+00  3.89599e+01  0.00000e+00  2.79975e+01 
 7.61342e-03  6.09482e-03  0.00000e+00  3.47944e+00  4.69386e-04  3.60228e+02  3.60122e+02  7.28430e+00  7.35796e+00  6.65823e-01 -3.97213e+01  7.40184e+01  5.44363e+05 -5.75175e+05  1.61121e+03  0.00000e+00 -2.92015e+04 -2.23102e+03 -3.14325e+04  6.65823e-01  1.00000e+00  3.97299e+01  0.00000e+00  3.07424e+01 
 7.80566e-03  6.33332e-03  0.00000e+00  3.47944e+00  4.53357e-04  3.60226e+02  3.60122e+02  7.19965e+00  7.26939e+00  6.67722e-01 -4.06867e+01  7.66365e+01  5.92432e+05 -6.26435e+05  1.64998e+03  0.00000e+00 -3.23531e+04 -2.35936e+03 -3.47125e+04  6.67722e-01  1.00000e+00  4.06957e+01  0.00000e+00  3.38456e+01 
 8.00039e-03  6.57182e-03  0.00000e+00  3.47944e+00  4.37118e-04  3.60224e+02  3.60123e+02  7.11748e+00  7.18338e+00  6.70001e-01 -4.18520e+01  7.94847e+01  6.47212e+05 -6.84999e+05  1.69326e+03  0.00000e+00 -3.60933e+04 -2.50859e+03 -3.86018e+04  6.70001e-01  1.00000e+00  4.18614e+01  0.00000e+00  3.74913e+01 
 8.19744e-03  6.81033e-03  1.31016e-20  3.47944e+00  4.20557e-04  3.60222e+02  3.60124e+02  7.01378e+00  7.07562e+00  6.71951e-01 -4.34381e+01  8.26160e+01  7.10964e+05 -7.53431e+05  1.73533e+03  0.00000e+00 -4.07315e+04 -2.69838e+03 -4.34299e+04  6.71950e-01  1.00000e+00  4.34479e+01  0.00000e+00  4.16625e+01 
 8.39664e-03  7.04884e-03  0.00000e+00  3.47944e+00  4.03577e-04  3.60221e+02  3.60124e+02  6.92232e+00  6.98028e+00  6.74413e-01 -4.54788e+01  8.60933e+01  7.85553e+05 -8.33653e+05  1.78662e+03  0.00000e+00 -4.63136e+04 -2.93332e+03 -4.92469e+04  6.74411e-01  1.00000e+00  4.54892e+01  0.00000e+00  4.67184e+01 
 8.59784e-03  7.28736e-03  0.00000e+00  3.47944e+00  3.86114e-04  3.60220e+02  3.60125e+02  6.79016e+00  6.84381e+00  6.76455e-01 -4.84754e+01  8.99887e+01  8.74575e+05 -9.30247e+05  1.83217e+03  0.00000e+00 -5.38398e+04 -3.25819e+03 -5.70980e+04  6.76453e-01  1.00000e+00  4.84863e+01  0.00000e+00  5.26135e+01 
 8.80092e-03  7.52587e-03  0.00000e+00  3.47944e+00  3.67845e-04  3.60220e+02  3.60126e+02  6.69000e+00  6.73974e+00  6.79124e-01 -5.26214e+01  9.44596e+01  9.83407e+05 -1.04817e+06  1.89743e+03  0.00000e+00 -6.28685e+04 -3.69796e+03 -6.65665e+04  6.79123e-01  1.00000e+00  5.26330e+01  0.00000e+00  6.01002e+01 
 9.00573e-03  7.76439e-03 -1.17014e-20  3.47944e+00  3.48836e-04  3.60222e+02  3.60127e+02  6.51395e+00  6.55897e+00  6.81304e-01 -5.91846e+01  9.96090e+01  1.11826e+06 -1.19646e+06  1.94686e+03  0.00000e+00 -7.62464e+04 -4.37183e+03 -8.06182e+04  6.81303e-01  1.00000e+00  5.91969e+01  0.00000e+00  6.91249e+01 
 9.21216e-03  8.00291e-03  0.00000e+00  3.47944e+00  3.28326e-04  3.60226e+02  3.60128e+02  6.40313e+00  6.44423e+00  6.84241e-01 -6.92241e+01  1.05833e+02  1.29502e+06 -1.38978e+06  2.03722e+03  0.00000e+00 -9.27222e+04 -5.40952e+03 -9.81318e+04  6.84240e-01  1.00000e+00  6.92371e+01  0.00000e+00  8.14215e+01 
 9.42012e-03  8.24144e-03  0.00000e+00  3.47944e+00  3.06563e-04  3.60234e+02  3.60130e+02  6.15815e+00  6.19398e+00  6.86674e-01 -8.67432e+01  1.13350e+02  1.52878e+06 -1.65082e+06  2.09390e+03  0.00000e+00 -1.19948e+05 -7.23407e+03 -1.27182e+05  6.86673e-01  1.00000e+00  8.67572e+01  0.00000e+00  9.72318e+01 
 9.62949e-03  8.47996e-03  0.00000e+00  3.47944e+00  2.82025e-04  3.60247e+02  3.60131e+02  6.02245e+00  6.05445e+00  6.90125e-01 -1.18284e+02  1.23214e+02  1.87169e+06 -2.03063e+06  2.23066e+03  0.00000e+00 -1.56712e+05 -1.06690e+04 -1.67381e+05  6.90123e-01  1.00000e+00  1.18299e+02  0.00000e+00  1.21376e+02 
 9.84019e-03  8.71849e-03  0.00000e+00  3.47944e+00  2.54943e-04  3.60276e+02  3.60133e+02  5.66111e+00  5.68740e+00  6.93101e-01 -1.84352e+02  1.36308e+02  2.39068e+06 -2.61847e+06  2.31119e+03  0.00000e+00 -2.25481e+05 -1.83155e+04 -2.43797e+05  6.93102e-01  1.00000e+00  1.84369e+02  0.00000e+00  1.57075e+02 
 1.00521e-02  8.95702e-03  0.00000e+00  3.47944e+00  2.22622e-04  3.60335e+02  3.60134e+02  5.43869e+00  5.46160e+00  6.97881e-01 -3.47663e+02  1.56101e+02  3.32999e+06 -3.66031e+06  2.54112e+03  0.00000e+00 -3.27777e+05 -3.92831e+04 -3.67060e+05  6.97888e-01  1.00000e+00  3.47681e+02  0.00000e+00  2.25420e+02 
 1.02653e-02  9.19555e-03  0.00000e+00  3.47944e+00  1.84684e-04  3.60497e+02  3.60137e+02  4.81058e+00  4.82804e+00  7.01603e-01 -8.95814e+02  1.88176e+02  5.31495e+06 -5.77349e+06  2.69174e+03  0.00000e+00 -4.55844e+05 -1.21368e+05 -5.77212e+05  7.01615e-01  1.00000e+00  8.95836e+02  0.00000e+00  3.72497e+02 
 1.04795e-02  9.43408e-03  0.00000e+00  3.47944e+00  1.42927e-04  3.61164e+02  3.60139e+02  4.11751e+00  4.12990e+00  7.09434e-01 -8.39909e+03  2.43165e+02  1.09193e+07 -9.39024e+06  3.02851e+03  9.09260e+05  2.44133e+06 -2.46370e+06 -2.23704e+04  7.09450e-01  1.00000e+00  8.39912e+03  4.41810e+03  9.45509e+02 
