# Code_Saturne plot output (1D profile)
#
# Iteration output: 2884
# Time output:      2.30031e+01
#
#COLUMN_TITLES: Distance | X | Y | Z | diameter_Field2 | temp_Field1 | temp_Field2 | Velocity_Field1[Z] | Velocity_Field2[Z] | vol_f_Field2 | mass_trans_Field1 | Xd_Field2 | BK | COAL | COMP | NUCL | W1 | MT | SMBR | ALPBB | CONDNUM | GAMA | GAMANUC | epsilon_Field1
 4.56474e-03  1.39645e-04  0.00000e+00  3.47944e+00  1.84100e-04  3.60063e+02  3.60057e+02  5.23949e+00  5.27958e+00  1.80511e-01  2.77624e+00  1.89238e+02  2.86217e+05 -9.65365e+05  1.43489e+03  0.00000e+00 -6.77713e+05  1.80323e+03 -6.75909e+05  1.80486e-01  1.00000e+00 -2.82535e+00  0.00000e+00  7.73878e-01 
 4.57812e-03  3.76525e-04  4.25872e-21  3.47944e+00  2.14713e-04  3.60063e+02  3.60057e+02  5.23803e+00  5.28648e+00  1.81707e-01  2.22639e+00  1.62257e+02  3.78519e+05 -7.47038e+05  1.23187e+03  0.00000e+00 -3.67287e+05  1.23248e+03 -3.66055e+05  1.81683e-01  1.00000e+00 -2.26719e+00  0.00000e+00  7.84456e-01 
 4.60371e-03  6.13858e-04  0.00000e+00  3.47944e+00  2.30733e-04  3.60064e+02  3.60057e+02  5.23595e+00  5.28875e+00  1.83967e-01  1.94898e+00  1.50992e+02  4.18849e+05 -6.72395e+05  1.14704e+03  0.00000e+00 -2.52399e+05  9.92693e+02 -2.51406e+05  1.83942e-01  1.00000e+00 -1.98677e+00  0.00000e+00  8.04751e-01 
 4.64138e-03  8.51483e-04  0.00000e+00  3.47944e+00  2.39023e-04  3.60064e+02  3.60057e+02  5.23310e+00  5.28799e+00  1.87114e-01  1.74360e+00  1.45755e+02  4.47196e+05 -6.50270e+05  1.10731e+03  0.00000e+00 -2.01967e+05  8.44298e+02 -2.01123e+05  1.87090e-01  1.00000e+00 -1.78045e+00  0.00000e+00  8.35252e-01 
 4.69084e-03  1.08931e-03  0.00000e+00  3.47944e+00  2.43505e-04  3.60065e+02  3.60057e+02  5.22929e+00  5.28508e+00  1.91310e-01  1.54179e+00  1.43072e+02  4.74969e+05 -6.52952e+05  1.08657e+03  0.00000e+00 -1.76896e+05  7.18722e+02 -1.76177e+05  1.91286e-01  1.00000e+00 -1.57869e+00  0.00000e+00  8.76395e-01 
 4.75174e-03  1.32727e-03  1.05001e-20  3.47944e+00  2.46024e-04  3.60067e+02  3.60057e+02  5.22440e+00  5.28044e+00  1.96453e-01  1.31413e+00  1.41607e+02  5.05853e+05 -6.70146e+05  1.07477e+03  0.00000e+00 -1.63218e+05  5.93105e+02 -1.62625e+05  1.96430e-01  1.00000e+00 -1.35165e+00  0.00000e+00  9.29141e-01 
 4.82366e-03  1.56534e-03  0.00000e+00  3.47944e+00  2.47576e-04  3.60068e+02  3.60057e+02  5.21833e+00  5.27425e+00  2.02573e-01  1.04591e+00  1.40719e+02  5.41116e+05 -6.97445e+05  1.06712e+03  0.00000e+00 -1.55262e+05  4.58570e+02 -1.54803e+05  2.02552e-01  1.00000e+00 -1.08442e+00  0.00000e+00  9.94552e-01 
 4.90611e-03  1.80349e-03  8.81027e-21  3.47944e+00  2.48702e-04  3.60070e+02  3.60057e+02  5.21095e+00  5.26655e+00  2.09593e-01  7.28895e-01  1.40082e+02  5.81240e+05 -7.32403e+05  1.06112e+03  0.00000e+00 -1.50102e+05  3.12725e+02 -1.49789e+05  2.09574e-01  1.00000e+00 -7.68651e-01  0.00000e+00  1.07399e+00 
 4.99859e-03  2.04170e-03  0.00000e+00  3.47944e+00  2.49725e-04  3.60072e+02  3.60057e+02  5.20214e+00  5.25730e+00  2.17466e-01  3.59868e-01  1.39508e+02  6.26180e+05 -7.73578e+05  1.05536e+03  0.00000e+00 -1.46343e+05  1.56611e+02 -1.46186e+05  2.17454e-01  1.00000e+00 -4.01053e-01  0.00000e+00  1.16898e+00 
 5.10055e-03  2.27996e-03  7.58893e-21  3.47944e+00  2.50841e-04  3.60074e+02  3.60057e+02  5.19173e+00  5.24639e+00  2.26106e-01 -1.83446e-01  1.38887e+02  6.75602e+05 -8.19822e+05  1.04765e+03  0.00000e+00 -1.43172e+05 -3.62965e+01 -1.43208e+05  2.26104e-01  1.00000e+00  9.70779e-02  0.00000e+00  1.28123e+00 
 5.21143e-03  2.51826e-03  7.09702e-21  3.47944e+00  2.52168e-04  3.60076e+02  3.60057e+02  5.17955e+00  5.23370e+00  2.35446e-01 -1.20001e+00  1.38157e+02  7.28898e+05 -8.70080e+05  1.04136e+03  0.00000e+00 -1.40140e+05 -3.96694e+02 -1.40537e+05  2.35431e-01  1.00000e+00  1.11061e+00  0.00000e+00  1.41258e+00 
 5.33068e-03  2.75659e-03  1.33300e-20  3.47944e+00  2.53785e-04  3.60078e+02  3.60057e+02  5.16543e+00  5.21905e+00  2.45341e-01 -2.30564e+00  1.37277e+02  7.85266e+05 -9.23302e+05  1.03230e+03  0.00000e+00 -1.37003e+05 -7.53824e+02 -1.37757e+05  2.45317e-01  1.00000e+00  2.21317e+00  0.00000e+00  1.56501e+00 
 5.45775e-03  2.99495e-03  1.25651e-20  3.47944e+00  2.55729e-04  3.60079e+02  3.60057e+02  5.14916e+00  5.20228e+00  2.55674e-01 -3.48085e+00  1.36233e+02  8.43741e+05 -9.78408e+05  1.02170e+03  0.00000e+00 -1.33645e+05 -1.09811e+03 -1.34743e+05  2.55642e-01  1.00000e+00  3.38540e+00  0.00000e+00  1.74049e+00 
 5.59212e-03  3.23333e-03  0.00000e+00  3.47944e+00  2.58006e-04  3.60081e+02  3.60057e+02  5.13059e+00  5.18321e+00  2.66302e-01 -4.70229e+00  1.35031e+02  9.03317e+05 -1.03431e+06  1.00956e+03  0.00000e+00 -1.29986e+05 -1.42113e+03 -1.31407e+05  2.66264e-01  1.00000e+00  4.60398e+00  0.00000e+00  1.94103e+00 
 5.73326e-03  3.47172e-03  0.00000e+00  3.47944e+00  2.60598e-04  3.60083e+02  3.60057e+02  5.10956e+00  5.16172e+00  2.77048e-01 -5.94441e+00  1.33688e+02  9.63053e+05 -1.08992e+06  9.96049e+02  0.00000e+00 -1.25867e+05 -1.71645e+03 -1.27583e+05  2.77018e-01  1.00000e+00  5.84343e+00  0.00000e+00  2.16859e+00 
 5.88069e-03  3.71014e-03 -5.35987e-21  3.47944e+00  2.63459e-04  3.60085e+02  3.60057e+02  5.08597e+00  5.13769e+00  2.87859e-01 -7.18365e+00  1.32236e+02  1.02204e+06 -1.14463e+06  9.81287e+02  0.00000e+00 -1.21608e+05 -1.97985e+03 -1.23588e+05  2.87833e-01  1.00000e+00  7.08020e+00  0.00000e+00  2.42512e+00 
 6.03395e-03  3.94857e-03  5.10973e-21  3.47944e+00  2.66517e-04  3.60086e+02  3.60057e+02  5.05974e+00  5.11103e+00  2.98588e-01 -8.39826e+00  1.30719e+02  1.07972e+06 -1.19783e+06  9.65563e+02  0.00000e+00 -1.17143e+05 -2.20986e+03 -1.19353e+05  2.98566e-01  1.00000e+00  8.29255e+00  0.00000e+00  2.71254e+00 
 6.19261e-03  4.18701e-03  0.00000e+00  3.47944e+00  2.69680e-04  3.60088e+02  3.60057e+02  5.03081e+00  5.08168e+00  3.09134e-01 -9.57161e+00  1.29186e+02  1.13581e+06 -1.24927e+06  9.49399e+02  0.00000e+00 -1.12511e+05 -2.40737e+03 -1.14919e+05  3.09114e-01  1.00000e+00  9.46386e+00  0.00000e+00  3.03300e+00 
 6.35626e-03  4.42546e-03  0.00000e+00  3.47944e+00  2.72841e-04  3.60089e+02  3.60057e+02  4.99916e+00  5.04959e+00  3.19439e-01 -1.06937e+01  1.27690e+02  1.19031e+06 -1.29920e+06  9.33112e+02  0.00000e+00 -1.07959e+05 -2.57527e+03 -1.10535e+05  3.19420e-01  1.00000e+00  1.05841e+01  0.00000e+00  3.38866e+00 
 6.52453e-03  4.66392e-03 -8.96437e-21  3.47944e+00  2.75872e-04  3.60090e+02  3.60057e+02  4.96480e+00  5.01478e+00  3.29402e-01 -1.17603e+01  1.26287e+02  1.24377e+06 -1.34805e+06  9.17119e+02  0.00000e+00 -1.03365e+05 -2.71840e+03 -1.06084e+05  3.29387e-01  1.00000e+00  1.16490e+01  0.00000e+00  3.78249e+00 
 6.69707e-03  4.90238e-03  1.72236e-20  3.47944e+00  2.78652e-04  3.60091e+02  3.60057e+02  4.92771e+00  4.97719e+00  3.39041e-01 -1.27754e+01  1.25028e+02  1.29680e+06 -1.39683e+06  9.01772e+02  0.00000e+00 -9.91350e+04 -2.84222e+03 -1.01977e+05  3.39027e-01  1.00000e+00  1.26623e+01  0.00000e+00  4.21773e+00 
 6.87356e-03  5.14086e-03  8.28595e-21  3.47944e+00  2.81042e-04  3.60092e+02  3.60057e+02  4.88785e+00  4.93677e+00  3.48287e-01 -1.37478e+01  1.23965e+02  1.35067e+06 -1.44666e+06  8.87435e+02  0.00000e+00 -9.50966e+04 -2.95354e+03 -9.80501e+04  3.48273e-01  1.00000e+00  1.36330e+01  0.00000e+00  4.69933e+00 
 7.05370e-03  5.37934e-03 -1.59677e-20  3.47944e+00  2.82920e-04  3.60093e+02  3.60057e+02  4.84516e+00  4.89342e+00  3.57093e-01 -1.46924e+01  1.23143e+02  1.40672e+06 -1.49873e+06  8.74472e+02  0.00000e+00 -9.11429e+04 -3.05949e+03 -9.42024e+04  3.57077e-01  1.00000e+00  1.45759e+01  0.00000e+00  5.23254e+00 
 7.23722e-03  5.61783e-03  0.00000e+00  3.47944e+00  2.84176e-04  3.60094e+02  3.60057e+02  4.79952e+00  4.84702e+00  3.65589e-01 -1.56344e+01  1.22599e+02  1.46638e+06 -1.55530e+06  8.62927e+02  0.00000e+00 -8.80647e+04 -3.16710e+03 -9.12318e+04  3.65573e-01  1.00000e+00  1.55161e+01  0.00000e+00  5.82607e+00 
 7.42387e-03  5.85632e-03  0.00000e+00  3.47944e+00  2.84726e-04  3.60094e+02  3.60058e+02  4.75070e+00  4.79732e+00  3.73770e-01 -1.66004e+01  1.22363e+02  1.53113e+06 -1.61790e+06  8.53027e+02  0.00000e+00 -8.59151e+04 -3.28388e+03 -8.91989e+04  3.73753e-01  1.00000e+00  1.64800e+01  0.00000e+00  6.48823e+00 
 7.61342e-03  6.09482e-03  0.00000e+00  3.47944e+00  2.84444e-04  3.60095e+02  3.60058e+02  4.69859e+00  4.74418e+00  3.81566e-01 -1.76291e+01  1.22484e+02  1.60381e+06 -1.68887e+06  8.44965e+02  0.00000e+00 -8.42126e+04 -3.42051e+03 -8.76331e+04  3.81550e-01  1.00000e+00  1.75064e+01  0.00000e+00  7.23452e+00 
 7.80566e-03  6.33332e-03  0.00000e+00  3.47944e+00  2.83308e-04  3.60096e+02  3.60058e+02  4.64259e+00  4.68700e+00  3.89128e-01 -1.87699e+01  1.22976e+02  1.68570e+06 -1.77049e+06  8.38709e+02  0.00000e+00 -8.39515e+04 -3.58644e+03 -8.75380e+04  3.89113e-01  1.00000e+00  1.86446e+01  0.00000e+00  8.07815e+00 
 8.00039e-03  6.57182e-03  0.00000e+00  3.47944e+00  2.81180e-04  3.60096e+02  3.60058e+02  4.58273e+00  4.62581e+00  3.96336e-01 -2.00940e+01  1.23908e+02  1.78123e+06 -1.86631e+06  8.34489e+02  0.00000e+00 -8.42499e+04 -3.79923e+03 -8.80492e+04  3.96322e-01  1.00000e+00  1.99657e+01  0.00000e+00  9.04744e+00 
 8.19744e-03  6.81033e-03  1.31016e-20  3.47944e+00  2.78085e-04  3.60097e+02  3.60059e+02  4.51766e+00  4.55921e+00  4.03399e-01 -2.16987e+01  1.25287e+02  1.89197e+06 -1.97955e+06  8.32189e+02  0.00000e+00 -8.67534e+04 -4.07696e+03 -9.08303e+04  4.03386e-01  1.00000e+00  2.15670e+01  0.00000e+00  1.01638e+01 
 8.39664e-03  7.04884e-03  0.00000e+00  3.47944e+00  2.73842e-04  3.60098e+02  3.60059e+02  4.44818e+00  4.48805e+00  4.10161e-01 -2.37377e+01  1.27230e+02  2.02566e+06 -2.11663e+06  8.32189e+02  0.00000e+00 -9.01374e+04 -4.45611e+03 -9.45935e+04  4.10148e-01  1.00000e+00  2.36020e+01  0.00000e+00  1.14837e+01 
 8.59784e-03  7.28736e-03  0.00000e+00  3.47944e+00  2.68508e-04  3.60100e+02  3.60059e+02  4.37055e+00  4.40853e+00  4.16865e-01 -2.64408e+01  1.29758e+02  2.18507e+06 -2.28299e+06  8.34247e+02  0.00000e+00 -9.70886e+04 -4.98281e+03 -1.02071e+05  4.16853e-01  1.00000e+00  2.63007e+01  0.00000e+00  1.30442e+01 
 8.80092e-03  7.52587e-03  0.00000e+00  3.47944e+00  2.61799e-04  3.60102e+02  3.60060e+02  4.28880e+00  4.32471e+00  4.23345e-01 -3.01992e+01  1.33084e+02  2.38550e+06 -2.49216e+06  8.39258e+02  0.00000e+00 -1.05822e+05 -5.75037e+03 -1.11572e+05  4.23334e-01  1.00000e+00  3.00537e+01  0.00000e+00  1.49700e+01 
 9.00573e-03  7.76439e-03 -1.17014e-20  3.47944e+00  2.53787e-04  3.60105e+02  3.60060e+02  4.19190e+00  4.22554e+00  4.29862e-01 -3.56741e+01  1.37286e+02  2.63396e+06 -2.75590e+06  8.46523e+02  0.00000e+00 -1.21092e+05 -6.90504e+03 -1.27997e+05  4.29851e-01  1.00000e+00  3.55224e+01  0.00000e+00  1.73382e+01 
 9.21216e-03  8.00291e-03  0.00000e+00  3.47944e+00  2.43987e-04  3.60109e+02  3.60060e+02  4.09344e+00  4.12463e+00  4.36273e-01 -4.41077e+01  1.42802e+02  2.96577e+06 -3.10721e+06  8.58537e+02  0.00000e+00 -1.40588e+05 -8.75557e+03 -1.49343e+05  4.36262e-01  1.00000e+00  4.39484e+01  0.00000e+00  2.04640e+01 
 9.42012e-03  8.24144e-03  0.00000e+00  3.47944e+00  2.32448e-04  3.60117e+02  3.60061e+02  3.96371e+00  3.99222e+00  4.42845e-01 -5.79466e+01  1.49892e+02  3.40462e+06 -3.57990e+06  8.72985e+02  0.00000e+00 -1.74412e+05 -1.19030e+04 -1.86315e+05  4.42833e-01  1.00000e+00  5.77783e+01  0.00000e+00  2.45710e+01 
 9.62949e-03  8.47996e-03  0.00000e+00  3.47944e+00  2.18294e-04  3.60129e+02  3.60061e+02  3.83817e+00  3.86390e+00  4.49512e-01 -8.27203e+01  1.59612e+02  4.05317e+06 -4.27357e+06  8.97006e+02  0.00000e+00 -2.19495e+05 -1.78384e+04 -2.37334e+05  4.49500e-01  1.00000e+00  8.25405e+01  0.00000e+00  3.06504e+01 
 9.84019e-03  8.71849e-03  0.00000e+00  3.47944e+00  2.01441e-04  3.60151e+02  3.60062e+02  3.64516e+00  3.66796e+00  4.56406e-01 -1.32183e+02  1.72969e+02  5.02766e+06 -5.32665e+06  9.23408e+02  0.00000e+00 -2.98066e+05 -3.04451e+04 -3.28511e+05  4.56393e-01  1.00000e+00  1.31989e+02  0.00000e+00  3.97828e+01 
 1.00521e-02  8.95702e-03  0.00000e+00  3.47944e+00  1.80231e-04  3.60195e+02  3.60063e+02  3.45495e+00  3.47500e+00  4.63534e-01 -2.50574e+02  1.93326e+02  6.78695e+06 -7.17747e+06  9.70300e+02  0.00000e+00 -3.89556e+05 -6.35538e+04 -4.53110e+05  4.63518e-01  1.00000e+00  2.50360e+02  0.00000e+00  5.68144e+01 
 1.02653e-02  9.19555e-03  0.00000e+00  3.47944e+00  1.55176e-04  3.60309e+02  3.60064e+02  3.10108e+00  3.11773e+00  4.71455e-01 -6.16458e+02  2.24546e+02  1.02809e+07 -1.06686e+07  1.00590e+03  0.00000e+00 -3.86722e+05 -1.78635e+05 -5.65357e+05  4.71439e-01  1.00000e+00  6.16218e+02  0.00000e+00  9.37598e+01 
 1.04795e-02  9.43408e-03  0.00000e+00  3.47944e+00  1.29686e-04  3.60749e+02  3.60065e+02  2.60492e+00  2.61520e+00  4.81346e-01 -5.84109e+03  2.68685e+02  1.93108e+07 -1.69041e+07  1.04464e+03  8.32801e+05  3.24053e+06 -3.27253e+06 -3.19929e+04  4.81334e-01  1.00000e+00  5.84082e+03  3.46128e+03  2.35607e+02 
