# Code_Saturne plot output (1D profile)
#
# Iteration output: 3684
# Time output:      2.30008e+01
#
#COLUMN_TITLES: Distance | X | Y | Z | diameter_Field2 | temp_Field1 | temp_Field2 | Velocity_Field1[Z] | Velocity_Field2[Z] | vol_f_Field2 | mass_trans_Field1 | Xd_Field2 | BK | COAL | COMP | NUCL | W1 | MT | SMBR | ALPBB | CONDNUM | GAMA | GAMANUC | epsilon_Field1
 4.56474e-03  1.39645e-04  0.00000e+00  3.47944e+00  5.18837e-05  3.58998e+02  3.60049e+02  4.33772e+00  4.34456e+00  2.10122e-02  1.69776e+02  6.71767e+02  2.68247e-10 -6.06027e+05  3.29422e+03  0.00000e+00 -6.02733e+05  1.77904e+06  1.17631e+06  2.10009e-02  1.00000e+00 -1.70116e+02  0.00000e+00  4.20374e-01 
 4.57812e-03  3.76525e-04  4.25872e-21  3.47944e+00  7.16720e-05  3.59000e+02  3.60049e+02  4.33729e+00  4.34827e+00  2.16576e-02  1.11662e+02  4.86295e+02  4.24310e-03 -3.61203e+05  2.38101e+03  0.00000e+00 -3.58822e+05  8.21640e+05  4.62818e+05  2.16476e-02  1.00000e+00 -1.11887e+02  0.00000e+00  4.24895e-01 
 4.60371e-03  6.13858e-04  0.00000e+00  3.47944e+00  8.80658e-05  3.59004e+02  3.60049e+02  4.33582e+00  4.35024e+00  2.27462e-02  8.85794e+01  3.95769e+02  2.93223e+00 -2.68427e+05  1.93732e+03  0.00000e+00 -2.66487e+05  5.05028e+05  2.38541e+05  2.27367e-02  1.00000e+00 -8.87588e+01  0.00000e+00  4.33804e-01 
 4.64138e-03  8.51483e-04  0.00000e+00  3.47944e+00  1.01821e-04  3.59013e+02  3.60049e+02  4.33361e+00  4.35089e+00  2.42514e-02  7.75473e+01  3.42304e+02  8.39610e+01 -2.25283e+05  1.67543e+03  0.00000e+00 -2.23523e+05  3.58656e+05  1.35133e+05  2.42416e-02  1.00000e+00 -7.77057e+01  0.00000e+00  4.47207e-01 
 4.69084e-03  1.08931e-03  0.00000e+00  3.47944e+00  1.14032e-04  3.59024e+02  3.60049e+02  4.33061e+00  4.35038e+00  2.61842e-02  7.16858e+01  3.05648e+02  6.68567e+02 -2.02748e+05  1.49584e+03  0.00000e+00 -2.00584e+05  2.74187e+05  7.36028e+04  2.61738e-02  1.00000e+00 -7.18339e+01  0.00000e+00  4.65347e-01 
 4.75174e-03  1.32727e-03  1.05001e-20  3.47944e+00  1.25184e-04  3.59040e+02  3.60049e+02  4.32682e+00  4.34883e+00  2.85763e-02  6.86659e+01  2.78421e+02  2.76117e+03 -1.91362e+05  1.36234e+03  0.00000e+00 -1.87238e+05  2.19212e+05  3.19738e+04  2.85654e-02  1.00000e+00 -6.88099e+01  0.00000e+00  4.88579e-01 
 4.82366e-03  1.56534e-03  0.00000e+00  3.47944e+00  1.35496e-04  3.59058e+02  3.60049e+02  4.32223e+00  4.34626e+00  3.14613e-02  6.74620e+01  2.57231e+02  7.72012e+03 -1.87144e+05  1.25831e+03  0.00000e+00 -1.78165e+05  1.80731e+05  2.56613e+03  3.14497e-02  1.00000e+00 -6.76062e+01  0.00000e+00  5.17327e-01 
 4.90611e-03  1.80349e-03  8.81027e-21  3.47944e+00  1.45080e-04  3.59081e+02  3.60049e+02  4.31681e+00  4.34267e+00  3.48864e-02  6.75630e+01  2.40239e+02  1.67540e+04 -1.88239e+05  1.17476e+03  0.00000e+00 -1.70310e+05  1.52445e+05 -1.78649e+04  3.48752e-02  1.00000e+00 -6.77107e+01  0.00000e+00  5.52151e-01 
 4.99859e-03  2.04170e-03  0.00000e+00  3.47944e+00  1.54019e-04  3.59106e+02  3.60049e+02  4.31052e+00  4.33804e+00  3.89007e-02  6.86534e+01  2.26295e+02  3.05581e+04 -1.93639e+05  1.10606e+03  0.00000e+00 -1.61975e+05  1.30858e+05 -3.11172e+04  3.88892e-02  1.00000e+00 -6.88073e+01  0.00000e+00  5.93744e-01 
 5.10055e-03  2.27996e-03  7.58893e-21  3.47944e+00  1.62416e-04  3.59134e+02  3.60049e+02  4.30331e+00  4.33235e+00  4.35579e-02  7.05082e+01  2.14596e+02  4.92619e+04 -2.02753e+05  1.04820e+03  0.00000e+00 -1.52443e+05  1.13825e+05 -3.86182e+04  4.35447e-02  1.00000e+00 -7.06711e+01  0.00000e+00  6.42939e-01 
 5.21143e-03  2.51826e-03  7.09702e-21  3.47944e+00  1.70406e-04  3.59165e+02  3.60049e+02  4.29512e+00  4.32554e+00  4.89183e-02  7.29491e+01  2.04533e+02  7.25714e+04 -2.15191e+05  9.98266e+02  0.00000e+00 -1.41622e+05  9.99490e+04 -4.16726e+04  4.89037e-02  1.00000e+00 -7.31234e+01  0.00000e+00  7.00686e-01 
 5.33068e-03  2.75659e-03  1.33300e-20  3.47944e+00  1.78164e-04  3.59198e+02  3.60049e+02  4.28587e+00  4.31760e+00  5.50321e-02  7.57772e+01  1.95628e+02  9.99314e+04 -2.30558e+05  9.53808e+02  0.00000e+00 -1.29673e+05  8.82763e+04 -4.13963e+04  5.50164e-02  1.00000e+00 -7.59652e+01  0.00000e+00  7.68135e-01 
 5.45775e-03  2.99495e-03  1.25651e-20  3.47944e+00  1.85892e-04  3.59233e+02  3.60049e+02  4.27545e+00  4.30844e+00  6.19588e-02  7.88152e+01  1.87495e+02  1.30575e+05 -2.48461e+05  9.13074e+02  0.00000e+00 -1.16973e+05  7.81668e+04 -3.88066e+04  6.19421e-02  1.00000e+00 -7.90188e+01  0.00000e+00  8.46633e-01 
 5.59212e-03  3.23333e-03  0.00000e+00  3.47944e+00  1.93810e-04  3.59269e+02  3.60049e+02  4.26375e+00  4.29801e+00  6.97382e-02  8.10464e+01  1.79835e+02  1.63536e+05 -2.68353e+05  8.74561e+02  0.00000e+00 -1.03942e+05  6.85041e+04 -3.54376e+04  6.97186e-02  1.00000e+00 -8.12654e+01  0.00000e+00  9.37715e-01 
 5.73326e-03  3.47172e-03  0.00000e+00  3.47944e+00  2.02124e-04  3.59307e+02  3.60049e+02  4.25063e+00  4.28624e+00  7.84405e-02  8.28805e+01  1.72438e+02  1.97653e+05 -2.89789e+05  8.37229e+02  0.00000e+00 -9.12983e+04  5.97289e+04 -3.15694e+04  7.84175e-02  1.00000e+00 -8.31157e+01  0.00000e+00  1.04323e+00 
 5.88069e-03  3.71014e-03 -5.35987e-21  3.47944e+00  2.11020e-04  3.59345e+02  3.60049e+02  4.23593e+00  4.27297e+00  8.80710e-02  8.41591e+01  1.65169e+02  2.31675e+05 -3.12077e+05  8.00233e+02  0.00000e+00 -7.96009e+04  5.17471e+04 -2.78537e+04  8.80478e-02  1.00000e+00 -8.44108e+01  0.00000e+00  1.16553e+00 
 6.03395e-03  3.94857e-03  5.10973e-21  3.47944e+00  2.20662e-04  3.59384e+02  3.60049e+02  4.21945e+00  4.25795e+00  9.85927e-02  8.46805e+01  1.57952e+02  2.64119e+05 -3.34278e+05  7.63467e+02  0.00000e+00 -6.93950e+04  4.44854e+04 -2.49096e+04  9.85687e-02  1.00000e+00 -8.49484e+01  0.00000e+00  1.30637e+00 
 6.19261e-03  4.18701e-03  0.00000e+00  3.47944e+00  2.31173e-04  3.59424e+02  3.60049e+02  4.20097e+00  4.24104e+00  1.09936e-01  8.42895e+01  1.50770e+02  2.93825e+05 -3.55517e+05  7.26567e+02  0.00000e+00 -6.09662e+04  3.79123e+04 -2.30539e+04  1.09911e-01  1.00000e+00 -8.45726e+01  0.00000e+00  1.46861e+00 
 6.35626e-03  4.42546e-03  0.00000e+00  3.47944e+00  2.42623e-04  3.59463e+02  3.60049e+02  4.18023e+00  4.22191e+00  1.22061e-01  8.29760e+01  1.43655e+02  3.19729e+05 -3.75143e+05  6.90044e+02  0.00000e+00 -5.47243e+04  3.20345e+04 -2.26898e+04  1.22034e-01  1.00000e+00 -8.32730e+01  0.00000e+00  1.65465e+00 
 6.52453e-03  4.66392e-03 -8.96437e-21  3.47944e+00  2.54993e-04  3.59502e+02  3.60049e+02  4.15702e+00  4.20038e+00  1.34820e-01  8.07064e+01  1.36686e+02  3.41299e+05 -3.92493e+05  6.53907e+02  0.00000e+00 -5.05401e+04  2.68475e+04 -2.36926e+04  1.34791e-01  1.00000e+00 -8.10156e+01  0.00000e+00  1.86782e+00 
 6.69707e-03  4.90238e-03  1.72236e-20  3.47944e+00  2.68169e-04  3.59541e+02  3.60049e+02  4.13109e+00  4.17620e+00  1.48066e-01  7.75982e+01  1.29971e+02  3.58291e+05 -4.07227e+05  6.19001e+02  0.00000e+00 -4.83166e+04  2.23553e+04 -2.59613e+04  1.48037e-01  1.00000e+00 -7.79178e+01  0.00000e+00  2.11085e+00 
 6.87356e-03  5.14086e-03  8.28595e-21  3.47944e+00  2.81918e-04  3.59579e+02  3.60049e+02  4.10223e+00  4.14912e+00  1.61614e-01  7.37588e+01  1.23633e+02  3.71048e+05 -4.19332e+05  5.85649e+02  0.00000e+00 -4.76979e+04  1.85242e+04 -2.91737e+04  1.61584e-01  1.00000e+00 -7.40869e+01  0.00000e+00  2.38748e+00 
 7.05370e-03  5.37934e-03 -1.59677e-20  3.47944e+00  2.95895e-04  3.59617e+02  3.60049e+02  4.07029e+00  4.11894e+00  1.75266e-01  6.93872e+01  1.17793e+02  3.80206e+05 -4.29104e+05  5.54663e+02  0.00000e+00 -4.83438e+04  1.53154e+04 -3.30283e+04  1.75234e-01  1.00000e+00 -6.97225e+01  0.00000e+00  2.70082e+00 
 7.23722e-03  5.61783e-03  0.00000e+00  3.47944e+00  3.09651e-04  3.59654e+02  3.60049e+02  4.03519e+00  4.08549e+00  1.88822e-01  6.46442e+01  1.12560e+02  3.86897e+05 -4.37236e+05  5.26281e+02  0.00000e+00 -4.98126e+04  1.26611e+04 -3.71515e+04  1.88790e-01  1.00000e+00 -6.49856e+01  0.00000e+00  3.05616e+00 
 7.42387e-03  5.85632e-03  0.00000e+00  3.47944e+00  3.22692e-04  3.59691e+02  3.60049e+02  3.99676e+00  4.04855e+00  2.02187e-01  5.97223e+01  1.08011e+02  3.92199e+05 -4.44724e+05  5.01092e+02  0.00000e+00 -5.20242e+04  1.04878e+04 -4.15364e+04  2.02154e-01  1.00000e+00 -6.00696e+01  0.00000e+00  3.45773e+00 
 7.61342e-03  6.09482e-03  0.00000e+00  3.47944e+00  3.34478e-04  3.59728e+02  3.60049e+02  3.95501e+00  4.00802e+00  2.15165e-01  5.47131e+01  1.04206e+02  3.97589e+05 -4.52620e+05  4.79062e+02  0.00000e+00 -5.45518e+04  8.71585e+03 -4.58360e+04  2.15131e-01  1.00000e+00 -5.50665e+01  0.00000e+00  3.91477e+00 
 7.80566e-03  6.33332e-03  0.00000e+00  3.47944e+00  3.44555e-04  3.59764e+02  3.60050e+02  3.90956e+00  3.96348e+00  2.27812e-01  4.97097e+01  1.01158e+02  4.04046e+05 -4.62240e+05  4.60449e+02  0.00000e+00 -5.77338e+04  7.26606e+03 -5.04677e+04  2.27778e-01  1.00000e+00 -5.00704e+01  0.00000e+00  4.43453e+00 
 8.00039e-03  6.57182e-03  0.00000e+00  3.47944e+00  3.52468e-04  3.59799e+02  3.60050e+02  3.86041e+00  3.91482e+00  2.39934e-01  4.46895e+01  9.88879e+01  4.13068e+05 -4.74694e+05  4.44955e+02  0.00000e+00 -6.11809e+04  6.06904e+03 -5.51118e+04  2.39899e-01  1.00000e+00 -4.50594e+01  0.00000e+00  5.03436e+00 
 8.19744e-03  6.81033e-03  1.31016e-20  3.47944e+00  3.57952e-04  3.59835e+02  3.60050e+02  3.80664e+00  3.86110e+00  2.51744e-01  3.96254e+01  9.73731e+01  4.25345e+05 -4.91462e+05  4.32630e+02  0.00000e+00 -6.56846e+04  5.05696e+03 -6.06277e+04  2.51707e-01  1.00000e+00 -4.00068e+01  0.00000e+00  5.72750e+00 
 8.39664e-03  7.04884e-03  0.00000e+00  3.47944e+00  3.60696e-04  3.59871e+02  3.60050e+02  3.74848e+00  3.80249e+00  2.63036e-01  3.43904e+01  9.66330e+01  4.42596e+05 -5.13903e+05  4.23066e+02  0.00000e+00 -7.08837e+04  4.17626e+03 -6.67074e+04  2.62998e-01  1.00000e+00 -3.47864e+01  0.00000e+00  6.54771e+00 
 8.59784e-03  7.28736e-03  0.00000e+00  3.47944e+00  3.60613e-04  3.59908e+02  3.60050e+02  3.68375e+00  3.73681e+00  2.74091e-01  2.88236e+01  9.66555e+01  4.65592e+05 -5.43934e+05  4.16283e+02  0.00000e+00 -7.79249e+04  3.36934e+03 -7.45556e+04  2.74050e-01  1.00000e+00 -2.92382e+01  0.00000e+00  7.52138e+00 
 8.80092e-03  7.52587e-03  0.00000e+00  3.47944e+00  3.57454e-04  3.59945e+02  3.60050e+02  3.61386e+00  3.66540e+00  2.84776e-01  2.26703e+01  9.75101e+01  4.96967e+05 -5.84179e+05  4.12030e+02  0.00000e+00 -8.68004e+04  2.58567e+03 -8.42147e+04  2.84734e-01  1.00000e+00 -2.31084e+01  0.00000e+00  8.71786e+00 
 9.00573e-03  7.76439e-03 -1.17014e-20  3.47944e+00  3.51202e-04  3.59984e+02  3.60051e+02  3.53283e+00  3.58241e+00  2.95351e-01  1.55330e+01  9.92467e+01  5.38593e+05 -6.38157e+05  4.10082e+02  0.00000e+00 -9.91544e+04  1.75700e+03 -9.73974e+04  2.95308e-01  1.00000e+00 -1.60009e+01  0.00000e+00  1.02007e+01 
 9.21216e-03  8.00291e-03  0.00000e+00  3.47944e+00  3.41527e-04  3.60026e+02  3.60051e+02  3.44678e+00  3.49387e+00  3.05631e-01  6.80350e+00  1.02059e+02  5.96306e+05 -7.11857e+05  4.10576e+02  0.00000e+00 -1.15141e+05  7.97639e+02 -1.14343e+05  3.05588e-01  1.00000e+00 -7.30988e+00  0.00000e+00  1.21446e+01 
 9.42012e-03  8.24144e-03  0.00000e+00  3.47944e+00  3.28438e-04  3.60072e+02  3.60051e+02  3.33855e+00  3.38271e+00  3.16054e-01 -1.03823e+01  1.06127e+02  6.75060e+05 -8.14165e+05  4.13501e+02  0.00000e+00 -1.38692e+05 -1.00541e+03 -1.39698e+05  3.16004e-01  1.00000e+00  9.16262e+00  0.00000e+00  1.47145e+01 
 9.62949e-03  8.47996e-03  0.00000e+00  3.47944e+00  3.11364e-04  3.60124e+02  3.60052e+02  3.22465e+00  3.26483e+00  3.26400e-01 -4.68023e+01  1.11947e+02  7.91370e+05 -9.62144e+05  4.19994e+02  0.00000e+00 -1.70354e+05 -5.09312e+03 -1.75447e+05  3.26351e-01  1.00000e+00  4.54427e+01  0.00000e+00  1.84706e+01 
 9.84019e-03  8.71849e-03  0.00000e+00  3.47944e+00  2.89884e-04  3.60191e+02  3.60052e+02  3.06337e+00  3.10002e+00  3.36942e-01 -1.05349e+02  1.20244e+02  9.66851e+05 -1.18716e+06  4.28504e+02  0.00000e+00 -2.19884e+05 -1.21047e+04 -2.31989e+05  3.36890e-01  1.00000e+00  1.03799e+02  0.00000e+00  2.40964e+01 
 1.00521e-02  8.95702e-03  0.00000e+00  3.47944e+00  2.62701e-04  3.60289e+02  3.60053e+02  2.89210e+00  2.92509e+00  3.47571e-01 -2.17436e+02  1.32687e+02  1.27627e+06 -1.56202e+06  4.42084e+02  0.00000e+00 -2.85309e+05 -2.68956e+04 -3.12205e+05  3.47518e-01  1.00000e+00  2.15601e+02  0.00000e+00  3.44998e+01 
 1.02653e-02  9.19555e-03  0.00000e+00  3.47944e+00  2.29634e-04  3.60472e+02  3.60053e+02  2.60046e+00  2.62960e+00  3.59305e-01 -4.90808e+02  1.51795e+02  1.88585e+06 -2.23827e+06  4.49743e+02  0.00000e+00 -3.51971e+05 -6.74422e+04 -4.19413e+05  3.59245e-01  1.00000e+00  4.88533e+02  0.00000e+00  5.74773e+01 
 1.04795e-02  9.43408e-03  0.00000e+00  3.47944e+00  1.91090e-04  3.60987e+02  3.60054e+02  2.15912e+00  2.17857e+00  3.74506e-01 -4.71051e+03  1.82416e+02  3.52338e+06 -3.46076e+06  4.65898e+02  1.69741e+06  1.76049e+06 -1.78758e+06 -2.70869e+04  3.74453e-01  1.00000e+00  4.70748e+03  3.19685e+03  1.46010e+02 
