# Code_Saturne plot output (1D profile)
#
# Iteration output: 3615
# Time output:      2.30003e+01
#
#COLUMN_TITLES: Distance | X | Y | Z | diameter_Field2 | temp_Field1 | temp_Field2 | Velocity_Field1[Z] | Velocity_Field2[Z] | vol_f_Field2 | mass_trans_Field1 | Xd_Field2 | BK | COAL | COMP | NUCL | W1 | MT | SMBR | ALPBB | CONDNUM | GAMA | GAMANUC | epsilon_Field1
 4.56474e-03  1.39645e-04  0.00000e+00  3.47944e+00  3.32928e-04  3.59964e+02  3.60057e+02  5.18392e+00  5.25772e+00  2.12824e-01  1.62877e+01  1.04642e+02  2.86681e+05 -6.22099e+05  8.06687e+02  0.00000e+00 -3.34611e+05  4.05177e+03 -3.30559e+05  2.12812e-01  1.00000e+00 -1.62879e+01  0.00000e+00  1.25882e+00 
 4.57812e-03  3.76525e-04  4.25872e-21  3.47944e+00  3.58161e-04  3.59965e+02  3.60057e+02  5.18201e+00  5.26232e+00  2.13819e-01  1.47866e+01  9.72701e+01  2.73734e+05 -5.48517e+05  7.50371e+02  0.00000e+00 -2.74032e+05  3.40326e+03 -2.70629e+05  2.13807e-01  1.00000e+00 -1.47868e+01  0.00000e+00  1.27271e+00 
 4.60371e-03  6.13858e-04  0.00000e+00  3.47944e+00  3.76158e-04  3.59966e+02  3.60057e+02  5.17909e+00  5.26379e+00  2.15400e-01  1.38476e+01  9.26164e+01  2.66341e+05 -5.07519e+05  7.14779e+02  0.00000e+00 -2.40463e+05  3.01238e+03 -2.37451e+05  2.15388e-01  1.00000e+00 -1.38479e+01  0.00000e+00  1.29948e+00 
 4.64138e-03  8.51483e-04  0.00000e+00  3.47944e+00  3.91697e-04  3.59967e+02  3.60057e+02  5.17493e+00  5.26320e+00  2.17609e-01  1.30998e+01  8.89422e+01  2.61566e+05 -4.79166e+05  6.86504e+02  0.00000e+00 -2.16913e+05  2.70887e+03 -2.14204e+05  2.17597e-01  1.00000e+00 -1.31001e+01  0.00000e+00  1.33951e+00 
 4.69084e-03  1.08931e-03  0.00000e+00  3.47944e+00  4.07333e-04  3.59969e+02  3.60057e+02  5.16949e+00  5.26083e+00  2.20514e-01  1.23789e+01  8.55278e+01  2.57645e+05 -4.55467e+05  6.60088e+02  0.00000e+00 -1.97163e+05  2.42909e+03 -1.94733e+05  2.20503e-01  1.00000e+00 -1.23792e+01  0.00000e+00  1.39305e+00 
 4.75174e-03  1.32727e-03  1.05001e-20  3.47944e+00  4.24084e-04  3.59971e+02  3.60057e+02  5.16284e+00  5.25566e+00  2.24016e-01  1.15961e+01  8.21496e+01  2.53819e+05 -4.33392e+05  6.33865e+02  0.00000e+00 -1.78939e+05  2.15141e+03 -1.76788e+05  2.24006e-01  1.00000e+00 -1.15963e+01  0.00000e+00  1.46080e+00 
 4.82366e-03  1.56534e-03  0.00000e+00  3.47944e+00  4.42379e-04  3.59975e+02  3.60057e+02  5.15482e+00  5.24793e+00  2.28148e-01  1.07906e+01  7.87522e+01  2.49616e+05 -4.11914e+05  6.07152e+02  0.00000e+00 -1.61691e+05  1.88441e+03 -1.59806e+05  2.28139e-01  1.00000e+00 -1.07908e+01  0.00000e+00  1.54323e+00 
 4.90611e-03  1.80349e-03  8.81027e-21  3.47944e+00  4.62244e-04  3.59978e+02  3.60057e+02  5.14532e+00  5.23805e+00  2.32866e-01  9.97332e+00  7.53678e+01  2.44914e+05 -3.90795e+05  5.80349e+02  0.00000e+00 -1.45301e+05  1.63307e+03 -1.43668e+05  2.32857e-01  1.00000e+00 -9.97351e+00  0.00000e+00  1.64129e+00 
 4.99859e-03  2.04170e-03  0.00000e+00  3.47944e+00  4.83469e-04  3.59982e+02  3.60057e+02  5.13422e+00  5.22622e+00  2.38145e-01  9.15930e+00  7.20592e+01  2.39773e+05 -3.70213e+05  5.53982e+02  0.00000e+00 -1.29886e+05  1.40215e+03 -1.28484e+05  2.38136e-01  1.00000e+00 -9.15948e+00  0.00000e+00  1.75618e+00 
 5.10055e-03  2.27996e-03  7.58893e-21  3.47944e+00  5.05598e-04  3.59987e+02  3.60057e+02  5.12142e+00  5.21249e+00  2.43901e-01  8.36244e+00  6.89053e+01  2.34434e+05 -3.50508e+05  5.28693e+02  0.00000e+00 -1.15545e+05  1.19525e+03 -1.14349e+05  2.43891e-01  1.00000e+00 -8.36261e+00  0.00000e+00  1.88928e+00 
 5.21143e-03  2.51826e-03  7.09702e-21  3.47944e+00  5.28021e-04  3.59992e+02  3.60057e+02  5.10683e+00  5.19687e+00  2.50112e-01  7.59501e+00  6.59792e+01  2.29196e+05 -3.32175e+05  5.05090e+02  0.00000e+00 -1.02474e+05  1.01365e+03 -1.01460e+05  2.50101e-01  1.00000e+00 -7.59518e+00  0.00000e+00  2.04198e+00 
 5.33068e-03  2.75659e-03  1.33300e-20  3.47944e+00  5.49983e-04  3.59997e+02  3.60057e+02  5.09034e+00  5.17929e+00  2.56654e-01  6.86270e+00  6.33446e+01  2.24448e+05 -3.15607e+05  4.83686e+02  0.00000e+00 -9.06749e+04  8.56922e+02 -8.98180e+04  2.56644e-01  1.00000e+00 -6.86286e+00  0.00000e+00  2.21589e+00 
 5.45775e-03  2.99495e-03  1.25651e-20  3.47944e+00  5.70723e-04  3.60003e+02  3.60057e+02  5.07187e+00  5.15968e+00  2.63560e-01  6.16875e+00  6.10427e+01  2.20489e+05 -3.01278e+05  4.64739e+02  0.00000e+00 -8.03244e+04  7.22829e+02 -7.96016e+04  2.63551e-01  1.00000e+00 -6.16890e+00  0.00000e+00  2.41263e+00 
 5.59212e-03  3.23333e-03  0.00000e+00  3.47944e+00  5.89494e-04  3.60010e+02  3.60057e+02  5.05131e+00  5.13797e+00  2.70691e-01  5.50815e+00  5.90991e+01  2.17639e+05 -2.89397e+05  4.48449e+02  0.00000e+00 -7.13095e+04  6.08405e+02 -7.07011e+04  2.70684e-01  1.00000e+00 -5.50830e+00  0.00000e+00  2.63404e+00 
 5.73326e-03  3.47172e-03  0.00000e+00  3.47944e+00  6.05718e-04  3.60017e+02  3.60057e+02  5.02860e+00  5.11408e+00  2.78055e-01  4.87359e+00  5.75162e+01  2.16065e+05 -2.80168e+05  4.34828e+02  0.00000e+00 -6.36683e+04  5.10021e+02 -6.31583e+04  2.78049e-01  1.00000e+00 -4.87375e+00  0.00000e+00  2.88171e+00 
 5.88069e-03  3.71014e-03 -5.35987e-21  3.47944e+00  6.18967e-04  3.60024e+02  3.60057e+02  5.00367e+00  5.08796e+00  2.85489e-01  4.25277e+00  5.62852e+01  2.15962e+05 -2.73558e+05  4.23711e+02  0.00000e+00 -5.71721e+04  4.24186e+02 -5.67480e+04  2.85483e-01  1.00000e+00 -4.25292e+00  0.00000e+00  3.15837e+00 
 6.03395e-03  3.94857e-03  5.10973e-21  3.47944e+00  6.29063e-04  3.60032e+02  3.60057e+02  4.97644e+00  5.05954e+00  2.93010e-01  3.63333e+00  5.53820e+01  2.17331e+05 -2.69568e+05  4.14966e+02  0.00000e+00 -5.18227e+04  3.47431e+02 -5.14752e+04  2.93006e-01  1.00000e+00 -3.63348e+00  0.00000e+00  3.46547e+00 
 6.19261e-03  4.18701e-03  0.00000e+00  3.47944e+00  6.35973e-04  3.60040e+02  3.60057e+02  4.94685e+00  5.02877e+00  3.00497e-01  3.00063e+00  5.47804e+01  2.20239e+05 -2.68059e+05  4.08342e+02  0.00000e+00 -4.74115e+04  2.76742e+02 -4.71348e+04  3.00497e-01  1.00000e+00 -3.00079e+00  0.00000e+00  3.80611e+00 
 6.35626e-03  4.42546e-03  0.00000e+00  3.47944e+00  6.39852e-04  3.60048e+02  3.60057e+02  4.91480e+00  4.99556e+00  3.07983e-01  2.34145e+00  5.44485e+01  2.24639e+05 -2.68948e+05  4.03591e+02  0.00000e+00 -4.39054e+04  2.09423e+02 -4.36959e+04  3.07985e-01  1.00000e+00 -2.34161e+00  0.00000e+00  4.18299e+00 
 6.52453e-03  4.66392e-03 -8.96437e-21  3.47944e+00  6.40889e-04  3.60056e+02  3.60058e+02  4.88026e+00  4.95987e+00  3.15367e-01  1.64168e+00  5.43605e+01  2.30588e+05 -2.72092e+05  4.00420e+02  0.00000e+00 -4.11036e+04  1.43168e+02 -4.09604e+04  3.15370e-01  1.00000e+00 -1.64184e+00  0.00000e+00  4.60077e+00 
 6.69707e-03  4.90238e-03  1.72236e-20  3.47944e+00  6.39383e-04  3.60065e+02  3.60058e+02  4.84307e+00  4.92156e+00  3.22702e-01  8.88138e-01  5.44888e+01  2.38019e+05 -2.77445e+05  3.98651e+02  0.00000e+00 -3.90275e+04  7.58786e+01 -3.89516e+04  3.22704e-01  1.00000e+00 -8.88308e-01  0.00000e+00  5.06241e+00 
 6.87356e-03  5.14086e-03  8.28595e-21  3.47944e+00  6.35557e-04  3.60073e+02  3.60058e+02  4.80318e+00  4.88056e+00  3.29872e-01  6.75159e-02  5.48170e+01  2.47058e+05 -2.84932e+05  3.98089e+02  0.00000e+00 -3.74765e+04  5.69057e+00 -3.74708e+04  3.29873e-01  1.00000e+00 -6.76915e-02  0.00000e+00  5.57490e+00 
 7.05370e-03  5.37934e-03 -1.59677e-20  3.47944e+00  6.29726e-04  3.60082e+02  3.60058e+02  4.76036e+00  4.83667e+00  3.36964e-01 -1.99989e+00  5.53247e+01  2.57672e+05 -2.94589e+05  3.98579e+02  0.00000e+00 -3.65186e+04 -1.66075e+02 -3.66846e+04  3.36964e-01  1.00000e+00  1.99947e+00  0.00000e+00  6.14308e+00 
 7.23722e-03  5.61783e-03  0.00000e+00  3.47944e+00  6.22041e-04  3.60091e+02  3.60058e+02  4.71459e+00  4.78984e+00  3.43839e-01 -4.29480e+00  5.60085e+01  2.70128e+05 -3.06459e+05  3.99995e+02  0.00000e+00 -3.59304e+04 -3.53877e+02 -3.62843e+04  3.43838e-01  1.00000e+00  4.29437e+00  0.00000e+00  6.77823e+00 
 7.42387e-03  5.85632e-03  0.00000e+00  3.47944e+00  6.12753e-04  3.60101e+02  3.60058e+02  4.66540e+00  4.73965e+00  3.50644e-01 -6.87023e+00  5.68577e+01  2.84447e+05 -3.20768e+05  4.02261e+02  0.00000e+00 -3.59190e+04 -5.63534e+02 -3.64825e+04  3.50643e-01  1.00000e+00  6.86978e+00  0.00000e+00  7.48727e+00 
 7.61342e-03  6.09482e-03  0.00000e+00  3.47944e+00  6.01884e-04  3.60110e+02  3.60059e+02  4.61292e+00  4.68616e+00  3.57202e-01 -9.79044e+00  5.78848e+01  3.01140e+05 -3.37752e+05  4.05319e+02  0.00000e+00 -3.62068e+04 -8.02576e+02 -3.70093e+04  3.57202e-01  1.00000e+00  9.78997e+00  0.00000e+00  8.28969e+00 
 7.80566e-03  6.33332e-03  0.00000e+00  3.47944e+00  5.89628e-04  3.60120e+02  3.60059e+02  4.55616e+00  4.62845e+00  3.63732e-01 -1.31459e+01  5.90883e+01  3.20299e+05 -3.57910e+05  4.09146e+02  0.00000e+00 -3.72019e+04 -1.08031e+03 -3.82822e+04  3.63732e-01  1.00000e+00  1.31454e+01  0.00000e+00  9.19585e+00 
 8.00039e-03  6.57182e-03  0.00000e+00  3.47944e+00  5.75861e-04  3.60130e+02  3.60059e+02  4.49578e+00  4.56713e+00  3.70006e-01 -1.70544e+01  6.05012e+01  3.42863e+05 -3.81809e+05  4.13782e+02  0.00000e+00 -3.85319e+04 -1.41069e+03 -3.99426e+04  3.70006e-01  1.00000e+00  1.70538e+01  0.00000e+00  1.02413e+01 
 8.19744e-03  6.81033e-03  1.31016e-20  3.47944e+00  5.60750e-04  3.60142e+02  3.60059e+02  4.42938e+00  4.49985e+00  3.76292e-01 -2.16877e+01  6.21319e+01  3.69087e+05 -4.10368e+05  4.19210e+02  0.00000e+00 -4.08622e+04 -1.81154e+03 -4.26737e+04  3.76291e-01  1.00000e+00  2.16872e+01  0.00000e+00  1.14430e+01 
 8.39664e-03  7.04884e-03  0.00000e+00  3.47944e+00  5.44020e-04  3.60154e+02  3.60060e+02  4.35946e+00  4.42904e+00  3.82366e-01 -2.72919e+01  6.40431e+01  4.00628e+05 -4.44857e+05  4.25691e+02  0.00000e+00 -4.38037e+04 -2.31244e+03 -4.61162e+04  3.82367e-01  1.00000e+00  2.72913e+01  0.00000e+00  1.28674e+01 
 8.59784e-03  7.28736e-03  0.00000e+00  3.47944e+00  5.25815e-04  3.60167e+02  3.60060e+02  4.27957e+00  4.34834e+00  3.88512e-01 -3.42315e+01  6.62609e+01  4.38225e+05 -4.86989e+05  4.32827e+02  0.00000e+00 -4.83308e+04 -2.95339e+03 -5.12842e+04  3.88514e-01  1.00000e+00  3.42308e+01  0.00000e+00  1.45524e+01 
 8.80092e-03  7.52587e-03  0.00000e+00  3.47944e+00  5.05639e-04  3.60182e+02  3.60060e+02  4.19787e+00  4.26587e+00  3.94470e-01 -4.30942e+01  6.89053e+01  4.85261e+05 -5.39551e+05  4.41518e+02  0.00000e+00 -5.38486e+04 -3.80800e+03 -5.76566e+04  3.94475e-01  1.00000e+00  4.30935e+01  0.00000e+00  1.66417e+01 
 9.00573e-03  7.76439e-03 -1.17014e-20  3.47944e+00  4.83645e-04  3.60200e+02  3.60061e+02  4.09681e+00  4.16405e+00  4.00625e-01 -5.47825e+01  7.20395e+01  5.43396e+05 -6.06574e+05  4.51222e+02  0.00000e+00 -6.27266e+04 -4.98325e+03 -6.77099e+04  4.00632e-01  1.00000e+00  5.47817e+01  0.00000e+00  1.92014e+01 
 9.21216e-03  8.00291e-03  0.00000e+00  3.47944e+00  4.58904e-04  3.60223e+02  3.60061e+02  3.99999e+00  4.06624e+00  4.06715e-01 -7.09806e+01  7.59239e+01  6.21021e+05 -6.95069e+05  4.63636e+02  0.00000e+00 -7.35845e+04 -6.70292e+03 -8.02874e+04  4.06724e-01  1.00000e+00  7.09798e+01  0.00000e+00  2.26235e+01 
 9.42012e-03  8.24144e-03  0.00000e+00  3.47944e+00  4.31582e-04  3.60251e+02  3.60062e+02  3.85964e+00  3.92374e+00  4.13087e-01 -9.44795e+01  8.07313e+01  7.23170e+05 -8.16395e+05  4.77317e+02  0.00000e+00 -9.27474e+04 -9.34034e+03 -1.02088e+05  4.13098e-01  1.00000e+00  9.44786e+01  0.00000e+00  2.70553e+01 
 9.62949e-03  8.47996e-03  0.00000e+00  3.47944e+00  3.99957e-04  3.60290e+02  3.60062e+02  3.74035e+00  3.79965e+00  4.19526e-01 -1.31411e+02  8.71155e+01  8.75380e+05 -9.92606e+05  4.97227e+02  0.00000e+00 -1.16729e+05 -1.38033e+04 -1.30532e+05  4.19535e-01  1.00000e+00  1.31410e+02  0.00000e+00  3.37625e+01 
 9.84019e-03  8.71849e-03  0.00000e+00  3.47944e+00  3.64367e-04  3.60349e+02  3.60063e+02  3.53052e+00  3.58318e+00  4.26326e-01 -1.94647e+02  9.56261e+01  1.10300e+06 -1.26209e+06  5.16550e+02  0.00000e+00 -1.58569e+05 -2.20839e+04 -1.80653e+05  4.26333e-01  1.00000e+00  1.94646e+02  0.00000e+00  4.37627e+01 
 1.00521e-02  8.95702e-03  0.00000e+00  3.47944e+00  3.21932e-04  3.60446e+02  3.60064e+02  3.34674e+00  3.39301e+00  4.33327e-01 -3.22805e+02  1.08232e+02  1.51212e+06 -1.71907e+06  5.48903e+02  0.00000e+00 -2.06400e+05 -4.07804e+04 -2.47181e+05  4.33331e-01  1.00000e+00  3.22803e+02  0.00000e+00  6.26307e+01 
 1.02653e-02  9.19555e-03  0.00000e+00  3.47944e+00  2.73922e-04  3.60644e+02  3.60065e+02  2.97105e+00  3.01000e+00  4.41567e-01 -6.41239e+02  1.27204e+02  2.31725e+06 -2.53024e+06  5.69572e+02  0.00000e+00 -2.12422e+05 -9.34543e+04 -3.05876e+05  4.41568e-01  1.00000e+00  6.41237e+02  0.00000e+00  1.03593e+02 
 1.04795e-02  9.43408e-03  0.00000e+00  3.47944e+00  2.25621e-04  3.61222e+02  3.60066e+02  2.47321e+00  2.49938e+00  4.51692e-01 -5.27081e+03  1.54439e+02  4.35635e+06 -3.39163e+06  5.90823e+02  7.48684e+05  1.71399e+06 -1.70790e+06  6.09113e+03  4.51687e-01  1.00000e+00  5.27081e+03  3.49197e+03  2.62406e+02 
