# Code_Saturne plot output (1D profile)
#
# Iteration output: 2194
# Time output:      2.30004e+01
#
#COLUMN_TITLES: Distance | X | Y | Z | diameter_Field2 | temp_Field1 | temp_Field2 | Velocity_Field1[Z] | Velocity_Field2[Z] | vol_f_Field2 | mass_trans_Field1 | Xd_Field2 | BK | COAL | COMP | NUCL | W1 | MT | SMBR | ALPBB | CONDNUM | GAMA | GAMANUC | epsilon_Field1
 4.56474e-03  1.39645e-04  0.00000e+00  3.47944e+00  5.82186e-05  3.58854e+02  3.60049e+02  4.24970e+00  4.25726e+00  1.48773e-02  1.16114e+02  5.98678e+02  4.77325e-07 -3.45723e+05  3.02639e+03  0.00000e+00 -3.42696e+05  1.14620e+06  8.03508e+05  1.48796e-02  1.00000e+00 -1.16109e+02  0.00000e+00  4.28793e-01 
 4.57812e-03  3.76525e-04  4.25872e-21  3.47944e+00  7.42308e-05  3.58857e+02  3.60049e+02  4.24917e+00  4.25992e+00  1.53108e-02  8.53850e+01  4.69538e+02  2.05005e-02 -2.35758e+05  2.37089e+03  0.00000e+00 -2.33387e+05  6.42340e+05  4.08953e+05  1.53130e-02  1.00000e+00 -8.53814e+01  0.00000e+00  4.33217e-01 
 4.60371e-03  6.13858e-04  0.00000e+00  3.47944e+00  8.75195e-05  3.58864e+02  3.60049e+02  4.24759e+00  4.26094e+00  1.60831e-02  7.17136e+01  3.98244e+02  3.13710e+00 -1.88004e+05  2.01056e+03  0.00000e+00 -1.85990e+05  4.35608e+05  2.49618e+05  1.60853e-02  1.00000e+00 -7.17107e+01  0.00000e+00  4.41922e-01 
 4.64138e-03  8.51483e-04  0.00000e+00  3.47944e+00  9.85991e-05  3.58874e+02  3.60049e+02  4.24524e+00  4.26073e+00  1.71838e-02  6.51717e+01  3.53494e+02  5.43115e+01 -1.65257e+05  1.78427e+03  0.00000e+00 -1.63418e+05  3.28882e+05  1.65464e+05  1.71859e-02  1.00000e+00 -6.51690e+01  0.00000e+00  4.55026e-01 
 4.69084e-03  1.08931e-03  0.00000e+00  3.47944e+00  1.08374e-04  3.58888e+02  3.60049e+02  4.24208e+00  4.25943e+00  1.86226e-02  6.20027e+01  3.21609e+02  3.60290e+02 -1.54104e+05  1.62284e+03  0.00000e+00 -1.52121e+05  2.62675e+05  1.10554e+05  1.86248e-02  1.00000e+00 -6.20000e+01  0.00000e+00  4.72757e-01 
 4.75174e-03  1.32727e-03  1.05001e-20  3.47944e+00  1.17289e-04  3.58906e+02  3.60049e+02  4.23811e+00  4.25712e+00  2.04242e-02  6.08035e+01  2.97166e+02  1.42062e+03 -1.49720e+05  1.49887e+03  0.00000e+00 -1.46800e+05  2.17022e+05  7.02219e+04  2.04265e-02  1.00000e+00 -6.08008e+01  0.00000e+00  4.95401e-01 
 4.82366e-03  1.56534e-03  0.00000e+00  3.47944e+00  1.25568e-04  3.58928e+02  3.60049e+02  4.23333e+00  4.25385e+00  2.26197e-02  6.09281e+01  2.77571e+02  4.05271e+03 -1.50002e+05  1.39924e+03  0.00000e+00 -1.44550e+05  1.83414e+05  3.88633e+04  2.26220e-02  1.00000e+00 -6.09255e+01  0.00000e+00  5.23348e-01 
 4.90611e-03  1.80349e-03  8.81027e-21  3.47944e+00  1.33330e-04  3.58953e+02  3.60049e+02  4.22770e+00  4.24961e+00  2.52485e-02  6.20461e+01  2.61412e+02  9.26964e+03 -1.53973e+05  1.31682e+03  0.00000e+00 -1.43386e+05  1.57591e+05  1.42051e+04  2.52509e-02  1.00000e+00 -6.20433e+01  0.00000e+00  5.57081e-01 
 4.99859e-03  2.04170e-03  0.00000e+00  3.47944e+00  1.40644e-04  3.58982e+02  3.60049e+02  4.22120e+00  4.24439e+00  2.83559e-02  6.39631e+01  2.47819e+02  1.80657e+04 -1.61165e+05  1.24720e+03  0.00000e+00 -1.41852e+05  1.37136e+05 -4.71562e+03  2.83583e-02  1.00000e+00 -6.39602e+01  0.00000e+00  5.97200e-01 
 5.10055e-03  2.27996e-03  7.58893e-21  3.47944e+00  1.47563e-04  3.59013e+02  3.60049e+02  4.21378e+00  4.23814e+00  3.19937e-02  6.65508e+01  2.36198e+02  3.12149e+04 -1.71382e+05  1.18738e+03  0.00000e+00 -1.38979e+05  1.20531e+05 -1.84479e+04  3.19961e-02  1.00000e+00 -6.65477e+01  0.00000e+00  6.44424e-01 
 5.21143e-03  2.51826e-03  7.09702e-21  3.47944e+00  1.54157e-04  3.59048e+02  3.60049e+02  4.20539e+00  4.23084e+00  3.62173e-02  6.96991e+01  2.26096e+02  4.91629e+04 -1.84538e+05  1.13509e+03  0.00000e+00 -1.34240e+05  1.06743e+05 -2.74967e+04  3.62198e-02  1.00000e+00 -6.96956e+01  0.00000e+00  6.99611e-01 
 5.33068e-03  2.75659e-03  1.33300e-20  3.47944e+00  1.60513e-04  3.59085e+02  3.60049e+02  4.19597e+00  4.22243e+00  4.10871e-02  7.32986e+01  2.17143e+02  7.20138e+04 -2.00592e+05  1.08842e+03  0.00000e+00 -1.27490e+05  9.50331e+04 -3.24569e+04  4.10896e-02  1.00000e+00 -7.32948e+01  0.00000e+00  7.63769e-01 
 5.45775e-03  2.99495e-03  1.25651e-20  3.47944e+00  1.66749e-04  3.59125e+02  3.60049e+02  4.18544e+00  4.21285e+00  4.66648e-02  7.72227e+01  2.09022e+02  9.95613e+04 -2.19471e+05  1.04580e+03  0.00000e+00 -1.18863e+05  8.48571e+04 -3.40063e+04  4.66673e-02  1.00000e+00 -7.72186e+01  0.00000e+00  8.38084e-01 
 5.59212e-03  3.23333e-03  0.00000e+00  3.47944e+00  1.73006e-04  3.59166e+02  3.60049e+02  4.17371e+00  4.20205e+00  5.30099e-02  8.13186e+01  2.01463e+02  1.31316e+05 -2.41011e+05  1.00586e+03  0.00000e+00 -1.08689e+05  7.58175e+04 -3.28716e+04  5.30125e-02  1.00000e+00 -8.13141e+01  0.00000e+00  9.23945e-01 
 5.73326e-03  3.47172e-03  0.00000e+00  3.47944e+00  1.79443e-04  3.59209e+02  3.60049e+02  4.16067e+00  4.18995e+00  6.01813e-02  8.54110e+01  1.94236e+02  1.66508e+05 -2.64937e+05  9.67447e+02  0.00000e+00 -9.74617e+04  6.76275e+04 -2.98342e+04  6.01840e-02  1.00000e+00 -8.54061e+01  0.00000e+00  1.02296e+00 
 5.88069e-03  3.71014e-03 -5.35987e-21  3.47944e+00  1.86232e-04  3.59253e+02  3.60049e+02  4.14618e+00  4.17646e+00  6.82237e-02  8.85964e+01  1.87155e+02  2.04092e+05 -2.90782e+05  9.29636e+02  0.00000e+00 -8.57606e+04  5.96246e+04 -2.61361e+04  6.82265e-02  1.00000e+00 -8.85910e+01  0.00000e+00  1.13701e+00 
 6.03395e-03  3.94857e-03  5.10973e-21  3.47944e+00  1.93533e-04  3.59297e+02  3.60049e+02  4.13010e+00  4.16146e+00  7.71752e-02  9.08983e+01  1.80095e+02  2.42741e+05 -3.17966e+05  8.91808e+02  0.00000e+00 -7.43329e+04  5.20378e+04 -2.22951e+04  7.71783e-02  1.00000e+00 -9.08924e+01  0.00000e+00  1.26823e+00 
 6.19261e-03  4.18701e-03  0.00000e+00  3.47944e+00  2.01487e-04  3.59342e+02  3.60049e+02  4.11223e+00  4.14478e+00  8.70334e-02  9.23701e+01  1.72986e+02  2.80979e+05 -3.45702e+05  8.53592e+02  0.00000e+00 -6.38698e+04  4.50396e+04 -1.88302e+04  8.70367e-02  1.00000e+00 -9.23638e+01  0.00000e+00  1.41910e+00 
 6.35626e-03  4.42546e-03  0.00000e+00  3.47944e+00  2.10217e-04  3.59387e+02  3.60049e+02  4.09237e+00  4.12611e+00  9.77980e-02  9.28522e+01  1.65802e+02  3.17289e+05 -3.73194e+05  8.14914e+02  0.00000e+00 -5.50895e+04  3.86179e+04 -1.64716e+04  9.78017e-02  1.00000e+00 -9.28455e+01  0.00000e+00  1.59234e+00 
 6.52453e-03  4.66392e-03 -8.96437e-21  3.47944e+00  2.19807e-04  3.59431e+02  3.60049e+02  4.07028e+00  4.10529e+00  1.09388e-01  9.22107e+01  1.58569e+02  3.50363e+05 -3.99439e+05  7.75830e+02  0.00000e+00 -4.83001e+04  3.27918e+04 -1.55082e+04  1.09392e-01  1.00000e+00 -9.22035e+01  0.00000e+00  1.79115e+00 
 6.69707e-03  4.90238e-03  1.72236e-20  3.47944e+00  2.30284e-04  3.59476e+02  3.60049e+02  4.04569e+00  4.08208e+00  1.21760e-01  9.04383e+01  1.51354e+02  3.79117e+05 -4.23776e+05  7.36772e+02  0.00000e+00 -4.39226e+04  2.75788e+04 -1.63438e+04  1.21764e-01  1.00000e+00 -9.04308e+01  0.00000e+00  2.01874e+00 
 6.87356e-03  5.14086e-03  8.28595e-21  3.47944e+00  2.41591e-04  3.59519e+02  3.60049e+02  4.01835e+00  4.05621e+00  1.34710e-01  8.75305e+01  1.44271e+02  4.03048e+05 -4.45364e+05  6.98218e+02  0.00000e+00 -4.16174e+04  2.29970e+04 -1.86203e+04  1.34714e-01  1.00000e+00 -8.75227e+01  0.00000e+00  2.27914e+00 
 7.05370e-03  5.37934e-03 -1.59677e-20  3.47944e+00  2.53579e-04  3.59562e+02  3.60049e+02  3.98799e+00  4.02736e+00  1.48174e-01  8.36578e+01  1.37451e+02  4.21972e+05 -4.64201e+05  6.60864e+02  0.00000e+00 -4.15678e+04  1.90375e+04 -2.25303e+04  1.48179e-01  1.00000e+00 -8.36496e+01  0.00000e+00  2.57598e+00 
 7.23722e-03  5.61783e-03  0.00000e+00  3.47944e+00  2.65975e-04  3.59604e+02  3.60050e+02  3.95442e+00  3.99531e+00  1.61825e-01  7.89361e+01  1.31045e+02  4.36530e+05 -4.80029e+05  6.25367e+02  0.00000e+00 -4.28739e+04  1.56811e+04 -2.71928e+04  1.61830e-01  1.00000e+00 -7.89277e+01  0.00000e+00  2.91461e+00 
 7.42387e-03  5.85632e-03  0.00000e+00  3.47944e+00  2.78430e-04  3.59646e+02  3.60050e+02  3.91739e+00  3.95975e+00  1.75648e-01  7.36361e+01  1.25184e+02  4.47432e+05 -4.93827e+05  5.92426e+02  0.00000e+00 -4.58030e+04  1.28740e+04 -3.29290e+04  1.75654e-01  1.00000e+00 -7.36276e+01  0.00000e+00  3.29934e+00 
 7.61342e-03  6.09482e-03  0.00000e+00  3.47944e+00  2.90463e-04  3.59687e+02  3.60050e+02  3.87687e+00  3.92059e+00  1.89236e-01  6.78922e+01  1.19998e+02  4.56308e+05 -5.06034e+05  5.62519e+02  0.00000e+00 -4.91642e+04  1.05610e+04 -3.86031e+04  1.89242e-01  1.00000e+00 -6.78835e+01  0.00000e+00  3.73879e+00 
 7.80566e-03  6.33332e-03  0.00000e+00  3.47944e+00  3.01611e-04  3.59727e+02  3.60050e+02  3.83248e+00  3.87737e+00  2.02730e-01  6.19354e+01  1.15563e+02  4.64256e+05 -5.18485e+05  5.36052e+02  0.00000e+00 -5.36931e+04  8.66060e+03 -4.50325e+04  2.02737e-01  1.00000e+00 -6.19265e+01  0.00000e+00  4.23937e+00 
 8.00039e-03  6.57182e-03  0.00000e+00  3.47944e+00  3.11320e-04  3.59767e+02  3.60050e+02  3.78432e+00  3.83012e+00  2.15690e-01  5.58045e+01  1.11959e+02  4.73419e+05 -5.32069e+05  5.13166e+02  0.00000e+00 -5.81367e+04  7.10565e+03 -5.10311e+04  2.15696e-01  1.00000e+00 -5.57953e+01  0.00000e+00  4.81751e+00 
 8.19744e-03  6.81033e-03  1.31016e-20  3.47944e+00  3.19202e-04  3.59807e+02  3.60050e+02  3.73148e+00  3.77786e+00  2.28466e-01  4.95807e+01  1.09195e+02  4.84688e+05 -5.49068e+05  4.93906e+02  0.00000e+00 -6.38863e+04  5.81283e+03 -5.80734e+04  2.28473e-01  1.00000e+00 -4.95713e+01  0.00000e+00  5.48460e+00 
 8.39664e-03  7.04884e-03  0.00000e+00  3.47944e+00  3.24774e-04  3.59847e+02  3.60050e+02  3.67437e+00  3.72095e+00  2.40587e-01  4.31576e+01  1.07322e+02  5.00545e+05 -5.70668e+05  4.78137e+02  0.00000e+00 -6.96443e+04  4.72231e+03 -6.49220e+04  2.40594e-01  1.00000e+00 -4.31479e+01  0.00000e+00  6.27392e+00 
 8.59784e-03  7.28736e-03  0.00000e+00  3.47944e+00  3.27848e-04  3.59887e+02  3.60051e+02  3.61067e+00  3.65699e+00  2.52592e-01  3.64212e+01  1.06316e+02  5.21607e+05 -5.99570e+05  4.65703e+02  0.00000e+00 -7.74969e+04  3.76004e+03 -7.37369e+04  2.52600e-01  1.00000e+00 -3.64111e+01  0.00000e+00  7.20743e+00 
 8.80092e-03  7.52587e-03  0.00000e+00  3.47944e+00  3.28030e-04  3.59929e+02  3.60051e+02  3.54211e+00  3.58773e+00  2.63971e-01  2.90886e+01  1.06258e+02  5.51387e+05 -6.37890e+05  4.56397e+02  0.00000e+00 -8.60468e+04  2.87178e+03 -8.31750e+04  2.63978e-01  1.00000e+00 -2.90781e+01  0.00000e+00  8.35740e+00 
 9.00573e-03  7.76439e-03 -1.17014e-20  3.47944e+00  3.25299e-04  3.59972e+02  3.60051e+02  3.46244e+00  3.50688e+00  2.75367e-01  2.07518e+01  1.07151e+02  5.90907e+05 -6.89572e+05  4.50013e+02  0.00000e+00 -9.82154e+04  1.98009e+03 -9.62353e+04  2.75376e-01  1.00000e+00 -2.07407e+01  0.00000e+00  9.77216e+00 
 9.21216e-03  8.00291e-03  0.00000e+00  3.47944e+00  3.19258e-04  3.60017e+02  3.60051e+02  3.37801e+00  3.42080e+00  2.86284e-01  1.07447e+01  1.09179e+02  6.46886e+05 -7.59814e+05  4.46532e+02  0.00000e+00 -1.12482e+05  1.00425e+03 -1.11478e+05  2.86292e-01  1.00000e+00 -1.07329e+01  0.00000e+00  1.16325e+01 
 9.42012e-03  8.24144e-03  0.00000e+00  3.47944e+00  3.09986e-04  3.60067e+02  3.60052e+02  3.27172e+00  3.31251e+00  2.97403e-01 -4.76078e+00  1.12445e+02  7.22887e+05 -8.56523e+05  4.45464e+02  0.00000e+00 -1.33191e+05 -4.44060e+02 -1.33635e+05  2.97414e-01  1.00000e+00  4.78702e+00  0.00000e+00  1.40800e+01 
 9.62949e-03  8.47996e-03  0.00000e+00  3.47944e+00  2.96981e-04  3.60125e+02  3.60052e+02  3.16150e+00  3.19987e+00  3.08321e-01 -4.48642e+01  1.17370e+02  8.35832e+05 -9.94061e+05  4.47498e+02  0.00000e+00 -1.57781e+05 -4.19292e+03 -1.61974e+05  3.08330e-01  1.00000e+00  4.48927e+01  0.00000e+00  1.76828e+01 
 9.84019e-03  8.71849e-03  0.00000e+00  3.47944e+00  2.80112e-04  3.60198e+02  3.60052e+02  3.00417e+00  3.04022e+00  3.19566e-01 -1.07920e+02  1.24439e+02  1.00362e+06 -1.19620e+06  4.50742e+02  0.00000e+00 -1.92135e+05 -1.03137e+04 -2.02448e+05  3.19579e-01  1.00000e+00  1.07952e+02  0.00000e+00  2.31117e+01 
 1.00521e-02  8.95702e-03  0.00000e+00  3.47944e+00  2.58571e-04  3.60305e+02  3.60053e+02  2.83494e+00  2.86862e+00  3.30861e-01 -2.24802e+02  1.34807e+02  1.29210e+06 -1.51199e+06  4.56956e+02  0.00000e+00 -2.19436e+05 -2.24766e+04 -2.41913e+05  3.30873e-01  1.00000e+00  2.24837e+02  0.00000e+00  3.31862e+01 
 1.02653e-02  9.19555e-03  0.00000e+00  3.47944e+00  2.33637e-04  3.60503e+02  3.60054e+02  2.54507e+00  2.57506e+00  3.43842e-01 -4.92420e+02  1.49196e+02  1.81608e+06 -1.99968e+06  4.50765e+02  0.00000e+00 -1.83153e+05 -5.24261e+04 -2.35579e+05  3.43859e-01  1.00000e+00  4.92461e+02  0.00000e+00  5.51892e+01 
 1.04795e-02  9.43408e-03  0.00000e+00  3.47944e+00  2.10402e-04  3.61045e+02  3.60054e+02  2.11117e+00  2.13232e+00  3.57681e-01 -4.49989e+03  1.65674e+02  3.01592e+06 -2.41318e+06  4.30859e+02  8.72428e+05  1.47560e+06 -1.48557e+06 -9.96780e+03  3.57686e-01  1.00000e+00  4.49993e+03  3.15489e+03  1.40270e+02 
