# Code_Saturne plot output (1D profile)
#
# Iteration output: 2948
# Time output:      2.30001e+01
#
#COLUMN_TITLES: Distance | X | Y | Z | diameter_Field2 | temp_Field1 | temp_Field2 | Velocity_Field1[Z] | Velocity_Field2[Z] | vol_f_Field2 | mass_trans_Field1 | Xd_Field2 | BK | COAL | COMP | NUCL | W1 | MT | SMBR | ALPBB | CONDNUM | GAMA | GAMANUC | epsilon_Field1
 4.56474e-03  1.39645e-04  0.00000e+00  3.47944e+00  4.33341e-05  3.59927e+02  3.60053e+02  4.81577e+00  4.82164e+00  7.00568e-02  9.85725e+01  8.04141e+02  7.05583e-18 -2.30841e+06  5.11894e+03  0.00000e+00 -2.30329e+06  6.42600e+05 -1.66069e+06  7.00372e-02  1.00000e+00 -9.87886e+01  0.00000e+00  3.81031e-01 
 4.57812e-03  3.76525e-04  4.25872e-21  3.47944e+00  6.84332e-05  3.59926e+02  3.60053e+02  4.81591e+00  4.82743e+00  7.10504e-02  5.28838e+01  5.09208e+02  3.03332e-04 -1.07914e+06  3.24156e+03  0.00000e+00 -1.07590e+06  2.15183e+05 -8.60715e+05  7.10344e-02  1.00000e+00 -5.30070e+01  0.00000e+00  3.85917e-01 
 4.60371e-03  6.13858e-04  0.00000e+00  3.47944e+00  9.05940e-05  3.59926e+02  3.60053e+02  4.81500e+00  4.83181e+00  7.27396e-02  3.69742e+01  3.84647e+02  5.47643e+00 -6.89034e+05  2.45048e+03  0.00000e+00 -6.86578e+05  1.10997e+05 -5.75581e+05  7.27240e-02  1.00000e+00 -3.70623e+01  0.00000e+00  3.95467e-01 
 4.64138e-03  8.51483e-04  0.00000e+00  3.47944e+00  1.09542e-04  3.59926e+02  3.60053e+02  4.81347e+00  4.83482e+00  7.51827e-02  2.95107e+01  3.18113e+02  3.93629e+02 -5.20003e+05  2.02785e+03  0.00000e+00 -5.17581e+05  7.08831e+04 -4.46698e+05  7.51679e-02  1.00000e+00 -2.95822e+01  0.00000e+00  4.09887e-01 
 4.69084e-03  1.08931e-03  0.00000e+00  3.47944e+00  1.26033e-04  3.59928e+02  3.60052e+02  4.81128e+00  4.83651e+00  7.84008e-02  2.53000e+01  2.76487e+02  3.96285e+03 -4.32398e+05  1.76321e+03  0.00000e+00 -4.26672e+05  5.06473e+04 -3.76025e+05  7.83867e-02  1.00000e+00 -2.53624e+01  0.00000e+00  4.29510e-01 
 4.75174e-03  1.32727e-03  1.05001e-20  3.47944e+00  1.40292e-04  3.59931e+02  3.60052e+02  4.80841e+00  4.83692e+00  8.24366e-02  2.27215e+01  2.48387e+02  1.60896e+04 -3.84861e+05  1.58431e+03  0.00000e+00 -3.67187e+05  3.88611e+04 -3.28326e+05  8.24230e-02  1.00000e+00 -2.27789e+01  0.00000e+00  4.54826e-01 
 4.82366e-03  1.56534e-03  0.00000e+00  3.47944e+00  1.52139e-04  3.59935e+02  3.60052e+02  4.80483e+00  4.83596e+00  8.73304e-02  2.11345e+01  2.29045e+02  3.98862e+04 -3.62022e+05  1.46083e+03  0.00000e+00 -3.20675e+05  3.14630e+04 -2.89212e+05  8.73189e-02  1.00000e+00 -2.11896e+01  0.00000e+00  4.86504e-01 
 4.90611e-03  1.80349e-03  8.81027e-21  3.47944e+00  1.61394e-04  3.59940e+02  3.60052e+02  4.80050e+00  4.83357e+00  9.31337e-02  2.02151e+01  2.15911e+02  7.40774e+04 -3.57074e+05  1.37662e+03  0.00000e+00 -2.81620e+05  2.66007e+04 -2.55019e+05  9.31246e-02  1.00000e+00 -2.02698e+01  0.00000e+00  5.25392e-01 
 4.99859e-03  2.04170e-03  0.00000e+00  3.47944e+00  1.68129e-04  3.59946e+02  3.60052e+02  4.79534e+00  4.82970e+00  9.98887e-02  1.97478e+01  2.07261e+02  1.15822e+05 -3.66475e+05  1.32069e+03  0.00000e+00 -2.49332e+05  2.32588e+04 -2.26074e+05  9.98829e-02  1.00000e+00 -1.98038e+01  0.00000e+00  5.72559e-01 
 5.10055e-03  2.27996e-03  7.58893e-21  3.47944e+00  1.72655e-04  3.59953e+02  3.60052e+02  4.78928e+00  4.82435e+00  1.07641e-01  1.95685e+01  2.01828e+02  1.63401e+05 -3.88328e+05  1.28467e+03  0.00000e+00 -2.23642e+05  2.08284e+04 -2.02814e+05  1.07638e-01  1.00000e+00 -1.96273e+01  0.00000e+00  6.29299e-01 
 5.21143e-03  2.51826e-03  7.09702e-21  3.47944e+00  1.75415e-04  3.59960e+02  3.60052e+02  4.78220e+00  4.81751e+00  1.16424e-01  1.95424e+01  1.98653e+02  2.16709e+05 -4.21717e+05  1.26352e+03  0.00000e+00 -2.03745e+05  1.89321e+04 -1.84813e+05  1.16419e-01  1.00000e+00 -1.96051e+01  0.00000e+00  6.97171e-01 
 5.33068e-03  2.75659e-03  1.33300e-20  3.47944e+00  1.76838e-04  3.59968e+02  3.60052e+02  4.77396e+00  4.80915e+00  1.26235e-01  1.95557e+01  1.97055e+02  2.76676e+05 -4.66345e+05  1.25167e+03  0.00000e+00 -1.88417e+05  1.73362e+04 -1.71081e+05  1.26227e-01  1.00000e+00 -1.96234e+01  0.00000e+00  7.78014e-01 
 5.45775e-03  2.99495e-03  1.25651e-20  3.47944e+00  1.77295e-04  3.59977e+02  3.60052e+02  4.76442e+00  4.79921e+00  1.37076e-01  1.95152e+01  1.96546e+02  3.44669e+05 -5.22431e+05  1.24639e+03  0.00000e+00 -1.76515e+05  1.58957e+04 -1.60620e+05  1.37066e-01  1.00000e+00 -1.95889e+01  0.00000e+00  8.73979e-01 
 5.59212e-03  3.23333e-03  0.00000e+00  3.47944e+00  1.77084e-04  3.59986e+02  3.60052e+02  4.75339e+00  4.78759e+00  1.48919e-01  1.93403e+01  1.96780e+02  4.22101e+05 -5.90407e+05  1.24542e+03  0.00000e+00 -1.67061e+05  1.45231e+04 -1.52538e+05  1.48909e-01  1.00000e+00 -1.94210e+01  0.00000e+00  9.87535e-01 
 5.73326e-03  3.47172e-03  0.00000e+00  3.47944e+00  1.76433e-04  3.59995e+02  3.60052e+02  4.74066e+00  4.77414e+00  1.61700e-01  1.89635e+01  1.97506e+02  5.10219e+05 -6.70746e+05  1.24710e+03  0.00000e+00 -1.59279e+05  1.31693e+04 -1.46110e+05  1.61690e-01  1.00000e+00 -1.90520e+01  0.00000e+00  1.12149e+00 
 5.88069e-03  3.71014e-03 -5.35987e-21  3.47944e+00  1.75518e-04  3.60004e+02  3.60052e+02  4.72598e+00  4.75864e+00  1.75326e-01  1.83332e+01  1.98536e+02  6.09949e+05 -7.63836e+05  1.25018e+03  0.00000e+00 -1.52637e+05  1.18104e+04 -1.40827e+05  1.75317e-01  1.00000e+00 -1.84302e+01  0.00000e+00  1.27893e+00 
 6.03395e-03  3.94857e-03  5.10973e-21  3.47944e+00  1.74472e-04  3.60012e+02  3.60052e+02  4.70911e+00  4.74089e+00  1.89673e-01  1.74158e+01  1.99726e+02  7.21830e+05 -8.69833e+05  1.25365e+03  0.00000e+00 -1.46750e+05  1.04411e+04 -1.36309e+05  1.89665e-01  1.00000e+00 -1.75219e+01  0.00000e+00  1.46327e+00 
 6.19261e-03  4.18701e-03  0.00000e+00  3.47944e+00  1.73399e-04  3.60021e+02  3.60052e+02  4.68978e+00  4.72066e+00  2.04597e-01  1.61991e+01  2.00963e+02  8.45924e+05 -9.88580e+05  1.25671e+03  0.00000e+00 -1.41399e+05  9.06832e+03 -1.32331e+05  2.04590e-01  1.00000e+00 -1.63148e+01  0.00000e+00  1.67817e+00 
 6.35626e-03  4.42546e-03  0.00000e+00  3.47944e+00  1.72373e-04  3.60028e+02  3.60052e+02  4.66772e+00  4.69767e+00  2.19929e-01  1.46927e+01  2.02160e+02  9.81835e+05 -1.11951e+06  1.25874e+03  0.00000e+00 -1.36417e+05  7.70777e+03 -1.28709e+05  2.19924e-01  1.00000e+00 -1.48183e+01  0.00000e+00  1.92752e+00 
 6.52453e-03  4.66392e-03 -8.96437e-21  3.47944e+00  1.71449e-04  3.60036e+02  3.60052e+02  4.64265e+00  4.67167e+00  2.35505e-01  1.29285e+01  2.03249e+02  1.12864e+06 -1.26170e+06  1.25925e+03  0.00000e+00 -1.31802e+05  6.37992e+03 -1.25422e+05  2.35501e-01  1.00000e+00 -1.30639e+01  0.00000e+00  2.21531e+00 
 6.69707e-03  4.90238e-03  1.72236e-20  3.47944e+00  1.70658e-04  3.60042e+02  3.60052e+02  4.61433e+00  4.64241e+00  2.51144e-01  1.09566e+01  2.04192e+02  1.28510e+06 -1.41387e+06  1.25790e+03  0.00000e+00 -1.27509e+05  5.10761e+03 -1.22402e+05  2.51142e-01  1.00000e+00 -1.11018e+01  0.00000e+00  2.54573e+00 
 6.87356e-03  5.14086e-03  8.28595e-21  3.47944e+00  1.70013e-04  3.60048e+02  3.60052e+02  4.58254e+00  4.60970e+00  2.66683e-01  8.84192e+00  2.04967e+02  1.44974e+06 -1.57457e+06  1.25451e+03  0.00000e+00 -1.23581e+05  3.91270e+03 -1.19668e+05  2.66683e-01  1.00000e+00 -8.99674e+00  0.00000e+00  2.92308e+00 
 7.05370e-03  5.37934e-03 -1.59677e-20  3.47944e+00  1.69505e-04  3.60053e+02  3.60053e+02  4.54711e+00  4.57337e+00  2.81976e-01  6.65796e+00  2.05582e+02  1.62115e+06 -1.74247e+06  1.24909e+03  0.00000e+00 -1.20074e+05  2.81436e+03 -1.17260e+05  2.81977e-01  1.00000e+00 -6.82198e+00  0.00000e+00  3.35213e+00 
 7.23722e-03  5.61783e-03  0.00000e+00  3.47944e+00  1.69108e-04  3.60058e+02  3.60053e+02  4.50791e+00  4.53328e+00  2.96899e-01  4.48020e+00  2.06065e+02  1.79821e+06 -1.91650e+06  1.24177e+03  0.00000e+00 -1.17047e+05  1.82734e+03 -1.15220e+05  2.96901e-01  1.00000e+00 -4.65298e+00  0.00000e+00  3.83822e+00 
 7.42387e-03  5.85632e-03  0.00000e+00  3.47944e+00  1.68780e-04  3.60062e+02  3.60053e+02  4.46479e+00  4.48929e+00  3.11366e-01  2.38163e+00  2.06466e+02  1.98035e+06 -2.09627e+06  1.23282e+03  0.00000e+00 -1.14685e+05  9.61539e+02 -1.13724e+05  3.11369e-01  1.00000e+00 -2.56272e+00  0.00000e+00  4.38788e+00 
 7.61342e-03  6.09482e-03  0.00000e+00  3.47944e+00  1.68462e-04  3.60065e+02  3.60053e+02  4.41759e+00  4.44123e+00  3.25294e-01  4.29311e-01  2.06856e+02  2.16791e+06 -2.28210e+06  1.22259e+03  0.00000e+00 -1.12969e+05  2.22468e+02 -1.12747e+05  3.25297e-01  1.00000e+00 -6.18286e-01  0.00000e+00  5.00946e+00 
 7.80566e-03  6.33332e-03  0.00000e+00  3.47944e+00  1.68091e-04  3.60068e+02  3.60053e+02  4.36619e+00  4.38898e+00  3.38690e-01 -2.81664e+00  2.07313e+02  2.36190e+06 -2.47557e+06  1.21151e+03  0.00000e+00 -1.12458e+05 -8.54358e+02 -1.13313e+05  3.38691e-01  1.00000e+00  2.46678e+00  0.00000e+00  5.71377e+00 
 8.00039e-03  6.57182e-03  0.00000e+00  3.47944e+00  1.67577e-04  3.60070e+02  3.60053e+02  4.31035e+00  4.33228e+00  3.51467e-01 -6.09549e+00  2.07951e+02  2.56550e+06 -2.67932e+06  1.20010e+03  0.00000e+00 -1.12622e+05 -1.92027e+03 -1.14543e+05  3.51468e-01  1.00000e+00  5.73595e+00  0.00000e+00  6.51685e+00 
 8.19744e-03  6.81033e-03  1.31016e-20  3.47944e+00  1.66829e-04  3.60071e+02  3.60053e+02  4.24967e+00  4.27073e+00  3.63718e-01 -8.98845e+00  2.08883e+02  2.78235e+06 -2.89831e+06  1.18888e+03  0.00000e+00 -1.14767e+05 -2.80092e+03 -1.17568e+05  3.63718e-01  1.00000e+00  8.61958e+00  0.00000e+00  7.43921e+00 
 8.39664e-03  7.04884e-03  0.00000e+00  3.47944e+00  1.65725e-04  3.60073e+02  3.60054e+02  4.18379e+00  4.20394e+00  3.75413e-01 -1.16125e+01  2.10276e+02  3.01973e+06 -3.13971e+06  1.17845e+03  0.00000e+00 -1.18807e+05 -3.56042e+03 -1.22367e+05  3.75412e-01  1.00000e+00  1.12344e+01  0.00000e+00  8.51305e+00 
 8.59784e-03  7.28736e-03  0.00000e+00  3.47944e+00  1.64157e-04  3.60074e+02  3.60054e+02  4.11164e+00  4.13085e+00  3.86634e-01 -1.41487e+01  2.12286e+02  3.28587e+06 -3.41321e+06  1.16940e+03  0.00000e+00 -1.26168e+05 -4.27495e+03 -1.30443e+05  3.86639e-01  1.00000e+00  1.37610e+01  0.00000e+00  9.77998e+00 
 8.80092e-03  7.52587e-03  0.00000e+00  3.47944e+00  1.61965e-04  3.60075e+02  3.60054e+02  4.03317e+00  4.05137e+00  3.97450e-01 -1.68739e+01  2.15161e+02  3.59618e+06 -3.73497e+06  1.16238e+03  0.00000e+00 -1.37627e+05 -5.04646e+03 -1.42674e+05  3.97453e-01  1.00000e+00  1.64759e+01  0.00000e+00  1.13123e+01 
 9.00573e-03  7.76439e-03 -1.17014e-20  3.47944e+00  1.59016e-04  3.60076e+02  3.60054e+02  3.94451e+00  3.96161e+00  4.07973e-01 -2.02671e+01  2.19152e+02  3.96776e+06 -4.12535e+06  1.15799e+03  0.00000e+00 -1.56432e+05 -6.03533e+03 -1.62467e+05  4.07974e-01  1.00000e+00  1.98578e+01  0.00000e+00  1.32005e+01 
 9.21216e-03  8.00291e-03  0.00000e+00  3.47944e+00  1.55069e-04  3.60078e+02  3.60055e+02  3.84867e+00  3.86458e+00  4.18280e-01 -2.51822e+01  2.24732e+02  4.43826e+06 -4.62332e+06  1.15745e+03  0.00000e+00 -1.83902e+05 -7.52665e+03 -1.91429e+05  4.18282e-01  1.00000e+00  2.47597e+01  0.00000e+00  1.56331e+01 
 9.42012e-03  8.24144e-03  0.00000e+00  3.47944e+00  1.49933e-04  3.60080e+02  3.60055e+02  3.73268e+00  3.74729e+00  4.28515e-01 -3.34693e+01  2.32433e+02  5.05199e+06 -5.28136e+06  1.16096e+03  0.00000e+00 -2.28209e+05 -1.01372e+04 -2.38346e+05  4.28516e-01  1.00000e+00  3.30315e+01  0.00000e+00  1.88517e+01 
 9.62949e-03  8.47996e-03  0.00000e+00  3.47944e+00  1.43156e-04  3.60085e+02  3.60056e+02  3.60878e+00  3.62199e+00  4.38689e-01 -4.93637e+01  2.43438e+02  5.92766e+06 -6.21845e+06  1.17235e+03  0.00000e+00 -2.89615e+05 -1.53556e+04 -3.04971e+05  4.38688e-01  1.00000e+00  4.89069e+01  0.00000e+00  2.34847e+01 
 9.84019e-03  8.71849e-03  0.00000e+00  3.47944e+00  1.34454e-04  3.60095e+02  3.60056e+02  3.43920e+00  3.45094e+00  4.49011e-01 -8.47693e+01  2.59196e+02  7.23544e+06 -7.62307e+06  1.18884e+03  0.00000e+00 -3.86442e+05 -2.75310e+04 -4.13973e+05  4.49004e-01  1.00000e+00  8.42889e+01  0.00000e+00  3.05105e+01 
 1.00521e-02  8.95702e-03  0.00000e+00  3.47944e+00  1.23066e-04  3.60119e+02  3.60057e+02  3.25263e+00  3.26289e+00  4.59535e-01 -1.80221e+02  2.83184e+02  9.51942e+06 -1.00058e+07  1.21948e+03  0.00000e+00 -4.85158e+05 -6.26632e+04 -5.47822e+05  4.59523e-01  1.00000e+00  1.79710e+02  0.00000e+00  4.32461e+01 
 1.02653e-02  9.19555e-03  0.00000e+00  3.47944e+00  1.09416e-04  3.60192e+02  3.60058e+02  2.94130e+00  2.94990e+00  4.70938e-01 -5.21568e+02  3.18517e+02  1.39670e+07 -1.43316e+07  1.23265e+03  0.00000e+00 -3.63400e+05 -1.99396e+05 -5.62796e+05  4.70926e-01  1.00000e+00  5.21018e+02  0.00000e+00  7.10508e+01 
 1.04795e-02  9.43408e-03  0.00000e+00  3.47944e+00  9.73646e-05  3.60543e+02  3.60059e+02  2.47784e+00  2.48323e+00  4.84750e-01 -5.79196e+03  3.57947e+02  2.48655e+07 -2.17730e+07  1.20802e+03  8.95012e+05  3.98875e+06 -4.07250e+06 -8.37471e+04  4.84736e-01  1.00000e+00  5.79137e+03  3.35701e+03  1.76459e+02 
