# Code_Saturne plot output (1D profile)
#
# Iteration output: 4902
# Time output:      2.30008e+01
#
#COLUMN_TITLES: Distance | X | Y | Z | diameter_Field2 | temp_Field1 | temp_Field2 | Velocity_Field1[Z] | Velocity_Field2[Z] | vol_f_Field2 | mass_trans_Field1 | Xd_Field2 | BK | COAL | COMP | NUCL | W1 | MT | SMBR | ALPBB | CONDNUM | GAMA | GAMANUC | epsilon_Field1
 4.56474e-03  1.39645e-04  0.00000e+00  3.47944e+00  4.37038e-05  3.60049e+02  3.60054e+02  5.01845e+00  5.02466e+00  9.50780e-02  1.91280e+01  7.97276e+02  3.95605e-20 -2.20890e+06  5.28057e+03  0.00000e+00 -2.20362e+06  9.31173e+04 -2.11050e+06  9.50783e-02  1.00000e+00 -1.82681e+01  0.00000e+00  3.29034e-01 
 4.57812e-03  3.76525e-04  4.25872e-21  3.47944e+00  6.71438e-05  3.60049e+02  3.60054e+02  5.01871e+00  5.03042e+00  9.60560e-02  1.06418e+01  5.18946e+02  7.66764e-06 -1.08035e+06  3.44023e+03  0.00000e+00 -1.07691e+06  3.33591e+04 -1.04355e+06  9.60536e-02  1.00000e+00 -1.01551e+01  0.00000e+00  3.33870e-01 
 4.60371e-03  6.13858e-04  0.00000e+00  3.47944e+00  8.96259e-05  3.60049e+02  3.60054e+02  5.01795e+00  5.03528e+00  9.77890e-02  7.28912e+00  3.88771e+02  8.18095e-01 -6.77582e+05  2.57995e+03  0.00000e+00 -6.75002e+05  1.68071e+04 -6.58195e+05  9.77848e-02  1.00000e+00 -6.95197e+00  0.00000e+00  3.43348e-01 
 4.64138e-03  8.51483e-04  0.00000e+00  3.47944e+00  1.09788e-04  3.60049e+02  3.60054e+02  5.01662e+00  5.03904e+00  1.00392e-01  5.61983e+00  3.17374e+02  1.42928e+02 -4.97703e+05  2.10779e+03  0.00000e+00 -4.95452e+05  1.02943e+04 -4.85158e+05  1.00387e-01  1.00000e+00 -5.35462e+00  0.00000e+00  3.57647e-01 
 4.69084e-03  1.08931e-03  0.00000e+00  3.47944e+00  1.27806e-04  3.60050e+02  3.60054e+02  5.01469e+00  5.04167e+00  1.03889e-01  4.61802e+00  2.72633e+02  2.27034e+03 -4.03396e+05  1.81151e+03  0.00000e+00 -3.99314e+05  7.00976e+03 -3.92304e+05  1.03884e-01  1.00000e+00 -4.39241e+00  0.00000e+00  3.77133e-01 
 4.75174e-03  1.32727e-03  1.05001e-20  3.47944e+00  1.43758e-04  3.60051e+02  3.60054e+02  5.01214e+00  5.04302e+00  1.08342e-01  3.93609e+00  2.42379e+02  1.18923e+04 -3.50643e+05  1.61111e+03  0.00000e+00 -3.37140e+05  5.07911e+03 -3.32061e+05  1.08337e-01  1.00000e+00 -3.73334e+00  0.00000e+00  4.02329e-01 
 4.82366e-03  1.56534e-03  0.00000e+00  3.47944e+00  1.57278e-04  3.60052e+02  3.60054e+02  5.00891e+00  5.04297e+00  1.13803e-01  3.43289e+00  2.21543e+02  3.41132e+04 -3.22999e+05  1.47287e+03  0.00000e+00 -2.87412e+05  3.83845e+03 -2.83574e+05  1.13796e-01  1.00000e+00 -3.24230e+00  0.00000e+00  4.33958e-01 
 4.90611e-03  1.80349e-03  8.81027e-21  3.47944e+00  1.67821e-04  3.60054e+02  3.60054e+02  5.00494e+00  5.04133e+00  1.20315e-01  3.03564e+00  2.07626e+02  6.85391e+04 -3.13593e+05  1.38021e+03  0.00000e+00 -2.43673e+05  2.99001e+03 -2.40683e+05  1.20307e-01  1.00000e+00 -2.84914e+00  0.00000e+00  4.72981e-01 
 4.99859e-03  2.04170e-03  0.00000e+00  3.47944e+00  1.75148e-04  3.60056e+02  3.60054e+02  5.00015e+00  5.03799e+00  1.27952e-01  2.69234e+00  1.98940e+02  1.11239e+05 -3.19099e+05  1.32175e+03  0.00000e+00 -2.06539e+05  2.36679e+03 -2.04172e+05  1.27944e-01  1.00000e+00 -2.50320e+00  0.00000e+00  5.20563e-01 
 5.10055e-03  2.27996e-03  7.58893e-21  3.47944e+00  1.79482e-04  3.60058e+02  3.60054e+02  4.99442e+00  5.03290e+00  1.36695e-01  2.35688e+00  1.94135e+02  1.59209e+05 -3.37571e+05  1.28865e+03  0.00000e+00 -1.77073e+05  1.86489e+03 -1.75209e+05  1.36691e-01  1.00000e+00 -2.15938e+00  0.00000e+00  5.78175e-01 
 5.21143e-03  2.51826e-03  7.09702e-21  3.47944e+00  1.81355e-04  3.60060e+02  3.60054e+02  4.98763e+00  5.02607e+00  1.46584e-01  1.99077e+00  1.92131e+02  2.11785e+05 -3.68179e+05  1.27382e+03  0.00000e+00 -1.55120e+05  1.41857e+03 -1.53702e+05  1.46581e-01  1.00000e+00 -1.77982e+00  0.00000e+00  6.47512e-01 
 5.33068e-03  2.75659e-03  1.33300e-20  3.47944e+00  1.81378e-04  3.60063e+02  3.60053e+02  4.97962e+00  5.01751e+00  1.57604e-01  1.56288e+00  1.92107e+02  2.70024e+05 -4.10753e+05  1.27173e+03  0.00000e+00 -1.39457e+05  9.88628e+02 -1.38469e+05  1.57602e-01  1.00000e+00 -1.33383e+00  0.00000e+00  7.30664e-01 
 5.45775e-03  2.99495e-03  1.25651e-20  3.47944e+00  1.80101e-04  3.60066e+02  3.60053e+02  4.97020e+00  5.00718e+00  1.69681e-01  1.05125e+00  1.93468e+02  3.35718e+05 -4.65540e+05  1.27838e+03  0.00000e+00 -1.28544e+05  5.54506e+02 -1.27989e+05  1.69679e-01  1.00000e+00 -7.99785e-01  0.00000e+00  8.30033e-01 
 5.59212e-03  3.23333e-03  0.00000e+00  3.47944e+00  1.77966e-04  3.60068e+02  3.60053e+02  4.95916e+00  4.99496e+00  1.82791e-01  4.46212e-01  1.95789e+02  4.10735e+05 -5.33315e+05  1.29078e+03  0.00000e+00 -1.21289e+05  1.09548e+02 -1.21180e+05  1.82791e-01  1.00000e+00 -1.68198e-01  0.00000e+00  9.48267e-01 
 5.73326e-03  3.47172e-03  0.00000e+00  3.47944e+00  1.75300e-04  3.60070e+02  3.60053e+02  4.94627e+00  4.98072e+00  1.96782e-01 -5.83912e-01  1.98767e+02  4.96926e+05 -6.14757e+05  1.30700e+03  0.00000e+00 -1.16524e+05 -7.48122e+02 -1.17272e+05  1.96785e-01  1.00000e+00  1.21806e+00  0.00000e+00  1.08842e+00 
 5.88069e-03  3.71014e-03 -5.35987e-21  3.47944e+00  1.72339e-04  3.60072e+02  3.60053e+02  4.93132e+00  4.96432e+00  2.11545e-01 -2.21620e+00  2.02182e+02  5.95697e+05 -7.10721e+05  1.32545e+03  0.00000e+00 -1.13699e+05 -1.69586e+03 -1.15395e+05  2.11550e-01  1.00000e+00  2.91814e+00  0.00000e+00  1.25362e+00 
 6.03395e-03  3.94857e-03  5.10973e-21  3.47944e+00  1.69249e-04  3.60074e+02  3.60053e+02  4.91397e+00  4.94568e+00  2.26859e-01 -3.96817e+00  2.05874e+02  7.08167e+05 -8.21681e+05  1.34592e+03  0.00000e+00 -1.12168e+05 -2.61767e+03 -1.14786e+05  2.26864e-01  1.00000e+00  4.74378e+00  0.00000e+00  1.44724e+00 
 6.19261e-03  4.18701e-03  0.00000e+00  3.47944e+00  1.66138e-04  3.60076e+02  3.60053e+02  4.89988e+00  4.93179e+00  2.42590e-01 -5.76755e+00  2.09729e+02  8.37544e+05 -9.48939e+05  1.35884e+03  0.00000e+00 -1.10036e+05 -3.48157e+03 -1.13518e+05  2.42594e-01  1.00000e+00  6.62279e+00  0.00000e+00  1.67658e+00 
 6.35626e-03  4.42546e-03  0.00000e+00  3.47944e+00  1.63092e-04  3.60077e+02  3.60053e+02  4.87670e+00  4.90698e+00  2.58549e-01 -7.57432e+00  2.13646e+02  9.84114e+05 -1.09268e+06  1.37828e+03  0.00000e+00 -1.07186e+05 -4.27715e+03 -1.11463e+05  2.58553e-01  1.00000e+00  8.51235e+00  0.00000e+00  1.94577e+00 
 6.52453e-03  4.66392e-03 -8.96437e-21  3.47944e+00  1.60180e-04  3.60078e+02  3.60053e+02  4.85036e+00  4.87903e+00  2.74617e-01 -9.30313e+00  2.17531e+02  1.14485e+06 -1.25208e+06  1.39645e+03  0.00000e+00 -1.05841e+05 -4.97397e+03 -1.10815e+05  2.74622e-01  1.00000e+00  1.03266e+01  0.00000e+00  2.25453e+00 
 6.69707e-03  4.90238e-03  1.72236e-20  3.47944e+00  1.57424e-04  3.60078e+02  3.60053e+02  4.82068e+00  4.84779e+00  2.90545e-01 -1.08889e+01  2.21340e+02  1.32053e+06 -1.42672e+06  1.41283e+03  0.00000e+00 -1.04783e+05 -5.55830e+03 -1.10341e+05  2.90553e-01  1.00000e+00  1.19990e+01  0.00000e+00  2.60868e+00 
 6.87356e-03  5.14086e-03  8.28595e-21  3.47944e+00  1.54844e-04  3.60078e+02  3.60053e+02  4.78744e+00  4.81305e+00  3.06245e-01 -1.22831e+01  2.25027e+02  1.50997e+06 -1.61598e+06  1.42744e+03  0.00000e+00 -1.04583e+05 -6.02299e+03 -1.10606e+05  3.06257e-01  1.00000e+00  1.34803e+01  0.00000e+00  3.01175e+00 
 7.05370e-03  5.37934e-03 -1.59677e-20  3.47944e+00  1.52433e-04  3.60078e+02  3.60054e+02  4.75055e+00  4.77474e+00  3.21595e-01 -1.34495e+01  2.28588e+02  1.71354e+06 -1.81956e+06  1.43978e+03  0.00000e+00 -1.04583e+05 -6.36770e+03 -1.10951e+05  3.21606e-01  1.00000e+00  1.47330e+01  0.00000e+00  3.47040e+00 
 7.23722e-03  5.61783e-03  0.00000e+00  3.47944e+00  1.50176e-04  3.60078e+02  3.60054e+02  4.70987e+00  4.73271e+00  3.36453e-01 -1.43737e+01  2.32024e+02  1.93043e+06 -2.03658e+06  1.45019e+03  0.00000e+00 -1.04699e+05 -6.60120e+03 -1.11300e+05  3.36463e-01  1.00000e+00  1.57422e+01  0.00000e+00  3.98946e+00 
 7.42387e-03  5.85632e-03  0.00000e+00  3.47944e+00  1.48046e-04  3.60078e+02  3.60054e+02  4.66529e+00  4.68685e+00  3.50817e-01 -1.50533e+01  2.35362e+02  2.16073e+06 -2.26744e+06  1.45837e+03  0.00000e+00 -1.05248e+05 -6.73318e+03 -1.11981e+05  3.50823e-01  1.00000e+00  1.65048e+01  0.00000e+00  4.57639e+00 
 7.61342e-03  6.09482e-03  0.00000e+00  3.47944e+00  1.46006e-04  3.60078e+02  3.60054e+02  4.61664e+00  4.63698e+00  3.64584e-01 -1.55077e+01  2.38651e+02  2.40540e+06 -2.51254e+06  1.46478e+03  0.00000e+00 -1.05669e+05 -6.78276e+03 -1.12452e+05  3.64587e-01  1.00000e+00  1.70405e+01  0.00000e+00  5.24038e+00 
 7.80566e-03  6.33332e-03  0.00000e+00  3.47944e+00  1.44014e-04  3.60077e+02  3.60054e+02  4.56377e+00  4.58293e+00  3.77880e-01 -1.57637e+01  2.41954e+02  2.66579e+06 -2.77454e+06  1.46954e+03  0.00000e+00 -1.07273e+05 -6.76544e+03 -1.14038e+05  3.77880e-01  1.00000e+00  1.73762e+01  0.00000e+00  5.99400e+00 
 8.00039e-03  6.57182e-03  0.00000e+00  3.47944e+00  1.42015e-04  3.60077e+02  3.60054e+02  4.50633e+00  4.52435e+00  3.90671e-01 -1.58617e+01  2.45362e+02  2.94497e+06 -3.05643e+06  1.47293e+03  0.00000e+00 -1.09981e+05 -6.70367e+03 -1.16685e+05  3.90667e-01  1.00000e+00  1.75530e+01  0.00000e+00  6.85382e+00 
 8.19744e-03  6.81033e-03  1.31016e-20  3.47944e+00  1.39947e-04  3.60076e+02  3.60054e+02  4.44403e+00  4.46093e+00  4.03073e-01 -1.58465e+01  2.48988e+02  3.24795e+06 -3.36435e+06  1.47523e+03  0.00000e+00 -1.14933e+05 -6.61750e+03 -1.21550e+05  4.03061e-01  1.00000e+00  1.76167e+01  0.00000e+00  7.84504e+00 
 8.39664e-03  7.04884e-03  0.00000e+00  3.47944e+00  1.37735e-04  3.60076e+02  3.60055e+02  4.37626e+00  4.39207e+00  4.14947e-01 -1.57780e+01  2.52988e+02  3.58174e+06 -3.70453e+06  1.47712e+03  0.00000e+00 -1.21309e+05 -6.53568e+03 -1.27845e+05  4.14932e-01  1.00000e+00  1.76283e+01  0.00000e+00  8.99720e+00 
 8.59784e-03  7.28736e-03  0.00000e+00  3.47944e+00  1.35299e-04  3.60075e+02  3.60055e+02  4.30221e+00  4.31693e+00  4.26426e-01 -1.57398e+01  2.57544e+02  3.95681e+06 -4.08923e+06  1.47948e+03  0.00000e+00 -1.30935e+05 -6.49045e+03 -1.37426e+05  4.26419e-01  1.00000e+00  1.76729e+01  0.00000e+00  1.03576e+01 
 8.80092e-03  7.52587e-03  0.00000e+00  3.47944e+00  1.32536e-04  3.60075e+02  3.60055e+02  4.22137e+00  4.23498e+00  4.37497e-01 -1.58641e+01  2.62916e+02  4.39056e+06 -4.53565e+06  1.48267e+03  0.00000e+00 -1.43607e+05 -6.53545e+03 -1.50143e+05  4.37507e-01  1.00000e+00  1.78855e+01  0.00000e+00  1.19979e+01 
 9.00573e-03  7.76439e-03 -1.17014e-20  3.47944e+00  1.29335e-04  3.60074e+02  3.60055e+02  4.13066e+00  4.14313e+00  4.48440e-01 -1.64018e+01  2.69423e+02  4.90581e+06 -5.07198e+06  1.48802e+03  0.00000e+00 -1.64682e+05 -6.76517e+03 -1.71447e+05  4.48469e-01  1.00000e+00  1.85200e+01  0.00000e+00  1.40249e+01 
 9.21216e-03  8.00291e-03  0.00000e+00  3.47944e+00  1.25521e-04  3.60074e+02  3.60056e+02  4.03164e+00  4.04293e+00  4.59224e-01 -1.78150e+01  2.77612e+02  5.54661e+06 -5.74305e+06  1.49655e+03  0.00000e+00 -1.94950e+05 -7.36649e+03 -2.02316e+05  4.59278e-01  1.00000e+00  2.00432e+01  0.00000e+00  1.66240e+01 
 9.42012e-03  8.24144e-03  0.00000e+00  3.47944e+00  1.20923e-04  3.60075e+02  3.60056e+02  3.91377e+00  3.92385e+00  4.70180e-01 -2.12732e+01  2.88171e+02  6.37321e+06 -6.62093e+06  1.50906e+03  0.00000e+00 -2.46210e+05 -8.80490e+03 -2.55015e+05  4.70250e-01  1.00000e+00  2.36303e+01  0.00000e+00  2.00793e+01 
 9.62949e-03  8.47996e-03  0.00000e+00  3.47944e+00  1.15185e-04  3.60076e+02  3.60057e+02  3.78211e+00  3.79054e+00  4.81172e-01 -2.96082e+01  3.02529e+02  7.51741e+06 -7.84497e+06  1.52984e+03  0.00000e+00 -3.26029e+05 -1.22791e+04 -3.38308e+05  4.81247e-01  1.00000e+00  3.21239e+01  0.00000e+00  2.49584e+01 
 9.84019e-03  8.71849e-03  0.00000e+00  3.47944e+00  1.07997e-04  3.60081e+02  3.60057e+02  3.61096e+00  3.61807e+00  4.92668e-01 -5.18482e+01  3.22669e+02  9.20358e+06 -9.67275e+06  1.56041e+03  0.00000e+00 -4.67609e+05 -2.17302e+04 -4.89340e+05  4.92688e-01  1.00000e+00  5.45655e+01  0.00000e+00  3.23160e+01 
 1.00521e-02  8.95702e-03  0.00000e+00  3.47944e+00  9.85449e-05  3.60093e+02  3.60058e+02  3.42104e+00  3.42669e+00  5.04626e-01 -1.22472e+02  3.53621e+02  1.21249e+07 -1.28057e+07  1.61111e+03  0.00000e+00 -6.79226e+05 -5.34728e+04 -7.32699e+05  5.04594e-01  1.00000e+00  1.25470e+02  0.00000e+00  4.53851e+01 
 1.02653e-02  9.19555e-03  0.00000e+00  3.47944e+00  8.64803e-05  3.60140e+02  3.60059e+02  3.10773e+00  3.11198e+00  5.17580e-01 -4.32418e+02  4.02960e+02  1.81053e+07 -1.89402e+07  1.65820e+03  0.00000e+00 -8.33167e+05 -2.06370e+05 -1.03954e+06  5.17510e-01  1.00000e+00  4.35812e+02  0.00000e+00  7.39556e+01 
 1.04795e-02  9.43408e-03  0.00000e+00  3.47944e+00  7.25776e-05  3.60423e+02  3.60060e+02  2.64397e+00  2.64562e+00  5.39627e-01 -6.36263e+03  4.80159e+02  3.50281e+07 -3.39211e+07  1.73186e+03  4.10742e+06  5.21616e+06 -5.51413e+06 -2.97961e+05  5.39607e-01  1.00000e+00  6.36654e+03  3.48965e+03  1.83231e+02 
