#NAME: DoE 1201-1320
#TITLE: DoE
#COLUMN_NAMES: Numero | NomEssai | FluxExp | BK | COAL | NUCL | MT

1201 Cas1201 1.225958e+05 1.774348e+00 1.146080e+00 1.678259e+00 1.043201e+00 
1202 Cas1202 2.191883e+05 9.410151e-01 1.446080e+00 1.892545e+00 1.179564e+00 
1203 Cas1203 9.844763e+04 1.441015e+00 1.746080e+00 6.374427e-01 1.315928e+00 
1204 Cas1204 1.950401e+05 1.941015e+00 6.060800e-01 8.517284e-01 1.452292e+00 
1205 Cas1205 1.467439e+05 6.632373e-01 9.060800e-01 1.066014e+00 1.588655e+00 
1206 Cas1206 2.433364e+05 1.163237e+00 1.206080e+00 1.280300e+00 1.725019e+00 
1207 Cas1207 8.637357e+04 1.663237e+00 1.506080e+00 1.494586e+00 1.861382e+00 
1208 Cas1208 1.829661e+05 8.299040e-01 1.806080e+00 1.708871e+00 1.997746e+00 
1209 Cas1209 1.346698e+05 1.329904e+00 6.660800e-01 1.923157e+00 5.112697e-01 
1210 Cas1210 2.312623e+05 1.829904e+00 9.660800e-01 6.680550e-01 6.476334e-01 
1211 Cas1211 1.105217e+05 9.965706e-01 1.266080e+00 8.823407e-01 7.839970e-01 
1212 Cas1212 2.071142e+05 1.496571e+00 1.566080e+00 1.096626e+00 9.203606e-01 
1213 Cas1213 1.588179e+05 1.996571e+00 1.866080e+00 1.310912e+00 1.056724e+00 
1214 Cas1214 2.554104e+05 5.048011e-01 7.260800e-01 1.525198e+00 1.193088e+00 
1215 Cas1215 6.675322e+04 1.004801e+00 1.026080e+00 1.739484e+00 1.329452e+00 
1216 Cas1216 1.633457e+05 1.504801e+00 1.326080e+00 1.953769e+00 1.465815e+00 
1217 Cas1217 1.150495e+05 6.714678e-01 1.626080e+00 6.986672e-01 1.602179e+00 
1218 Cas1218 2.116420e+05 1.171468e+00 1.926080e+00 9.129529e-01 1.738542e+00 
1219 Cas1219 9.090134e+04 1.671468e+00 7.860800e-01 1.127239e+00 1.874906e+00 
1220 Cas1220 1.874938e+05 8.381344e-01 1.086080e+00 1.341524e+00 5.236664e-01 
1221 Cas1221 1.391976e+05 1.338134e+00 1.386080e+00 1.555810e+00 6.600301e-01 
1222 Cas1222 2.357901e+05 1.838134e+00 1.686080e+00 1.770096e+00 7.963937e-01 
1223 Cas1223 7.882728e+04 5.603567e-01 1.986080e+00 1.984382e+00 9.327573e-01 
1224 Cas1224 1.754198e+05 1.060357e+00 5.580800e-01 5.193669e-01 1.069121e+00 
1225 Cas1225 1.271235e+05 1.560357e+00 8.580800e-01 7.336526e-01 1.205485e+00 
1226 Cas1226 2.237160e+05 7.270233e-01 1.158080e+00 9.479384e-01 1.341848e+00 
1227 Cas1227 1.029754e+05 1.227023e+00 1.458080e+00 1.162224e+00 1.478212e+00 
1228 Cas1228 1.995679e+05 1.727023e+00 1.758080e+00 1.376510e+00 1.614576e+00 
1229 Cas1229 1.512717e+05 8.936900e-01 6.180800e-01 1.590796e+00 1.750939e+00 
1230 Cas1230 2.478642e+05 1.393690e+00 9.180800e-01 1.805081e+00 1.887303e+00 
1231 Cas1231 7.279025e+04 1.893690e+00 1.218080e+00 5.499792e-01 5.360631e-01 
1232 Cas1232 1.693827e+05 6.159122e-01 1.518080e+00 7.642649e-01 6.724267e-01 
1233 Cas1233 1.210865e+05 1.115912e+00 1.818080e+00 9.785506e-01 8.087904e-01 
1234 Cas1234 2.176790e+05 1.615912e+00 6.780800e-01 1.192836e+00 9.451540e-01 
1235 Cas1235 9.693837e+04 7.825789e-01 9.780800e-01 1.407122e+00 1.081518e+00 
1236 Cas1236 1.935309e+05 1.282579e+00 1.278080e+00 1.621408e+00 1.217881e+00 
1237 Cas1237 1.452346e+05 1.782579e+00 1.578080e+00 1.835693e+00 1.354245e+00 
1238 Cas1238 2.418271e+05 9.492455e-01 1.878080e+00 5.805914e-01 1.490609e+00 
1239 Cas1239 8.486431e+04 1.449246e+00 7.380800e-01 7.948771e-01 1.626972e+00 
1240 Cas1240 1.814568e+05 1.949246e+00 1.038080e+00 1.009163e+00 1.763336e+00 
1241 Cas1241 1.331606e+05 5.233196e-01 1.338080e+00 1.223449e+00 1.899699e+00 
1242 Cas1242 2.297531e+05 1.023320e+00 1.638080e+00 1.437734e+00 5.484598e-01 
1243 Cas1243 1.090124e+05 1.523320e+00 1.938080e+00 1.652020e+00 6.848234e-01 
1244 Cas1244 2.056049e+05 6.899863e-01 7.980800e-01 1.866306e+00 8.211871e-01 
1245 Cas1245 1.573087e+05 1.189986e+00 1.098080e+00 6.112037e-01 9.575507e-01 
1246 Cas1246 2.539012e+05 1.689986e+00 1.398080e+00 8.254894e-01 1.093914e+00 
1247 Cas1247 6.977173e+04 8.566529e-01 1.698080e+00 1.039775e+00 1.230278e+00 
1248 Cas1248 1.663642e+05 1.356653e+00 1.998080e+00 1.254061e+00 1.366642e+00 
1249 Cas1249 1.180680e+05 1.856653e+00 5.009600e-01 1.468347e+00 1.503005e+00 
1250 Cas1250 2.146605e+05 5.788752e-01 8.009600e-01 1.682632e+00 1.639369e+00 
1251 Cas1251 9.391986e+04 1.078875e+00 1.100960e+00 1.896918e+00 1.775733e+00 
1252 Cas1252 1.905124e+05 1.578875e+00 1.400960e+00 6.418159e-01 1.912096e+00 
1253 Cas1253 1.422161e+05 7.455418e-01 1.700960e+00 8.561016e-01 5.608565e-01 
1254 Cas1254 2.388086e+05 1.245542e+00 5.609600e-01 1.070387e+00 6.972201e-01 
1255 Cas1255 8.184579e+04 1.745542e+00 8.609600e-01 1.284673e+00 8.335838e-01 
1256 Cas1256 1.784383e+05 9.122085e-01 1.160960e+00 1.498959e+00 9.699474e-01 
1257 Cas1257 1.301420e+05 1.412209e+00 1.460960e+00 1.713244e+00 1.106311e+00 
1258 Cas1258 2.267345e+05 1.912209e+00 1.760960e+00 1.927530e+00 1.242675e+00 
1259 Cas1259 1.059939e+05 6.344307e-01 6.209600e-01 6.724282e-01 1.379038e+00 
1260 Cas1260 2.025864e+05 1.134431e+00 9.209600e-01 8.867139e-01 1.515402e+00 
1261 Cas1261 1.542902e+05 1.634431e+00 1.220960e+00 1.101000e+00 1.651766e+00 
1262 Cas1262 2.508827e+05 8.010974e-01 1.520960e+00 1.315285e+00 1.788129e+00 
1263 Cas1263 7.580876e+04 1.301097e+00 1.820960e+00 1.529571e+00 1.924493e+00 
1264 Cas1264 1.724013e+05 1.801097e+00 6.809600e-01 1.743857e+00 5.732532e-01 
1265 Cas1265 1.241050e+05 9.677641e-01 9.809600e-01 1.958142e+00 7.096168e-01 
1266 Cas1266 2.206975e+05 1.467764e+00 1.280960e+00 7.030404e-01 8.459805e-01 
1267 Cas1267 9.995689e+04 1.967764e+00 1.580960e+00 9.173261e-01 9.823441e-01 
1268 Cas1268 1.965494e+05 5.418381e-01 1.880960e+00 1.131612e+00 1.118708e+00 
1269 Cas1269 1.482531e+05 1.041838e+00 7.409600e-01 1.345898e+00 1.255071e+00 
1270 Cas1270 2.448456e+05 1.541838e+00 1.040960e+00 1.560183e+00 1.391435e+00 
1271 Cas1271 8.788282e+04 7.085048e-01 1.340960e+00 1.774469e+00 1.527799e+00 
1272 Cas1272 1.844753e+05 1.208505e+00 1.640960e+00 1.988755e+00 1.664162e+00 
1273 Cas1273 1.361791e+05 1.708505e+00 1.940960e+00 5.237401e-01 1.800526e+00 
1274 Cas1274 2.327716e+05 8.751715e-01 5.129600e-01 7.380258e-01 1.936890e+00 
1275 Cas1275 1.120309e+05 1.375171e+00 8.129600e-01 9.523115e-01 5.856499e-01 
1276 Cas1276 2.086234e+05 1.875171e+00 1.112960e+00 1.166597e+00 7.220135e-01 
1277 Cas1277 1.603272e+05 5.973937e-01 1.412960e+00 1.380883e+00 8.583772e-01 
1278 Cas1278 2.569197e+05 1.097394e+00 1.712960e+00 1.595169e+00 9.947408e-01 
1279 Cas1279 6.486664e+04 1.597394e+00 5.729600e-01 1.809454e+00 1.131104e+00 
1280 Cas1280 1.614591e+05 7.640604e-01 8.729600e-01 5.543524e-01 1.267468e+00 
1281 Cas1281 1.131629e+05 1.264060e+00 1.172960e+00 7.686381e-01 1.403832e+00 
1282 Cas1282 2.097554e+05 1.764060e+00 1.472960e+00 9.829238e-01 1.540195e+00 
1283 Cas1283 8.901477e+04 9.307270e-01 1.772960e+00 1.197209e+00 1.676559e+00 
1284 Cas1284 1.856073e+05 1.430727e+00 6.329600e-01 1.411495e+00 1.812923e+00 
1285 Cas1285 1.373110e+05 1.930727e+00 9.329600e-01 1.625781e+00 1.949286e+00 
1286 Cas1286 2.339035e+05 6.529492e-01 1.232960e+00 1.840067e+00 5.980466e-01 
1287 Cas1287 7.694071e+04 1.152949e+00 1.532960e+00 5.849646e-01 7.344102e-01 
1288 Cas1288 1.735332e+05 1.652949e+00 1.832960e+00 7.992503e-01 8.707739e-01 
1289 Cas1289 1.252370e+05 8.196159e-01 6.929600e-01 1.013536e+00 1.007137e+00 
1290 Cas1290 2.218295e+05 1.319616e+00 9.929600e-01 1.227822e+00 1.143501e+00 
1291 Cas1291 1.010888e+05 1.819616e+00 1.292960e+00 1.442107e+00 1.279865e+00 
1292 Cas1292 1.976813e+05 9.862826e-01 1.592960e+00 1.656393e+00 1.416228e+00 
1293 Cas1293 1.493851e+05 1.486283e+00 1.892960e+00 1.870679e+00 1.552592e+00 
1294 Cas1294 2.459776e+05 1.986283e+00 7.529600e-01 6.155768e-01 1.688956e+00 
1295 Cas1295 7.090367e+04 5.109739e-01 1.052960e+00 8.298626e-01 1.825319e+00 
1296 Cas1296 1.674962e+05 1.010974e+00 1.352960e+00 1.044148e+00 1.961683e+00 
1297 Cas1297 1.191999e+05 1.510974e+00 1.652960e+00 1.258434e+00 6.104433e-01 
1298 Cas1298 2.157924e+05 6.776406e-01 1.952960e+00 1.472720e+00 7.468069e-01 
1299 Cas1299 9.505180e+04 1.177641e+00 5.249600e-01 1.687005e+00 8.831705e-01 
1300 Cas1300 1.916443e+05 1.677641e+00 8.249600e-01 1.901291e+00 1.019534e+00 
1301 Cas1301 1.433480e+05 8.443073e-01 1.124960e+00 6.461891e-01 1.155898e+00 
1302 Cas1302 2.399405e+05 1.344307e+00 1.424960e+00 8.604748e-01 1.292261e+00 
1303 Cas1303 8.297774e+04 1.844307e+00 1.724960e+00 1.074761e+00 1.428625e+00 
1304 Cas1304 1.795702e+05 5.665295e-01 5.849600e-01 1.289046e+00 1.564989e+00 
1305 Cas1305 1.312740e+05 1.066529e+00 8.849600e-01 1.503332e+00 1.701352e+00 
1306 Cas1306 2.278665e+05 1.566529e+00 1.184960e+00 1.717618e+00 1.837716e+00 
1307 Cas1307 1.071259e+05 7.331962e-01 1.484960e+00 1.931903e+00 1.974080e+00 
1308 Cas1308 2.037184e+05 1.233196e+00 1.784960e+00 6.768013e-01 6.228400e-01 
1309 Cas1309 1.554221e+05 1.733196e+00 6.449600e-01 8.910870e-01 7.592036e-01 
1310 Cas1310 2.520146e+05 8.998628e-01 9.449600e-01 1.105373e+00 8.955672e-01 
1311 Cas1311 6.788516e+04 1.399863e+00 1.244960e+00 1.319658e+00 1.031931e+00 
1312 Cas1312 1.644777e+05 1.899863e+00 1.544960e+00 1.533944e+00 1.168295e+00 
1313 Cas1313 1.161814e+05 6.220850e-01 1.844960e+00 1.748230e+00 1.304658e+00 
1314 Cas1314 2.127739e+05 1.122085e+00 7.049600e-01 1.962516e+00 1.441022e+00 
1315 Cas1315 9.203328e+04 1.622085e+00 1.004960e+00 7.074136e-01 1.577385e+00 
1316 Cas1316 1.886258e+05 7.887517e-01 1.304960e+00 9.216993e-01 1.713749e+00 
1317 Cas1317 1.403295e+05 1.288752e+00 1.604960e+00 1.135985e+00 1.850113e+00 
1318 Cas1318 2.369220e+05 1.788752e+00 1.904960e+00 1.350271e+00 1.986476e+00 
1319 Cas1319 7.995922e+04 9.554184e-01 7.649600e-01 1.564556e+00 6.352367e-01 
1320 Cas1320 1.765517e+05 1.455418e+00 1.064960e+00 1.778842e+00 7.716003e-01 
