# Code_Saturne plot output (1D profile)
#
# Iteration output: 2673
# Time output:      2.30039e+01
#
#COLUMN_TITLES: Distance | X | Y | Z | diameter_Field2 | temp_Field1 | temp_Field2 | Velocity_Field1[Z] | Velocity_Field2[Z] | vol_f_Field2 | mass_trans_Field1 | Xd_Field2 | BK | COAL | COMP | NUCL | W1 | MT | SMBR | ALPBB | CONDNUM | GAMA | GAMANUC | epsilon_Field1
 4.56474e-03  1.39645e-04  0.00000e+00  3.47944e+00  1.22097e-04  3.59975e+02  3.60055e+02  5.03381e+00  5.05809e+00  1.30977e-01  3.13094e+01  2.85366e+02  1.40865e+04 -1.23775e+06  1.97597e+03  0.00000e+00 -1.22169e+06  3.71697e+04 -1.18452e+06  1.30975e-01  1.00000e+00 -3.13259e+01  0.00000e+00  5.98239e-01 
 4.57812e-03  3.76525e-04  4.25872e-21  3.47944e+00  1.61425e-04  3.59976e+02  3.60055e+02  5.03288e+00  5.06706e+00  1.32054e-01  2.16320e+01  2.15841e+02  1.00288e+05 -7.74429e+05  1.49684e+03  0.00000e+00 -6.72644e+05  1.92663e+04 -6.53378e+05  1.32050e-01  1.00000e+00 -2.16439e+01  0.00000e+00  6.06592e-01 
 4.60371e-03  6.13858e-04  0.00000e+00  3.47944e+00  1.87399e-04  3.59977e+02  3.60055e+02  5.03113e+00  5.07191e+00  1.34194e-01  1.78835e+01  1.85925e+02  1.84962e+05 -6.12960e+05  1.29077e+03  0.00000e+00 -4.26707e+05  1.35010e+04 -4.13206e+05  1.34192e-01  1.00000e+00 -1.78935e+01  0.00000e+00  6.22647e-01 
 4.64138e-03  8.51483e-04  0.00000e+00  3.47944e+00  2.03305e-04  3.59978e+02  3.60055e+02  5.02874e+00  5.07349e+00  1.37239e-01  1.61951e+01  1.71378e+02  2.42051e+05 -5.50724e+05  1.19037e+03  0.00000e+00 -3.07483e+05  1.10200e+04 -2.96463e+05  1.37236e-01  1.00000e+00 -1.62044e+01  0.00000e+00  6.46758e-01 
 4.69084e-03  1.08931e-03  0.00000e+00  3.47944e+00  2.13122e-04  3.59980e+02  3.60055e+02  5.02555e+00  5.07260e+00  1.41302e-01  1.53515e+01  1.63485e+02  2.85190e+05 -5.30379e+05  1.13556e+03  0.00000e+00 -2.44054e+05  9.67828e+03 -2.34375e+05  1.41300e-01  1.00000e+00 -1.53605e+01  0.00000e+00  6.79308e-01 
 4.75174e-03  1.32727e-03  1.05001e-20  3.47944e+00  2.19252e-04  3.59983e+02  3.60055e+02  5.02150e+00  5.06980e+00  1.46351e-01  1.48990e+01  1.58913e+02  3.23719e+05 -5.32502e+05  1.10345e+03  0.00000e+00 -2.07679e+05  8.81551e+03 -1.98864e+05  1.46349e-01  1.00000e+00 -1.49080e+01  0.00000e+00  7.21053e-01 
 4.82366e-03  1.56534e-03  0.00000e+00  3.47944e+00  2.23197e-04  3.59987e+02  3.60055e+02  5.01651e+00  5.06540e+00  1.52408e-01  1.46285e+01  1.56105e+02  3.62498e+05 -5.49068e+05  1.08327e+03  0.00000e+00 -1.85487e+05  8.16476e+03 -1.77322e+05  1.52407e-01  1.00000e+00 -1.46378e+01  0.00000e+00  7.72930e-01 
 4.90611e-03  1.80349e-03  8.81027e-21  3.47944e+00  2.25885e-04  3.59991e+02  3.60055e+02  5.01046e+00  5.05955e+00  1.59456e-01  1.44220e+01  1.54247e+02  4.04049e+05 -5.76150e+05  1.06945e+03  0.00000e+00 -1.71032e+05  7.60235e+03 -1.63430e+05  1.59455e-01  1.00000e+00 -1.44316e+01  0.00000e+00  8.36132e-01 
 4.99859e-03  2.04170e-03  0.00000e+00  3.47944e+00  2.27900e-04  3.59996e+02  3.60055e+02  5.00325e+00  5.05228e+00  1.67476e-01  1.42053e+01  1.52883e+02  4.49640e+05 -6.11659e+05  1.05885e+03  0.00000e+00 -1.60960e+05  7.06682e+03 -1.53893e+05  1.67475e-01  1.00000e+00 -1.42153e+01  0.00000e+00  9.12056e-01 
 5.10055e-03  2.27996e-03  7.58893e-21  3.47944e+00  2.29612e-04  3.60001e+02  3.60055e+02  4.99473e+00  5.04355e+00  1.76416e-01  1.39259e+01  1.51744e+02  4.99813e+05 -6.54234e+05  1.04953e+03  0.00000e+00 -1.53372e+05  6.52799e+03 -1.46844e+05  1.76415e-01  1.00000e+00 -1.39363e+01  0.00000e+00  1.00233e+00 
 5.21143e-03  2.51826e-03  7.09702e-21  3.47944e+00  2.31266e-04  3.60006e+02  3.60055e+02  4.98472e+00  5.03327e+00  1.86212e-01  1.35454e+01  1.50658e+02  5.54588e+05 -7.02835e+05  1.04031e+03  0.00000e+00 -1.47207e+05  5.97293e+03 -1.41234e+05  1.86212e-01  1.00000e+00 -1.35564e+01  0.00000e+00  1.10878e+00 
 5.33068e-03  2.75659e-03  1.33300e-20  3.47944e+00  2.33030e-04  3.60012e+02  3.60055e+02  4.97305e+00  5.02128e+00  1.96773e-01  1.30365e+01  1.49518e+02  6.13582e+05 -7.56441e+05  1.03043e+03  0.00000e+00 -1.41828e+05  5.39919e+03 -1.36429e+05  1.96773e-01  1.00000e+00 -1.30480e+01  0.00000e+00  1.23341e+00 
 5.45775e-03  2.99495e-03  1.25651e-20  3.47944e+00  2.35019e-04  3.60018e+02  3.60055e+02  4.95951e+00  5.00742e+00  2.07993e-01  1.23822e+01  1.48252e+02  6.76065e+05 -8.13967e+05  1.01937e+03  0.00000e+00 -1.36883e+05  4.81096e+03 -1.32072e+05  2.07992e-01  1.00000e+00 -1.23943e+01  0.00000e+00  1.37839e+00 
 5.59212e-03  3.23333e-03  0.00000e+00  3.47944e+00  2.37309e-04  3.60024e+02  3.60055e+02  4.94388e+00  4.99147e+00  2.19734e-01  1.15757e+01  1.46822e+02  7.41050e+05 -8.74187e+05  1.00683e+03  0.00000e+00 -1.32130e+05  4.21673e+03 -1.27914e+05  2.19732e-01  1.00000e+00 -1.15883e+01  0.00000e+00  1.54596e+00 
 5.73326e-03  3.47172e-03  0.00000e+00  3.47944e+00  2.39941e-04  3.60029e+02  3.60055e+02  4.92595e+00  4.97324e+00  2.31860e-01  1.06216e+01  1.45212e+02  8.07354e+05 -9.35839e+05  9.92686e+02  0.00000e+00 -1.27493e+05  3.62717e+03 -1.23865e+05  2.31856e-01  1.00000e+00 -1.06348e+01  0.00000e+00  1.73843e+00 
 5.88069e-03  3.71014e-03 -5.35987e-21  3.47944e+00  2.42921e-04  3.60035e+02  3.60055e+02  4.90553e+00  4.95254e+00  2.44205e-01  9.53390e+00  1.43430e+02  8.73779e+05 -9.97616e+05  9.76983e+02  0.00000e+00 -1.22861e+05  3.05381e+03 -1.19807e+05  2.44199e-01  1.00000e+00 -9.54750e+00  0.00000e+00  1.95809e+00 
 6.03395e-03  3.94857e-03  5.10973e-21  3.47944e+00  2.46229e-04  3.60041e+02  3.60055e+02  4.88245e+00  4.92921e+00  2.56631e-01  8.33546e+00  1.41504e+02  9.39157e+05 -1.05840e+06  9.59902e+02  0.00000e+00 -1.18283e+05  2.50721e+03 -1.15776e+05  2.56623e-01  1.00000e+00 -8.34952e+00  0.00000e+00  2.20718e+00 
 6.19261e-03  4.18701e-03  0.00000e+00  3.47944e+00  2.49805e-04  3.60046e+02  3.60055e+02  4.85659e+00  4.90311e+00  2.68972e-01  7.05476e+00  1.39478e+02  1.00264e+06 -1.11726e+06  9.41684e+02  0.00000e+00 -1.13674e+05  1.99641e+03 -1.11678e+05  2.68961e-01  1.00000e+00 -7.06923e+00  0.00000e+00  2.48798e+00 
 6.35626e-03  4.42546e-03  0.00000e+00  3.47944e+00  2.53573e-04  3.60051e+02  3.60055e+02  4.82785e+00  4.87414e+00  2.81130e-01  5.72334e+00  1.37406e+02  1.06357e+06 -1.17370e+06  9.22789e+02  0.00000e+00 -1.09214e+05  1.52739e+03 -1.07687e+05  2.81118e-01  1.00000e+00 -5.73818e+00  0.00000e+00  2.80274e+00 
 6.52453e-03  4.66392e-03 -8.96437e-21  3.47944e+00  2.57416e-04  3.60056e+02  3.60055e+02  4.79620e+00  4.84226e+00  2.92971e-01  4.37203e+00  1.35355e+02  1.12189e+06 -1.22762e+06  9.03632e+02  0.00000e+00 -1.04825e+05  1.10386e+03 -1.03722e+05  2.92960e-01  1.00000e+00 -4.38720e+00  0.00000e+00  3.15408e+00 
 6.69707e-03  4.90238e-03  1.72236e-20  3.47944e+00  2.61211e-04  3.60061e+02  3.60055e+02  4.76161e+00  4.80741e+00  3.04451e-01  3.02915e+00  1.33389e+02  1.17779e+06 -1.27946e+06  8.84654e+02  0.00000e+00 -1.00785e+05  7.26454e+02 -1.00058e+05  3.04444e-01  1.00000e+00 -3.04462e+00  0.00000e+00  3.54480e+00 
 6.87356e-03  5.14086e-03  8.28595e-21  3.47944e+00  2.64802e-04  3.60065e+02  3.60055e+02  4.72407e+00  4.76958e+00  3.15483e-01  1.71834e+00  1.31581e+02  1.23220e+06 -1.33005e+06  8.66322e+02  0.00000e+00 -9.69833e+04  3.93873e+02 -9.65894e+04  3.15478e-01  1.00000e+00 -1.73408e+00  0.00000e+00  3.97899e+00 
 7.05370e-03  5.37934e-03 -1.59677e-20  3.47944e+00  2.68045e-04  3.60069e+02  3.60055e+02  4.68353e+00  4.72869e+00  3.26016e-01  4.58186e-01  1.29989e+02  1.28621e+06 -1.38042e+06  8.49085e+02  0.00000e+00 -9.33562e+04  1.02969e+02 -9.32532e+04  3.26006e-01  1.00000e+00 -4.74199e-01  0.00000e+00  4.46103e+00 
 7.23722e-03  5.61783e-03  0.00000e+00  3.47944e+00  2.70791e-04  3.60072e+02  3.60056e+02  4.63997e+00  4.68468e+00  3.36109e-01 -1.70123e+00  1.28671e+02  1.34134e+06 -1.43258e+06  8.33158e+02  0.00000e+00 -9.04100e+04 -3.48355e+02 -9.07584e+04  3.36100e-01  1.00000e+00  1.67088e+00  0.00000e+00  4.99821e+00 
 7.42387e-03  5.85632e-03  0.00000e+00  3.47944e+00  2.72918e-04  3.60076e+02  3.60056e+02  4.59318e+00  4.63734e+00  3.45786e-01 -4.21618e+00  1.27669e+02  1.39900e+06 -1.48818e+06  8.18817e+02  0.00000e+00 -8.83584e+04 -8.41567e+02 -8.91999e+04  3.45780e-01  1.00000e+00  4.18543e+00  0.00000e+00  5.59774e+00 
 7.61342e-03  6.09482e-03  0.00000e+00  3.47944e+00  2.74257e-04  3.60079e+02  3.60056e+02  4.54307e+00  4.58655e+00  3.54964e-01 -6.64256e+00  1.27046e+02  1.46202e+06 -1.54948e+06  8.06354e+02  0.00000e+00 -8.66531e+04 -1.28866e+03 -8.79418e+04  3.54958e-01  1.00000e+00  6.61137e+00  0.00000e+00  6.27298e+00 
 7.80566e-03  6.33332e-03  0.00000e+00  3.47944e+00  2.74735e-04  3.60081e+02  3.60056e+02  4.48915e+00  4.53180e+00  3.63790e-01 -9.03824e+00  1.26825e+02  1.53182e+06 -1.61889e+06  7.95820e+02  0.00000e+00 -8.62758e+04 -1.70994e+03 -8.79857e+04  3.63787e-01  1.00000e+00  9.00655e+00  0.00000e+00  7.03574e+00 
 8.00039e-03  6.57182e-03  0.00000e+00  3.47944e+00  2.74185e-04  3.60084e+02  3.60056e+02  4.43142e+00  4.47307e+00  3.72172e-01 -1.14840e+01  1.27081e+02  1.61253e+06 -1.69978e+06  7.87462e+02  0.00000e+00 -8.64621e+04 -2.12950e+03 -8.85916e+04  3.72168e-01  1.00000e+00  1.14517e+01  0.00000e+00  7.91105e+00 
 8.19744e-03  6.81033e-03  1.31016e-20  3.47944e+00  2.72582e-04  3.60086e+02  3.60057e+02  4.36864e+00  4.40910e+00  3.80303e-01 -1.40906e+01  1.27829e+02  1.70584e+06 -1.79536e+06  7.81210e+02  0.00000e+00 -8.87398e+04 -2.57324e+03 -9.13131e+04  3.80301e-01  1.00000e+00  1.40577e+01  0.00000e+00  8.91828e+00 
 8.39664e-03  7.04884e-03  0.00000e+00  3.47944e+00  2.69735e-04  3.60089e+02  3.60057e+02  4.30148e+00  4.34056e+00  3.88064e-01 -1.70219e+01  1.29178e+02  1.81861e+06 -1.91141e+06  7.77390e+02  0.00000e+00 -9.20190e+04 -3.07967e+03 -9.50987e+04  3.88060e-01  1.00000e+00  1.69882e+01  0.00000e+00  1.01074e+01 
 8.59784e-03  7.28736e-03  0.00000e+00  3.47944e+00  2.65658e-04  3.60091e+02  3.60057e+02  4.22661e+00  4.26408e+00  3.95677e-01 -2.05188e+01  1.31162e+02  1.95358e+06 -2.05311e+06  7.75839e+02  0.00000e+00 -9.87511e+04 -3.69788e+03 -1.02449e+05  3.95676e-01  1.00000e+00  2.04842e+01  0.00000e+00  1.15124e+01 
 8.80092e-03  7.52587e-03  0.00000e+00  3.47944e+00  2.60087e-04  3.60095e+02  3.60057e+02  4.14731e+00  4.18297e+00  4.03024e-01 -2.49774e+01  1.33972e+02  2.12394e+06 -2.23221e+06  7.77219e+02  0.00000e+00 -1.07494e+05 -4.51526e+03 -1.12010e+05  4.03020e-01  1.00000e+00  2.49418e+01  0.00000e+00  1.32438e+01 
 9.00573e-03  7.76439e-03 -1.17014e-20  3.47944e+00  2.53043e-04  3.60099e+02  3.60058e+02  4.05405e+00  4.08764e+00  4.10323e-01 -3.10569e+01  1.37703e+02  2.33620e+06 -2.45957e+06  7.81116e+02  0.00000e+00 -1.22590e+05 -5.66927e+03 -1.28259e+05  4.10323e-01  1.00000e+00  3.10200e+01  0.00000e+00  1.53713e+01 
 9.21216e-03  8.00291e-03  0.00000e+00  3.47944e+00  2.44094e-04  3.60104e+02  3.60058e+02  3.95816e+00  3.98945e+00  4.17521e-01 -3.99828e+01  1.42752e+02  2.62045e+06 -2.76370e+06  7.89325e+02  0.00000e+00 -1.42455e+05 -7.43766e+03 -1.49893e+05  4.17516e-01  1.00000e+00  3.99444e+01  0.00000e+00  1.81760e+01 
 9.42012e-03  8.24144e-03  0.00000e+00  3.47944e+00  2.33214e-04  3.60113e+02  3.60059e+02  3.83363e+00  3.86234e+00  4.24769e-01 -5.41408e+01  1.49413e+02  2.99829e+06 -3.17512e+06  8.00410e+02  0.00000e+00 -1.76031e+05 -1.03636e+04 -1.86395e+05  4.24766e-01  1.00000e+00  5.41005e+01  0.00000e+00  2.18573e+01 
 9.62949e-03  8.47996e-03  0.00000e+00  3.47944e+00  2.19632e-04  3.60126e+02  3.60059e+02  3.71093e+00  3.73686e+00  4.32182e-01 -7.88901e+01  1.58655e+02  3.55665e+06 -3.77977e+06  8.19688e+02  0.00000e+00 -2.22304e+05 -1.57635e+04 -2.38068e+05  4.32175e-01  1.00000e+00  7.88476e+01  0.00000e+00  2.72995e+01 
 9.84019e-03  8.71849e-03  0.00000e+00  3.47944e+00  2.03143e-04  3.60149e+02  3.60060e+02  3.52599e+00  3.54882e+00  4.39670e-01 -1.27462e+02  1.71535e+02  4.39887e+06 -4.70063e+06  8.42183e+02  0.00000e+00 -3.00910e+05 -2.70723e+04 -3.27982e+05  4.39667e-01  1.00000e+00  1.27417e+02  0.00000e+00  3.54677e+01 
 1.00521e-02  8.95702e-03  0.00000e+00  3.47944e+00  1.82262e-04  3.60194e+02  3.60060e+02  3.34010e+00  3.35982e+00  4.47514e-01 -2.41925e+02  1.91189e+02  5.91475e+06 -6.31497e+06  8.81697e+02  0.00000e+00 -3.99334e+05 -5.62765e+04 -4.55610e+05  4.47512e-01  1.00000e+00  2.41876e+02  0.00000e+00  5.06806e+01 
 1.02653e-02  9.19555e-03  0.00000e+00  3.47944e+00  1.57199e-04  3.60308e+02  3.60061e+02  3.00136e+00  3.01668e+00  4.55759e-01 -5.91213e+02  2.21674e+02  8.94742e+06 -9.37879e+06  9.13264e+02  0.00000e+00 -4.30453e+05 -1.56590e+05 -5.87044e+05  4.55753e-01  1.00000e+00  5.91159e+02  0.00000e+00  8.37340e+01 
 1.04795e-02  9.43408e-03  0.00000e+00  3.47944e+00  1.30625e-04  3.60743e+02  3.60062e+02  2.51844e+00  2.52652e+00  4.66284e-01 -5.67959e+03  2.66776e+02  1.69771e+07 -1.52372e+07  9.54321e+02  1.29915e+06  3.03997e+06 -3.06966e+06 -2.96808e+04  4.66307e-01  1.00000e+00  5.67953e+03  3.40939e+03  2.10666e+02 
