# Code_Saturne plot output (1D profile)
#
# Iteration output: 2212
# Time output:      2.30024e+01
#
#COLUMN_TITLES: Distance | X | Y | Z | diameter_Field2 | temp_Field1 | temp_Field2 | Velocity_Field1[Z] | Velocity_Field2[Z] | vol_f_Field2 | mass_trans_Field1 | Xd_Field2 | BK | COAL | COMP | NUCL | W1 | MT | SMBR | ALPBB | CONDNUM | GAMA | GAMANUC | epsilon_Field1
 4.56474e-03  1.39645e-04  0.00000e+00  3.47944e+00  2.04332e-05  3.59586e+02  3.60051e+02  4.39764e+00  4.39916e+00  2.44083e-02  3.59774e+02  1.70561e+03  2.89356e-74 -3.43110e+06  9.35084e+03  0.00000e+00 -3.42175e+06  1.49149e+07  1.14931e+07  2.44048e-02  1.00000e+00 -3.59841e+02  0.00000e+00  4.47485e-01 
 4.57812e-03  3.76525e-04  4.25872e-21  3.47944e+00  3.82734e-05  3.59582e+02  3.60051e+02  4.39803e+00  4.40209e+00  2.68200e-02  1.58895e+02  9.10579e+02  1.73204e-20 -1.30797e+06  4.96861e+03  0.00000e+00 -1.30300e+06  3.20090e+06  1.89790e+06  2.68165e-02  1.00000e+00 -1.58928e+02  0.00000e+00  4.51453e-01 
 4.60371e-03  6.13858e-04  0.00000e+00  3.47944e+00  5.48814e-05  3.59580e+02  3.60051e+02  4.39732e+00  4.40443e+00  2.85312e-02  1.01761e+02  6.35023e+02  1.13217e-07 -7.57823e+05  3.46489e+03  0.00000e+00 -7.54359e+05  1.34384e+06  5.89480e+05  2.85281e-02  1.00000e+00 -1.01783e+02  0.00000e+00  4.58924e-01 
 4.64138e-03  8.51483e-04  0.00000e+00  3.47944e+00  6.96278e-05  3.59580e+02  3.60051e+02  4.39588e+00  4.40603e+00  3.04050e-02  7.80191e+01  5.00532e+02  1.02511e-02 -5.42169e+05  2.73214e+03  0.00000e+00 -5.39437e+05  7.62031e+05  2.22594e+05  3.04019e-02  1.00000e+00 -7.80358e+01  0.00000e+00  4.70141e-01 
 4.69084e-03  1.08931e-03  0.00000e+00  3.47944e+00  8.27524e-05  3.59582e+02  3.60051e+02  4.39373e+00  4.40660e+00  3.26914e-02  6.62273e+01  4.21147e+02  3.11666e+00 -4.38238e+05  2.29957e+03  0.00000e+00 -4.35935e+05  5.06188e+05  7.02531e+04  3.26885e-02  1.00000e+00 -6.62417e+01  0.00000e+00  4.85441e-01 
 4.75174e-03  1.32727e-03  1.05001e-20  3.47944e+00  9.46921e-05  3.59587e+02  3.60051e+02  4.39086e+00  4.40622e+00  3.54153e-02  5.95495e+01  3.68044e+02  9.05521e+01 -3.81573e+05  2.01004e+03  0.00000e+00 -3.79472e+05  3.67161e+05 -1.23115e+04  3.54125e-02  1.00000e+00 -5.95626e+01  0.00000e+00  5.05153e-01 
 4.82366e-03  1.56534e-03  0.00000e+00  3.47944e+00  1.05807e-04  3.59594e+02  3.60051e+02  4.38729e+00  4.40495e+00  3.86120e-02  5.55118e+01  3.29382e+02  8.22787e+02 -3.49011e+05  1.79899e+03  0.00000e+00 -3.46389e+05  2.80949e+05 -6.54404e+04  3.86093e-02  1.00000e+00 -5.55242e+01  0.00000e+00  5.29748e-01 
 4.90611e-03  1.80349e-03  8.81027e-21  3.47944e+00  1.16262e-04  3.59603e+02  3.60051e+02  4.38296e+00  4.40277e+00  4.23267e-02  5.30601e+01  2.99762e+02  3.84152e+03 -3.31041e+05  1.63704e+03  0.00000e+00 -3.25563e+05  2.22942e+05 -1.02621e+05  4.23241e-02  1.00000e+00 -5.30722e+01  0.00000e+00  5.59811e-01 
 4.99859e-03  2.04170e-03  0.00000e+00  3.47944e+00  1.26050e-04  3.59614e+02  3.60051e+02  4.37785e+00  4.39963e+00  4.66083e-02  5.17049e+01  2.76486e+02  1.17382e+04 -3.23459e+05  1.50948e+03  0.00000e+00 -3.10212e+05  1.81970e+05 -1.28241e+05  4.66057e-02  1.00000e+00 -5.17170e+01  0.00000e+00  5.96084e-01 
 5.10055e-03  2.27996e-03  7.58893e-21  3.47944e+00  1.35072e-04  3.59628e+02  3.60051e+02  4.37191e+00  4.39546e+00  5.15131e-02  5.11973e+01  2.58017e+02  2.69141e+04 -3.24366e+05  1.40792e+03  0.00000e+00 -2.96044e+05  1.52137e+05 -1.43907e+05  5.15105e-02  1.00000e+00 -5.12096e+01  0.00000e+00  6.39470e-01 
 5.21143e-03  2.51826e-03  7.09702e-21  3.47944e+00  1.43236e-04  3.59643e+02  3.60051e+02  4.36507e+00  4.39018e+00  5.71019e-02  5.13800e+01  2.43312e+02  5.05430e+04 -3.32867e+05  1.32669e+03  0.00000e+00 -2.80997e+05  1.29887e+05 -1.51111e+05  5.70993e-02  1.00000e+00 -5.13928e+01  0.00000e+00  6.91065e-01 
 5.33068e-03  2.75659e-03  1.33300e-20  3.47944e+00  1.50516e-04  3.59660e+02  3.60051e+02  4.35725e+00  4.38369e+00  6.34375e-02  5.20571e+01  2.31543e+02  8.25545e+04 -3.48487e+05  1.26126e+03  0.00000e+00 -2.64671e+05  1.12726e+05 -1.51945e+05  6.34350e-02  1.00000e+00 -5.20706e+01  0.00000e+00  7.52180e-01 
 5.45775e-03  2.99495e-03  1.25651e-20  3.47944e+00  1.56981e-04  3.59678e+02  3.60051e+02  4.34835e+00  4.37592e+00  7.05841e-02  5.27236e+01  2.22008e+02  1.22278e+05 -3.70912e+05  1.20778e+03  0.00000e+00 -2.47426e+05  9.83845e+04 -1.49041e+05  7.05817e-02  1.00000e+00 -5.27379e+01  0.00000e+00  8.24369e-01 
 5.59212e-03  3.23333e-03  0.00000e+00  3.47944e+00  1.62756e-04  3.59698e+02  3.60051e+02  4.33824e+00  4.36677e+00  7.85983e-02  5.35801e+01  2.14130e+02  1.68944e+05 -3.99910e+05  1.16307e+03  0.00000e+00 -2.29803e+05  8.66027e+04 -1.43200e+05  7.85958e-02  1.00000e+00 -5.35954e+01  0.00000e+00  9.09458e-01 
 5.73326e-03  3.47172e-03  0.00000e+00  3.47944e+00  1.68011e-04  3.59719e+02  3.60051e+02  4.32677e+00  4.35611e+00  8.75312e-02  5.44680e+01  2.07432e+02  2.21868e+05 -4.35237e+05  1.12452e+03  0.00000e+00 -2.12244e+05  7.65815e+04 -1.35663e+05  8.75286e-02  1.00000e+00 -5.44844e+01  0.00000e+00  1.00957e+00 
 5.88069e-03  3.71014e-03 -5.35987e-21  3.47944e+00  1.72935e-04  3.59740e+02  3.60051e+02  4.31376e+00  4.34374e+00  9.74135e-02  5.52201e+01  2.01526e+02  2.80389e+05 -4.76491e+05  1.09001e+03  0.00000e+00 -1.95011e+05  6.77773e+04 -1.27234e+05  9.74109e-02  1.00000e+00 -5.52377e+01  0.00000e+00  1.12716e+00 
 6.03395e-03  3.94857e-03  5.10973e-21  3.47944e+00  1.77722e-04  3.59762e+02  3.60051e+02  4.29901e+00  4.32954e+00  1.08262e-01  5.56781e+01  1.96099e+02  3.43683e+05 -5.23084e+05  1.05776e+03  0.00000e+00 -1.78343e+05  5.98361e+04 -1.18507e+05  1.08260e-01  1.00000e+00 -5.56971e+01  0.00000e+00  1.26501e+00 
 6.19261e-03  4.18701e-03  0.00000e+00  3.47944e+00  1.82555e-04  3.59785e+02  3.60051e+02  4.28228e+00  4.31334e+00  1.20051e-01  5.56880e+01  1.90908e+02  4.10634e+05 -5.74068e+05  1.02648e+03  0.00000e+00 -1.62407e+05  5.25427e+04 -1.09865e+05  1.20048e-01  1.00000e+00 -5.57084e+01  0.00000e+00  1.42630e+00 
 6.35626e-03  4.42546e-03  0.00000e+00  3.47944e+00  1.87599e-04  3.59807e+02  3.60051e+02  4.26330e+00  4.29488e+00  1.32741e-01  5.51257e+01  1.85774e+02  4.79708e+05 -6.28270e+05  9.95170e+02  0.00000e+00 -1.47567e+05  4.57758e+04 -1.01791e+05  1.32739e-01  1.00000e+00 -5.51476e+01  0.00000e+00  1.61447e+00 
 6.52453e-03  4.66392e-03 -8.96437e-21  3.47944e+00  1.92989e-04  3.59830e+02  3.60051e+02  4.24176e+00  4.27386e+00  1.46213e-01  5.38888e+01  1.80586e+02  5.49107e+05 -6.84035e+05  9.63215e+02  0.00000e+00 -1.33964e+05  3.94926e+04 -9.44717e+04  1.46210e-01  1.00000e+00 -5.39120e+01  0.00000e+00  1.83338e+00 
 6.69707e-03  4.90238e-03  1.72236e-20  3.47944e+00  1.98821e-04  3.59852e+02  3.60051e+02  4.21736e+00  4.24999e+00  1.60367e-01  5.19418e+01  1.75290e+02  6.16760e+05 -7.39784e+05  9.30243e+02  0.00000e+00 -1.22094e+05  3.36894e+04 -8.84049e+04  1.60364e-01  1.00000e+00 -5.19664e+01  0.00000e+00  2.08692e+00 
 6.87356e-03  5.14086e-03  8.28595e-21  3.47944e+00  2.05130e-04  3.59873e+02  3.60052e+02  4.18978e+00  4.22296e+00  1.74973e-01  4.92808e+01  1.69899e+02  6.80875e+05 -7.93614e+05  8.96425e+02  0.00000e+00 -1.11842e+05  2.83958e+04 -8.34462e+04  1.74969e-01  1.00000e+00 -4.93067e+01  0.00000e+00  2.37955e+00 
 7.05370e-03  5.37934e-03 -1.59677e-20  3.47944e+00  2.11899e-04  3.59894e+02  3.60052e+02  4.15876e+00  4.19250e+00  1.89909e-01  4.59850e+01  1.64471e+02  7.39776e+05 -8.44408e+05  8.62057e+02  0.00000e+00 -1.03770e+05  2.36342e+04 -8.01357e+04  1.89905e-01  1.00000e+00 -4.60120e+01  0.00000e+00  2.71533e+00 
 7.23722e-03  5.61783e-03  0.00000e+00  3.47944e+00  2.19019e-04  3.59914e+02  3.60052e+02  4.12406e+00  4.15837e+00  2.04844e-01  4.21427e+01  1.59125e+02  7.92898e+05 -8.90946e+05  8.27712e+02  0.00000e+00 -9.72205e+04  1.94291e+04 -7.77915e+04  2.04840e-01  1.00000e+00 -4.21705e+01  0.00000e+00  3.09971e+00 
 7.42387e-03  5.85632e-03  0.00000e+00  3.47944e+00  2.26334e-04  3.59933e+02  3.60052e+02  4.08548e+00  4.12034e+00  2.19716e-01  3.79033e+01  1.53983e+02  8.39867e+05 -9.33571e+05  7.94124e+02  0.00000e+00 -9.29104e+04  1.57668e+04 -7.71436e+04  2.19710e-01  1.00000e+00 -3.79319e+01  0.00000e+00  3.53718e+00 
 7.61342e-03  6.09482e-03  0.00000e+00  3.47944e+00  2.33575e-04  3.59952e+02  3.60052e+02  4.04298e+00  4.07833e+00  2.34152e-01  3.33820e+01  1.49209e+02  8.82131e+05 -9.72580e+05  7.62067e+02  0.00000e+00 -8.96866e+04  1.26275e+04 -7.70591e+04  2.34148e-01  1.00000e+00 -3.34113e+01  0.00000e+00  4.03613e+00 
 7.80566e-03  6.33332e-03  0.00000e+00  3.47944e+00  2.40484e-04  3.59969e+02  3.60052e+02  3.99630e+00  4.03205e+00  2.48247e-01  2.87064e+01  1.44923e+02  9.20706e+05 -1.01012e+06  7.32205e+02  0.00000e+00 -8.86853e+04  9.94970e+03 -7.87356e+04  2.48241e-01  1.00000e+00 -2.87363e+01  0.00000e+00  4.60333e+00 
 8.00039e-03  6.57182e-03  0.00000e+00  3.47944e+00  2.46681e-04  3.59987e+02  3.60052e+02  3.94552e+00  3.98157e+00  2.61635e-01  2.39353e+01  1.41283e+02  9.59003e+05 -1.04806e+06  7.05164e+02  0.00000e+00 -8.83553e+04  7.67553e+03 -8.06798e+04  2.61630e-01  1.00000e+00 -2.39658e+01  0.00000e+00  5.25529e+00 
 8.19744e-03  6.81033e-03  1.31016e-20  3.47944e+00  2.51898e-04  3.60004e+02  3.60052e+02  3.88992e+00  3.92606e+00  2.74602e-01  1.90982e+01  1.38358e+02  9.98693e+05 -1.08987e+06  6.81290e+02  0.00000e+00 -9.04954e+04  5.71639e+03 -8.47790e+04  2.74596e-01  1.00000e+00 -1.91294e+01  0.00000e+00  6.00483e+00 
 8.39664e-03  7.04884e-03  0.00000e+00  3.47944e+00  2.55729e-04  3.60020e+02  3.60053e+02  3.82980e+00  3.86582e+00  2.86792e-01  1.41502e+01  1.36286e+02  1.04485e+06 -1.13873e+06  6.60898e+02  0.00000e+00 -9.32128e+04  3.99706e+03 -8.92158e+04  2.86788e-01  1.00000e+00 -1.41821e+01  0.00000e+00  6.88674e+00 
 8.59784e-03  7.28736e-03  0.00000e+00  3.47944e+00  2.57998e-04  3.60037e+02  3.60053e+02  3.76301e+00  3.79864e+00  2.98655e-01  8.98454e+00  1.35087e+02  1.09920e+06 -1.19902e+06  6.43975e+02  0.00000e+00 -9.91706e+04  2.41903e+03 -9.67516e+04  2.98649e-01  1.00000e+00 -9.01735e+00  0.00000e+00  7.92624e+00 
 8.80092e-03  7.52587e-03  0.00000e+00  3.47944e+00  2.58326e-04  3.60053e+02  3.60053e+02  3.69120e+00  3.72614e+00  3.09819e-01  3.41311e+00  1.34917e+02  1.16940e+06 -1.27606e+06  6.30650e+02  0.00000e+00 -1.06031e+05  8.90271e+02 -1.05141e+05  3.09815e-01  1.00000e+00 -3.44706e+00  0.00000e+00  9.20081e+00 
 9.00573e-03  7.76439e-03 -1.17014e-20  3.47944e+00  2.56680e-04  3.60070e+02  3.60053e+02  3.60800e+00  3.64191e+00  3.20826e-01 -6.44252e+00  1.35783e+02  1.25776e+06 -1.37589e+06  6.20615e+02  0.00000e+00 -1.17508e+05 -1.60025e+03 -1.19108e+05  3.20820e-01  1.00000e+00  6.37518e+00  0.00000e+00  1.07648e+01 
 9.21216e-03  8.00291e-03  0.00000e+00  3.47944e+00  2.52622e-04  3.60089e+02  3.60054e+02  3.52006e+00  3.55264e+00  3.31316e-01 -2.33708e+01  1.37965e+02  1.37892e+06 -1.51022e+06  6.14223e+02  0.00000e+00 -1.30690e+05 -5.75453e+03 -1.36444e+05  3.31311e-01  1.00000e+00  2.33006e+01  0.00000e+00  1.28139e+01 
 9.42012e-03  8.24144e-03  0.00000e+00  3.47944e+00  2.46016e-04  3.60110e+02  3.60054e+02  3.40960e+00  3.44048e+00  3.41843e-01 -4.60929e+01  1.41670e+02  1.54162e+06 -1.69437e+06  6.11077e+02  0.00000e+00 -1.52135e+05 -1.13112e+04 -1.63447e+05  3.41836e-01  1.00000e+00  4.60192e+01  0.00000e+00  1.55053e+01 
 9.62949e-03  8.47996e-03  0.00000e+00  3.47944e+00  2.36253e-04  3.60138e+02  3.60054e+02  3.29535e+00  3.32422e+00  3.52142e-01 -8.04490e+01  1.47526e+02  1.78385e+06 -1.96178e+06  6.12788e+02  0.00000e+00 -1.77326e+05 -1.99693e+04 -1.97295e+05  3.52137e-01  1.00000e+00  8.03705e+01  0.00000e+00  1.94570e+01 
 9.84019e-03  8.71849e-03  0.00000e+00  3.47944e+00  2.23353e-04  3.60180e+02  3.60055e+02  3.13247e+00  3.15928e+00  3.62586e-01 -1.39638e+02  1.56048e+02  2.14319e+06 -2.35568e+06  6.16079e+02  0.00000e+00 -2.11876e+05 -3.56209e+04 -2.47497e+05  3.62578e-01  1.00000e+00  1.39553e+02  0.00000e+00  2.54028e+01 
 1.00521e-02  8.95702e-03  0.00000e+00  3.47944e+00  2.06554e-04  3.60251e+02  3.60055e+02  2.95807e+00  2.98287e+00  3.72963e-01 -2.61016e+02  1.68741e+02  2.76476e+06 -2.98702e+06  6.24195e+02  0.00000e+00 -2.21635e+05 -7.00141e+04 -2.91649e+05  3.72956e-01  1.00000e+00  2.60923e+02  0.00000e+00  3.64126e+01 
 1.02653e-02  9.19555e-03  0.00000e+00  3.47944e+00  1.87231e-04  3.60405e+02  3.60056e+02  2.65871e+00  2.68059e+00  3.84387e-01 -5.69852e+02  1.86158e+02  3.89587e+06 -3.98380e+06  6.15279e+02  0.00000e+00 -8.73104e+04 -1.63650e+05 -2.50960e+05  3.84378e-01  1.00000e+00  5.69750e+02  0.00000e+00  6.03987e+01 
 1.04795e-02  9.43408e-03  0.00000e+00  3.47944e+00  1.71371e-04  3.60903e+02  3.60057e+02  2.21335e+00  2.22908e+00  3.96841e-01 -4.89725e+03  2.03390e+02  6.39766e+06 -4.93841e+06  5.80024e+02  1.11844e+06  2.57826e+06 -2.59203e+06 -1.37676e+04  3.96839e-01  1.00000e+00  4.89714e+03  3.22944e+03  1.52847e+02 
