# Code_Saturne plot output (1D profile)
#
# Iteration output: 4858
# Time output:      2.30001e+01
#
#COLUMN_TITLES: Distance | X | Y | Z | diameter_Field2 | temp_Field1 | temp_Field2 | Velocity_Field1[Z] | Velocity_Field2[Z] | vol_f_Field2 | mass_trans_Field1 | Xd_Field2 | BK | COAL | COMP | NUCL | W1 | MT | SMBR | ALPBB | CONDNUM | GAMA | GAMANUC | epsilon_Field1
 4.56474e-03  1.39645e-04  0.00000e+00  3.47944e+00  2.60913e-04  3.59775e+02  3.60054e+02  5.08105e+00  5.13910e+00  1.84127e-01  5.26761e+01  1.33539e+02  1.88149e+05 -5.94125e+05  9.52389e+02  0.00000e+00 -4.05023e+05  1.53243e+04 -3.89699e+05  1.84142e-01  1.00000e+00 -5.25500e+01  0.00000e+00  1.06958e+00 
 4.57812e-03  3.76525e-04  4.25872e-21  3.47944e+00  2.93552e-04  3.59775e+02  3.60054e+02  5.07926e+00  5.14562e+00  1.85210e-01  4.52228e+01  1.18691e+02  1.84829e+05 -4.86630e+05  8.47384e+02  0.00000e+00 -3.00954e+05  1.16252e+04 -2.89329e+05  1.85225e-01  1.00000e+00 -4.51143e+01  0.00000e+00  1.08228e+00 
 4.60371e-03  6.13858e-04  0.00000e+00  3.47944e+00  3.18192e-04  3.59776e+02  3.60054e+02  5.07648e+00  5.14888e+00  1.87001e-01  4.09116e+01  1.09500e+02  1.81190e+05 -4.28093e+05  7.82445e+02  0.00000e+00 -2.46121e+05  9.60968e+03 -2.36511e+05  1.87016e-01  1.00000e+00 -4.08130e+01  0.00000e+00  1.10676e+00 
 4.64138e-03  8.51483e-04  0.00000e+00  3.47944e+00  3.39525e-04  3.59778e+02  3.60054e+02  5.07259e+00  5.15002e+00  1.89496e-01  3.78678e+01  1.02620e+02  1.78262e+05 -3.89373e+05  7.33714e+02  0.00000e+00 -2.10377e+05  8.22604e+03 -2.02151e+05  1.89511e-01  1.00000e+00 -3.77758e+01  0.00000e+00  1.14334e+00 
 4.69084e-03  1.08931e-03  0.00000e+00  3.47944e+00  3.60531e-04  3.59781e+02  3.60054e+02  5.06743e+00  5.14963e+00  1.92766e-01  3.53354e+01  9.66407e+01  1.75475e+05 -3.59099e+05  6.91246e+02  0.00000e+00 -1.82933e+05  7.10597e+03 -1.75827e+05  1.92781e-01  1.00000e+00 -3.52488e+01  0.00000e+00  1.19225e+00 
 4.75174e-03  1.32727e-03  1.05001e-20  3.47944e+00  3.82466e-04  3.59784e+02  3.60054e+02  5.06093e+00  5.14790e+00  1.96731e-01  3.30360e+01  9.10983e+01  1.72428e+05 -3.33066e+05  6.51755e+02  0.00000e+00 -1.59986e+05  6.13620e+03 -1.53850e+05  1.96745e-01  1.00000e+00 -3.29541e+01  0.00000e+00  1.25404e+00 
 4.82366e-03  1.56534e-03  0.00000e+00  3.47944e+00  4.05845e-04  3.59789e+02  3.60054e+02  5.05322e+00  5.14438e+00  2.01398e-01  3.08120e+01  8.58505e+01  1.68881e+05 -3.09690e+05  6.14246e+02  0.00000e+00 -1.40194e+05  5.26825e+03 -1.34926e+05  2.01413e-01  1.00000e+00 -3.07344e+01  0.00000e+00  1.32931e+00 
 4.90611e-03  1.80349e-03  8.81027e-21  3.47944e+00  4.30730e-04  3.59794e+02  3.60054e+02  5.04443e+00  5.13665e+00  2.06658e-01  2.84921e+01  8.08906e+01  1.64824e+05 -2.88257e+05  5.78583e+02  0.00000e+00 -1.22855e+05  4.47313e+03 -1.18382e+05  2.06672e-01  1.00000e+00 -2.84190e+01  0.00000e+00  1.41901e+00 
 4.99859e-03  2.04170e-03  0.00000e+00  3.47944e+00  4.56932e-04  3.59800e+02  3.60054e+02  5.03419e+00  5.12596e+00  2.12534e-01  2.63119e+01  7.62521e+01  1.60324e+05 -2.68635e+05  5.44824e+02  0.00000e+00 -1.07766e+05  3.78613e+03 -1.03980e+05  2.12548e-01  1.00000e+00 -2.62429e+01  0.00000e+00  1.52401e+00 
 5.10055e-03  2.27996e-03  7.58893e-21  3.47944e+00  4.84012e-04  3.59807e+02  3.60054e+02  5.02230e+00  5.11317e+00  2.18955e-01  2.43040e+01  7.19859e+01  1.55605e+05 -2.50794e+05  5.13588e+02  0.00000e+00 -9.46750e+04  3.20454e+03 -9.14705e+04  2.18968e-01  1.00000e+00 -2.42386e+01  0.00000e+00  1.64568e+00 
 5.21143e-03  2.51826e-03  7.09702e-21  3.47944e+00  5.11348e-04  3.59815e+02  3.60054e+02  5.00866e+00  5.09847e+00  2.25875e-01  2.24835e+01  6.81378e+01  1.50928e+05 -2.34819e+05  4.85292e+02  0.00000e+00 -8.34053e+04  2.71989e+03 -8.06854e+04  2.25887e-01  1.00000e+00 -2.24212e+01  0.00000e+00  1.78539e+00 
 5.33068e-03  2.75659e-03  1.33300e-20  3.47944e+00  5.38162e-04  3.59823e+02  3.60054e+02  4.99315e+00  5.08185e+00  2.33156e-01  2.08479e+01  6.47428e+01  1.46600e+05 -2.20752e+05  4.60109e+02  0.00000e+00 -7.36922e+04  2.32133e+03 -7.13709e+04  2.33167e-01  1.00000e+00 -2.07881e+01  0.00000e+00  1.94489e+00 
 5.45775e-03  2.99495e-03  1.25651e-20  3.47944e+00  5.63664e-04  3.59833e+02  3.60054e+02  4.97568e+00  5.06322e+00  2.40813e-01  1.93973e+01  6.18137e+01  1.42835e+05 -2.08732e+05  4.38215e+02  0.00000e+00 -6.54586e+04  1.99633e+03 -6.34623e+04  2.40825e-01  1.00000e+00 -1.93395e+01  0.00000e+00  2.12562e+00 
 5.59212e-03  3.23333e-03  0.00000e+00  3.47944e+00  5.87073e-04  3.59843e+02  3.60054e+02  4.95614e+00  5.04247e+00  2.48718e-01  1.81118e+01  5.93490e+01  1.39849e+05 -1.98748e+05  4.19562e+02  0.00000e+00 -5.84790e+04  1.73260e+03 -5.67464e+04  2.48730e-01  1.00000e+00 -1.80554e+01  0.00000e+00  2.32948e+00 
 5.73326e-03  3.47172e-03  0.00000e+00  3.47944e+00  6.07748e-04  3.59854e+02  3.60054e+02  4.93446e+00  5.01957e+00  2.56848e-01  1.69740e+01  5.73301e+01  1.37759e+05 -1.90818e+05  4.03996e+02  0.00000e+00 -5.26551e+04  1.51865e+03 -5.11364e+04  2.56860e-01  1.00000e+00 -1.69184e+01  0.00000e+00  2.55818e+00 
 5.88069e-03  3.71014e-03 -5.35987e-21  3.47944e+00  6.25214e-04  3.59866e+02  3.60054e+02  4.91053e+00  4.99440e+00  2.65100e-01  1.59544e+01  5.57287e+01  1.36656e+05 -1.84865e+05  3.91267e+02  0.00000e+00 -4.78171e+04  1.34412e+03 -4.64730e+04  2.65113e-01  1.00000e+00 -1.58992e+01  0.00000e+00  2.81401e+00 
 6.03395e-03  3.94857e-03  5.10973e-21  3.47944e+00  6.39215e-04  3.59879e+02  3.60054e+02  4.88432e+00  4.96696e+00  2.73451e-01  1.50267e+01  5.45081e+01  1.36550e+05 -1.80818e+05  3.81119e+02  0.00000e+00 -4.38861e+04  1.20016e+03 -4.26859e+04  2.73464e-01  1.00000e+00 -1.49713e+01  0.00000e+00  3.09860e+00 
 6.19261e-03  4.18701e-03  0.00000e+00  3.47944e+00  6.49657e-04  3.59892e+02  3.60054e+02  4.85574e+00  4.93715e+00  2.81727e-01  1.41556e+01  5.36321e+01  1.37489e+05 -1.78516e+05  3.73178e+02  0.00000e+00 -4.06537e+04  1.07946e+03 -3.95743e+04  2.81742e-01  1.00000e+00 -1.40996e+01  0.00000e+00  3.41523e+00 
 6.35626e-03  4.42546e-03  0.00000e+00  3.47944e+00  6.56644e-04  3.59906e+02  3.60055e+02  4.82471e+00  4.90490e+00  2.89971e-01  1.33167e+01  5.30616e+01  1.39416e+05 -1.77902e+05  3.67281e+02  0.00000e+00 -3.81182e+04  9.75805e+02 -3.71424e+04  2.89986e-01  1.00000e+00 -1.32597e+01  0.00000e+00  3.76547e+00 
 6.52453e-03  4.66392e-03 -8.96437e-21  3.47944e+00  6.60345e-04  3.59920e+02  3.60055e+02  4.79117e+00  4.87017e+00  2.98064e-01  1.24778e+01  5.27643e+01  1.42365e+05 -1.78853e+05  3.63082e+02  0.00000e+00 -3.61257e+04  8.84173e+02 -3.52415e+04  2.98079e-01  1.00000e+00 -1.24194e+01  0.00000e+00  4.15395e+00 
 6.69707e-03  4.90238e-03  1.72236e-20  3.47944e+00  6.61041e-04  3.59935e+02  3.60055e+02  4.75500e+00  4.83282e+00  3.06073e-01  1.16170e+01  5.27090e+01  1.46291e+05 -1.81350e+05  3.60412e+02  0.00000e+00 -3.46985e+04  8.00397e+02 -3.38981e+04  3.06088e-01  1.00000e+00 -1.15568e+01  0.00000e+00  4.58371e+00 
 6.87356e-03  5.14086e-03  8.28595e-21  3.47944e+00  6.58969e-04  3.59950e+02  3.60055e+02  4.71614e+00  4.79279e+00  3.13890e-01  1.07046e+01  5.28749e+01  1.51262e+05 -1.85338e+05  3.59021e+02  0.00000e+00 -3.37173e+04  7.20966e+02 -3.29963e+04  3.13906e-01  1.00000e+00 -1.06423e+01  0.00000e+00  5.06105e+00 
 7.05370e-03  5.37934e-03 -1.59677e-20  3.47944e+00  6.54434e-04  3.59966e+02  3.60055e+02  4.67436e+00  4.74991e+00  3.21584e-01  9.71839e+00  5.32415e+01  1.57269e+05 -1.90859e+05  3.58778e+02  0.00000e+00 -3.32311e+04  6.42765e+02 -3.25883e+04  3.21600e-01  1.00000e+00 -9.65352e+00  0.00000e+00  5.59045e+00 
 7.23722e-03  5.61783e-03  0.00000e+00  3.47944e+00  6.47624e-04  3.59982e+02  3.60055e+02  4.62966e+00  4.70409e+00  3.29036e-01  8.62916e+00  5.38016e+01  1.64461e+05 -1.97942e+05  3.59529e+02  0.00000e+00 -3.31216e+04  5.62999e+02 -3.25586e+04  3.29053e-01  1.00000e+00 -8.56138e+00  0.00000e+00  6.18215e+00 
 7.42387e-03  5.85632e-03  0.00000e+00  3.47944e+00  6.38802e-04  3.59998e+02  3.60055e+02  4.58158e+00  4.65496e+00  3.36381e-01  7.41150e+00  5.45448e+01  1.72865e+05 -2.06762e+05  3.61218e+02  0.00000e+00 -3.35363e+04  4.78692e+02 -3.30576e+04  3.36398e-01  1.00000e+00 -7.34041e+00  0.00000e+00  6.84275e+00 
 7.61342e-03  6.09482e-03  0.00000e+00  3.47944e+00  6.28049e-04  3.60015e+02  3.60056e+02  4.53024e+00  4.60256e+00  3.43452e-01  6.03109e+00  5.54789e+01  1.82774e+05 -2.17462e+05  3.63743e+02  0.00000e+00 -3.43235e+04  3.86945e+02 -3.39366e+04  3.43471e-01  1.00000e+00 -5.95625e+00  0.00000e+00  7.58990e+00 
 7.80566e-03  6.33332e-03  0.00000e+00  3.47944e+00  6.15576e-04  3.60032e+02  3.60056e+02  4.47469e+00  4.54602e+00  3.50457e-01  4.45086e+00  5.66034e+01  1.94271e+05 -2.30403e+05  3.67111e+02  0.00000e+00 -3.57651e+04  2.83976e+02 -3.54812e+04  3.50475e-01  1.00000e+00 -4.37176e+00  0.00000e+00  8.43364e+00 
 8.00039e-03  6.57182e-03  0.00000e+00  3.47944e+00  6.01343e-04  3.60050e+02  3.60056e+02  4.41557e+00  4.48590e+00  3.57191e-01  2.62152e+00  5.79434e+01  2.07883e+05 -2.45928e+05  3.71299e+02  0.00000e+00 -3.76744e+04  1.65556e+02 -3.75089e+04  3.57210e-01  1.00000e+00 -2.53760e+00  0.00000e+00  9.40572e+00 
 8.19744e-03  6.81033e-03  1.31016e-20  3.47944e+00  5.85522e-04  3.60069e+02  3.60056e+02  4.35056e+00  4.41996e+00  3.63890e-01  4.78373e-01  5.95094e+01  2.23815e+05 -2.64667e+05  3.76288e+02  0.00000e+00 -4.04749e+04  2.55826e+01 -4.04493e+04  3.63908e-01  1.00000e+00 -3.88964e-01  0.00000e+00  1.05239e+01 
 8.39664e-03  7.04884e-03  0.00000e+00  3.47944e+00  5.67970e-04  3.60088e+02  3.60057e+02  4.28205e+00  4.35051e+00  3.70379e-01 -4.81469e+00  6.13488e+01  2.42965e+05 -2.87353e+05  3.82322e+02  0.00000e+00 -4.40053e+04 -3.35146e+02 -4.43405e+04  3.70400e-01  1.00000e+00  5.03108e+00  0.00000e+00  1.18454e+01 
 8.59784e-03  7.28736e-03  0.00000e+00  3.47944e+00  5.48760e-04  3.60108e+02  3.60057e+02  4.20382e+00  4.27143e+00  3.76916e-01 -1.18909e+01  6.34968e+01  2.65893e+05 -3.15252e+05  3.89006e+02  0.00000e+00 -4.89702e+04 -8.21376e+02 -4.97916e+04  3.76938e-01  1.00000e+00  1.21233e+01  0.00000e+00  1.34090e+01 
 8.80092e-03  7.52587e-03  0.00000e+00  3.47944e+00  5.27434e-04  3.60130e+02  3.60057e+02  4.12383e+00  4.19063e+00  3.83241e-01 -2.07359e+01  6.60647e+01  2.94615e+05 -3.50195e+05  3.97029e+02  0.00000e+00 -5.51832e+04 -1.45501e+03 -5.66382e+04  3.83266e-01  1.00000e+00  2.09873e+01  0.00000e+00  1.53450e+01 
 9.00573e-03  7.76439e-03 -1.17014e-20  3.47944e+00  5.04002e-04  3.60154e+02  3.60058e+02  4.02501e+00  4.09105e+00  3.89748e-01 -3.22084e+01  6.91367e+01  3.30341e+05 -3.95331e+05  4.06263e+02  0.00000e+00 -6.45834e+04 -2.31731e+03 -6.69007e+04  3.89772e-01  1.00000e+00  3.24824e+01  0.00000e+00  1.77147e+01 
 9.21216e-03  8.00291e-03  0.00000e+00  3.47944e+00  4.77674e-04  3.60182e+02  3.60058e+02  3.92999e+00  3.99513e+00  3.96170e-01 -4.78000e+01  7.29478e+01  3.78064e+05 -4.55203e+05  4.18104e+02  0.00000e+00 -7.67209e+04 -3.56208e+03 -8.02830e+04  3.96197e-01  1.00000e+00  4.81020e+01  0.00000e+00  2.08726e+01 
 9.42012e-03  8.24144e-03  0.00000e+00  3.47944e+00  4.48411e-04  3.60216e+02  3.60059e+02  3.79599e+00  3.86007e+00  4.02901e-01 -7.01904e+01  7.77091e+01  4.41589e+05 -5.38318e+05  4.31132e+02  0.00000e+00 -9.62982e+04 -5.47070e+03 -1.01769e+05  4.02926e-01  1.00000e+00  7.05276e+01  0.00000e+00  2.49999e+01 
 9.62949e-03  8.47996e-03  0.00000e+00  3.47944e+00  4.14806e-04  3.60259e+02  3.60059e+02  3.67489e+00  3.73539e+00  4.09763e-01 -1.04967e+02  8.40054e+01  5.35633e+05 -6.59515e+05  4.50323e+02  0.00000e+00 -1.23433e+05 -8.68604e+03 -1.32119e+05  4.09788e-01  1.00000e+00  1.05351e+02  0.00000e+00  3.11821e+01 
 9.84019e-03  8.71849e-03  0.00000e+00  3.47944e+00  3.76653e-04  3.60321e+02  3.60060e+02  3.47328e+00  3.52682e+00  4.16917e-01 -1.63938e+02  9.25160e+01  6.77849e+05 -8.49449e+05  4.70297e+02  0.00000e+00 -1.71130e+05 -1.46704e+04 -1.85801e+05  4.16939e-01  1.00000e+00  1.64385e+02  0.00000e+00  4.03847e+01 
 1.00521e-02  8.95702e-03  0.00000e+00  3.47944e+00  3.31282e-04  3.60420e+02  3.60060e+02  3.29197e+00  3.33890e+00  4.24343e-01 -2.82779e+02  1.05188e+02  9.35237e+05 -1.17711e+06  5.01791e+02  0.00000e+00 -2.41372e+05 -2.82449e+04 -2.69617e+05  4.24366e-01  1.00000e+00  2.83323e+02  0.00000e+00  5.77133e+01 
 1.02653e-02  9.19555e-03  0.00000e+00  3.47944e+00  2.78185e-04  3.60615e+02  3.60061e+02  2.93058e+00  2.97004e+00  4.32801e-01 -5.83741e+02  1.25267e+02  1.46430e+06 -1.81208e+06  5.27584e+02  0.00000e+00 -3.47249e+05 -6.80302e+04 -4.15279e+05  4.32813e-01  1.00000e+00  5.84445e+02  0.00000e+00  9.58014e+01 
 1.04795e-02  9.43408e-03  0.00000e+00  3.47944e+00  2.15668e-04  3.61172e+02  3.60062e+02  2.43786e+00  2.46260e+00  4.43925e-01 -5.24278e+03  1.61582e+02  3.02758e+06 -3.09336e+06  5.83248e+02  1.66895e+06  1.60375e+06 -1.60646e+06 -2.70635e+03  4.43943e-01  1.00000e+00  5.24379e+03  3.45717e+03  2.43357e+02 
