# Code_Saturne plot output (1D profile)
#
# Iteration output: 3135
# Time output:      2.30001e+01
#
#COLUMN_TITLES: Distance | X | Y | Z | diameter_Field2 | temp_Field1 | temp_Field2 | Velocity_Field1[Z] | Velocity_Field2[Z] | vol_f_Field2 | mass_trans_Field1 | Xd_Field2 | BK | COAL | COMP | NUCL | W1 | MT | SMBR | ALPBB | CONDNUM | GAMA | GAMANUC | epsilon_Field1
 4.56474e-03  1.39645e-04  0.00000e+00  3.47944e+00  1.00000e-05  3.57039e+02  3.60048e+02  3.73111e+00  3.73156e+00  7.94138e-15 -1.24148e-09  3.48624e+03  0.00000e+00 -2.83698e-11  1.44720e+04  0.00000e+00  1.44720e+04 -2.01552e+00  1.51919e+10  6.62526e-20  6.62526e-14  1.24148e-09  0.00000e+00  2.52006e-01 
 4.57812e-03  3.76525e-04  4.25872e-21  3.47944e+00  1.00000e-05  3.57046e+02  3.60048e+02  3.72995e+00  3.73040e+00  8.01672e-15 -1.35266e-09  3.48624e+03  0.00000e+00 -1.11724e-10  1.34976e+04  0.00000e+00  1.34976e+04 -2.19603e+00  3.86668e+09  2.60182e-19  2.60182e-13  1.35266e-09  0.00000e+00  2.54157e-01 
 4.60371e-03  6.13858e-04  0.00000e+00  3.47944e+00  1.00000e-05  3.57058e+02  3.60048e+02  3.72874e+00  3.72918e+00  6.78517e-15 -1.14750e-09  3.48624e+03  0.00000e+00 -6.24909e-10  1.27444e+04  0.00000e+00  1.27444e+04 -1.86295e+00  6.94749e+08  1.44733e-18  1.44733e-12  1.14750e-09  0.00000e+00  2.58417e-01 
 4.64138e-03  8.51483e-04  0.00000e+00  3.47944e+00  1.00000e-05  3.57077e+02  3.60048e+02  3.72658e+00  3.72703e+00  6.46598e-15 -1.24434e-09  3.48624e+03  0.00000e+00 -4.33242e-09  9.88341e+03  0.00000e+00  9.88341e+03 -2.02017e+00  1.00581e+08  9.95333e-18  9.95333e-12  1.24434e-09  0.00000e+00  2.64841e-01 
 4.69084e-03  1.08931e-03  0.00000e+00  3.47944e+00  1.00000e-05  3.57102e+02  3.60048e+02  3.72331e+00  3.72375e+00  4.92824e-15 -7.54289e-10  3.48624e+03  0.00000e+00 -4.16913e-08  1.45284e+04  0.00000e+00  1.45284e+04 -1.22458e+00  1.05627e+07  9.47746e-17  9.47746e-11  7.54289e-10  0.00000e+00  2.73477e-01 
 4.75174e-03  1.32727e-03  1.05001e-20  3.47944e+00  1.00000e-05  3.57133e+02  3.60048e+02  3.71979e+00  3.72023e+00  2.12848e-15  1.77567e-10  3.48624e+03  0.00000e+00 -5.08473e-07  1.37155e+04  0.00000e+00  1.37155e+04  2.88276e-01  8.45754e+05  1.14102e-15  1.14102e-09 -1.77567e-10  0.00000e+00  2.84437e-01 
 4.82366e-03  1.56534e-03  0.00000e+00  3.47944e+00  1.00000e-05  3.57170e+02  3.60048e+02  3.71552e+00  3.71597e+00  1.68860e-14  2.02774e-09  3.48625e+03  0.00000e+00 -5.91634e-06  9.82047e+03  0.00000e+00  9.82047e+03  3.29201e+00  7.41898e+04  1.30763e-14  1.30763e-08 -2.02774e-09  0.00000e+00  2.97857e-01 
 4.90611e-03  1.80349e-03  8.81027e-21  3.47944e+00  1.00000e-05  3.57213e+02  3.60048e+02  3.71060e+00  3.71091e+00  1.88157e-13  2.30075e-08  3.48625e+03  0.00000e+00 -6.97248e-05  9.87938e+03  0.00000e+00  9.87938e+03  3.73523e+01  6.47100e+03  1.51469e-13  1.51469e-07 -2.30075e-08  0.00000e+00  3.13893e-01 
 4.99859e-03  2.04170e-03  0.00000e+00  3.47944e+00  1.00000e-05  3.57263e+02  3.60048e+02  3.70492e+00  3.70516e+00  2.14204e-12  2.70490e-07  3.48626e+03  0.00000e+00 -8.50429e-04  9.41516e+03  0.00000e+00  9.41516e+03  4.39137e+02  5.32071e+02  1.81237e-12  1.81237e-06 -2.70490e-07  0.00000e+00  3.32719e-01 
 5.10055e-03  2.27996e-03  7.58893e-21  3.47944e+00  1.00000e-05  3.57319e+02  3.60048e+02  3.69842e+00  3.69860e+00  2.60369e-11  3.49043e-06  3.48626e+03  0.00000e+00 -1.08752e-02  9.28659e+03  0.00000e+00  9.28657e+03  5.66665e+03  3.34441e+01  2.26972e-11  2.26972e-05 -3.49042e-06  0.00000e+00  3.54527e-01 
 5.21143e-03  2.51826e-03  7.09702e-21  3.47944e+00  1.00000e-05  3.57381e+02  3.60048e+02  3.69118e+00  3.69135e+00  3.19246e-10  4.35507e-05  3.48626e+03  0.00000e+00 -1.39699e-01  1.00084e+04  0.00000e+00  1.00083e+04  7.06091e+04  8.06174e+04  2.85094e-10  2.85094e-04 -4.34922e-05  0.00000e+00  3.79547e-01 
 5.33068e-03  2.75659e-03  1.33300e-20  3.47944e+00  1.00000e-05  3.57449e+02  3.60048e+02  3.68304e+00  3.68320e+00  3.83809e-09  5.16972e-04  3.48623e+03 5.40521e-279 -1.71445e+00  1.07232e+04  0.00000e+00  1.07215e+04  8.38040e+05  8.48762e+05  3.41655e-09  3.41655e-03 -5.16202e-04  0.00000e+00  4.08019e-01 
 5.45775e-03  2.99495e-03  1.25651e-20  3.47944e+00  1.00000e-05  3.57523e+02  3.60046e+02  3.67409e+00  3.67424e+00  4.50885e-08  6.24057e-03  3.48615e+03 8.14463e-265 -2.14508e+01  9.54402e+03  0.00000e+00  9.52257e+03  1.01156e+07  1.01251e+07  4.16935e-08  4.16935e-02 -6.23097e-03  0.00000e+00  4.40212e-01 
 5.59212e-03  3.23333e-03  0.00000e+00  3.47944e+00  1.00000e-05  3.57603e+02  3.60046e+02  3.66439e+00  3.66452e+00  5.14888e-07  7.77100e-02  3.48613e+03 8.70377e-251 -2.63681e+02  9.22723e+03  0.00000e+00  8.96355e+03  1.25956e+08  1.25965e+08  4.99362e-07  4.99362e-01 -7.75865e-02  0.00000e+00  4.76466e-01 
 5.73326e-03  3.47172e-03  0.00000e+00  3.47944e+00  1.00000e-05  3.57689e+02  3.60046e+02  3.65391e+00  3.65404e+00  5.80504e-06  8.89299e-01  3.48613e+03 5.26233e-237 -3.15149e+03  9.12617e+03  0.00000e+00  5.97469e+03  2.48091e+08  2.48097e+08  5.80971e-06  1.00000e+00 -8.87835e-01  0.00000e+00  5.17198e-01 
 5.88069e-03  3.71014e-03 -5.35987e-21  3.47944e+00  1.06729e-05  3.57781e+02  3.60046e+02  3.64263e+00  3.64276e+00  5.90141e-05  8.73952e+00  3.26634e+03 3.80139e-205 -2.95648e+04  9.24141e+03  0.00000e+00 -2.03234e+04  2.34257e+08  2.34237e+08  5.75652e-05  1.00000e+00 -8.72455e+00  0.00000e+00  5.62910e-01 
 6.03395e-03  3.94857e-03  5.10973e-21  3.47944e+00  1.68052e-05  3.57878e+02  3.60046e+02  3.63053e+00  3.63087e+00  3.22930e-04  4.00924e+01  2.07444e+03  2.37349e-82 -7.73991e+04  6.66694e+03  0.00000e+00 -7.07322e+04  1.18755e+08  1.18684e+08  3.24610e-04  1.00000e+00 -4.00208e+01  0.00000e+00  6.14224e-01 
 6.19261e-03  4.18701e-03  0.00000e+00  3.47944e+00  2.53387e-05  3.57974e+02  3.60046e+02  3.61765e+00  3.61851e+00  1.11778e-03  7.36052e+01  1.37581e+03  2.50570e-34 -1.37712e+05  5.21430e+03  0.00000e+00 -1.32498e+05  4.17856e+07  4.16531e+07  1.12298e-03  1.00000e+00 -7.34679e+01  0.00000e+00  6.71876e-01 
 6.35626e-03  4.42546e-03  0.00000e+00  3.47944e+00  3.48281e-05  3.58073e+02  3.60046e+02  3.60391e+00  3.60564e+00  2.36058e-03  9.12952e+01  1.00095e+03  2.97781e-15 -1.74648e+05  3.87941e+03  0.00000e+00 -1.70769e+05  1.78914e+07  1.77207e+07  2.36818e-03  1.00000e+00 -9.11164e+01  0.00000e+00  7.36847e-01 
 6.52453e-03  4.66392e-03 -8.96437e-21  3.47944e+00  4.39932e-05  3.58176e+02  3.60046e+02  3.58925e+00  3.59208e+00  3.83682e-03  9.85480e+01  7.92427e+02  8.12901e-07 -1.96659e+05  3.08760e+03  0.00000e+00 -1.93571e+05  9.41764e+06  9.22407e+06  3.84611e-03  1.00000e+00 -9.83447e+01  0.00000e+00  8.10584e-01 
 6.69707e-03  4.90238e-03  1.72236e-20  3.47944e+00  5.23420e-05  3.58281e+02  3.60046e+02  3.57343e+00  3.57768e+00  5.67337e-03  1.01453e+02  6.66032e+02  1.62495e-02 -2.23132e+05  2.59463e+03  0.00000e+00 -2.20537e+05  5.51379e+06  5.29326e+06  5.68517e-03  1.00000e+00 -1.01232e+02  0.00000e+00  8.95074e-01 
 6.87356e-03  5.14086e-03  8.28595e-21  3.47944e+00  5.98507e-05  3.58389e+02  3.60046e+02  3.55631e+00  3.56181e+00  8.19630e-03  1.10939e+02  5.82474e+02  4.95674e+00 -2.64884e+05  2.26391e+03  0.00000e+00 -2.62615e+05  3.65087e+06  3.38825e+06  8.21156e-03  1.00000e+00 -1.10681e+02  0.00000e+00  9.92780e-01 
 7.05370e-03  5.37934e-03 -1.59677e-20  3.47944e+00  6.69726e-05  3.58500e+02  3.60046e+02  3.53775e+00  3.54443e+00  1.15375e-02  1.22440e+02  5.20534e+02  2.07875e+02 -3.18269e+05  2.01676e+03  0.00000e+00 -3.16044e+05  2.55850e+06  2.24245e+06  1.15570e-02  1.00000e+00 -1.22135e+02  0.00000e+00  1.10677e+00 
 7.23722e-03  5.61783e-03  0.00000e+00  3.47944e+00  7.38481e-05  3.58614e+02  3.60046e+02  3.51734e+00  3.52515e+00  1.58652e-02  1.35334e+02  4.72071e+02  2.75644e+03 -3.83612e+05  1.82171e+03  0.00000e+00 -3.79034e+05  1.86528e+06  1.48625e+06  1.58894e-02  1.00000e+00 -1.34972e+02  0.00000e+00  1.24079e+00 
 7.42387e-03  5.85632e-03  0.00000e+00  3.47944e+00  8.03847e-05  3.58730e+02  3.60046e+02  3.49490e+00  3.50373e+00  2.13870e-02  1.49604e+02  4.33684e+02  1.71758e+04 -4.64148e+05  1.66544e+03  0.00000e+00 -4.45307e+05  1.40531e+06  9.60000e+05  2.14160e-02  1.00000e+00 -1.49169e+02  0.00000e+00  1.39952e+00 
 7.61342e-03  6.09482e-03  0.00000e+00  3.47944e+00  8.63811e-05  3.58848e+02  3.60046e+02  3.47008e+00  3.47978e+00  2.83351e-02  1.65381e+02  4.03579e+02  6.35879e+04 -5.65228e+05  1.54101e+03  0.00000e+00 -5.00099e+05  1.09113e+06  5.91027e+05  2.83699e-02  1.00000e+00 -1.64854e+02  0.00000e+00  1.58848e+00 
 7.80566e-03  6.33332e-03  0.00000e+00  3.47944e+00  9.16351e-05  3.58966e+02  3.60046e+02  3.44252e+00  3.45294e+00  3.69790e-02  1.82772e+02  3.80440e+02  1.64360e+05 -6.94575e+05  1.44224e+03  0.00000e+00 -5.28773e+05  8.70821e+05  3.42048e+05  3.70231e-02  1.00000e+00 -1.82129e+02  0.00000e+00  1.81524e+00 
 8.00039e-03  6.57182e-03  0.00000e+00  3.47944e+00  9.60565e-05  3.59085e+02  3.60046e+02  3.41172e+00  3.42270e+00  4.75942e-02  2.01389e+02  3.62929e+02  3.32498e+05 -8.60828e+05  1.36454e+03  0.00000e+00 -5.26965e+05  7.10934e+05  1.83970e+05  4.76512e-02  1.00000e+00 -2.00596e+02  0.00000e+00  2.08831e+00 
 8.19744e-03  6.81033e-03  1.31016e-20  3.47944e+00  9.97122e-05  3.59202e+02  3.60046e+02  3.37696e+00  3.38840e+00  6.04718e-02  2.20333e+02  3.49624e+02  5.72845e+05 -1.07349e+06  1.30148e+03  0.00000e+00 -4.99346e+05  5.89453e+05  9.01065e+04  6.05431e-02  1.00000e+00 -2.19352e+02  0.00000e+00  2.42166e+00 
 8.39664e-03  7.04884e-03  0.00000e+00  3.47944e+00  1.02780e-04  3.59316e+02  3.60046e+02  3.33754e+00  3.34939e+00  7.58571e-02  2.33715e+02  3.39188e+02  8.85707e+05 -1.34083e+06  1.24849e+03  0.00000e+00 -4.53869e+05  4.83284e+05  2.94145e+04  7.59420e-02  1.00000e+00 -2.32520e+02  0.00000e+00  2.83086e+00 
 8.59784e-03  7.28736e-03  0.00000e+00  3.47944e+00  1.05404e-04  3.59425e+02  3.60047e+02  3.29287e+00  3.30477e+00  9.39349e-02  2.41837e+02  3.30746e+02  1.27187e+06 -1.67241e+06  1.20097e+03  0.00000e+00 -3.99344e+05  3.93514e+05 -5.83006e+03  9.40274e-02  1.00000e+00 -2.40395e+02  0.00000e+00  3.34204e+00 
 8.80092e-03  7.52587e-03  0.00000e+00  3.47944e+00  1.07737e-04  3.59529e+02  3.60047e+02  3.24086e+00  3.25268e+00  1.14658e-01  2.42974e+02  3.23585e+02  1.72734e+06 -2.07361e+06  1.15656e+03  0.00000e+00 -3.45112e+05  3.16562e+05 -2.85498e+04  1.14765e-01  1.00000e+00 -2.41254e+02  0.00000e+00  3.98324e+00 
 9.00573e-03  7.76439e-03 -1.17014e-20  3.47944e+00  1.09890e-04  3.59627e+02  3.60047e+02  3.18113e+00  3.19279e+00  1.38031e-01  2.35780e+02  3.17245e+02  2.25249e+06 -2.55353e+06  1.11210e+03  0.00000e+00 -2.99921e+05  2.49787e+05 -5.01338e+04  1.38165e-01  1.00000e+00 -2.33751e+02  0.00000e+00  4.80484e+00 
 9.21216e-03  8.00291e-03  0.00000e+00  3.47944e+00  1.11864e-04  3.59717e+02  3.60047e+02  3.10986e+00  3.12131e+00  1.63369e-01  2.18623e+02  3.11649e+02  2.84051e+06 -3.11191e+06  1.06797e+03  0.00000e+00 -2.70332e+05  1.91821e+05 -7.85106e+04  1.63531e-01  1.00000e+00 -2.16269e+02  0.00000e+00  5.86595e+00 
 9.42012e-03  8.24144e-03  0.00000e+00  3.47944e+00  1.13498e-04  3.59800e+02  3.60047e+02  3.02819e+00  3.03922e+00  1.90642e-01  1.92056e+02  3.07163e+02  3.50731e+06 -3.77965e+06  1.02350e+03  0.00000e+00 -2.71324e+05  1.41835e+05 -1.29488e+05  1.90865e-01  1.00000e+00 -1.89355e+02  0.00000e+00  7.29550e+00 
 9.62949e-03  8.47996e-03  0.00000e+00  3.47944e+00  1.14332e-04  3.59877e+02  3.60047e+02  2.92564e+00  2.93615e+00  2.18445e-01  1.54973e+02  3.04924e+02  4.28177e+06 -4.58953e+06  9.63593e+02  0.00000e+00 -3.06800e+05  9.85964e+04 -2.08203e+05  2.18690e-01  1.00000e+00 -1.51905e+02  0.00000e+00  9.27539e+00 
 9.84019e-03  8.71849e-03  0.00000e+00  3.47944e+00  1.13644e-04  3.59952e+02  3.60048e+02  2.80750e+00  2.81700e+00  2.46992e-01  1.05516e+02  3.06772e+02  5.29396e+06 -5.68868e+06  9.44936e+02  0.00000e+00 -3.93778e+05  5.89367e+04 -3.34842e+05  2.47196e-01  1.00000e+00 -1.02022e+02  0.00000e+00  1.22980e+01 
 1.00521e-02  8.95702e-03  0.00000e+00  3.47944e+00  1.10372e-04  3.60033e+02  3.60048e+02  2.64367e+00  2.65257e+00  2.74105e-01  3.09088e+01  3.15868e+02  6.84585e+06 -7.34268e+06  9.14641e+02  0.00000e+00 -4.95920e+05  1.44126e+04 -4.81508e+05  2.74258e-01  1.00000e+00 -2.68806e+01  0.00000e+00  1.74492e+01 
 1.02653e-02  9.19555e-03  0.00000e+00  3.47944e+00  1.04098e-04  3.60145e+02  3.60049e+02  2.43642e+00  2.44400e+00  3.02297e-01 -2.53502e+02  3.34907e+02  9.92244e+06 -1.03547e+07  8.83072e+02  0.00000e+00 -4.31382e+05 -1.35269e+05 -5.66651e+05  3.02496e-01  1.00000e+00  2.62473e+02  0.00000e+00  2.91666e+01 
 1.04795e-02  9.43408e-03  0.00000e+00  3.47944e+00  9.60348e-05  3.60479e+02  3.60049e+02  2.04665e+00  2.05164e+00  3.32174e-01 -4.35832e+03  3.63032e+02  1.81982e+07 -1.65853e+07  8.41887e+02  2.51449e+06  4.12822e+06 -4.26758e+06 -1.39363e+05  3.32357e-01  1.00000e+00  4.36889e+03  2.81128e+03  7.33866e+01 
