# Code_Saturne plot output (1D profile)
#
# Iteration output: 2492
# Time output:      2.30009e+01
#
#COLUMN_TITLES: Distance | X | Y | Z | diameter_Field2 | temp_Field1 | temp_Field2 | Velocity_Field1[Z] | Velocity_Field2[Z] | vol_f_Field2 | mass_trans_Field1 | Xd_Field2 | BK | COAL | COMP | NUCL | W1 | MT | SMBR | ALPBB | CONDNUM | GAMA | GAMANUC | epsilon_Field1
 4.56474e-03  1.39645e-04  0.00000e+00  3.47944e+00  1.30182e-04  3.59546e+02  3.60052e+02  4.65272e+00  4.67725e+00  6.55955e-02  7.75296e+01  2.67690e+02  1.24305e+04 -9.47891e+05  1.61037e+03  0.00000e+00 -9.33850e+05  1.06105e+05 -8.27746e+05  6.55959e-02  1.00000e+00 -7.75381e+01  0.00000e+00  4.80943e-01 
 4.57812e-03  3.76525e-04  4.25872e-21  3.47944e+00  1.60660e-04  3.59548e+02  3.60052e+02  4.65211e+00  4.68377e+00  6.63989e-02  5.90952e+01  2.16906e+02  6.75229e+04 -6.70344e+05  1.30597e+03  0.00000e+00 -6.01515e+05  6.47409e+04 -5.36774e+05  6.63992e-02  1.00000e+00 -5.91017e+01  0.00000e+00  4.86839e-01 
 4.60371e-03  6.13858e-04  0.00000e+00  3.47944e+00  1.81566e-04  3.59551e+02  3.60052e+02  4.65057e+00  4.68709e+00  6.79328e-02  5.11640e+01  1.91931e+02  1.32751e+05 -5.59311e+05  1.15640e+03  0.00000e+00 -4.25403e+05  4.84789e+04 -3.76924e+05  6.79328e-02  1.00000e+00 -5.11697e+01  0.00000e+00  4.98378e-01 
 4.64138e-03  8.51483e-04  0.00000e+00  3.47944e+00  1.94803e-04  3.59557e+02  3.60052e+02  4.64835e+00  4.68784e+00  7.01910e-02  4.78124e+01  1.78890e+02  1.86026e+05 -5.17155e+05  1.07807e+03  0.00000e+00 -3.30051e+05  4.08668e+04 -2.89184e+05  7.01907e-02  1.00000e+00 -4.78178e+01  0.00000e+00  5.15790e-01 
 4.69084e-03  1.08931e-03  0.00000e+00  3.47944e+00  2.03466e-04  3.59566e+02  3.60052e+02  4.64535e+00  4.68667e+00  7.32057e-02  4.65811e+01  1.71273e+02  2.31548e+05 -5.07185e+05  1.03202e+03  0.00000e+00 -2.74605e+05  3.65496e+04 -2.38055e+05  7.32054e-02  1.00000e+00 -4.65864e+01  0.00000e+00  5.39427e-01 
 4.75174e-03  1.32727e-03  1.05001e-20  3.47944e+00  2.09454e-04  3.59576e+02  3.60052e+02  4.64159e+00  4.68401e+00  7.70080e-02  4.64880e+01  1.66376e+02  2.75035e+05 -5.15978e+05  1.00208e+03  0.00000e+00 -2.39941e+05  3.36841e+04 -2.06257e+05  7.70078e-02  1.00000e+00 -4.64934e+01  0.00000e+00  5.69796e-01 
 4.82366e-03  1.56534e-03  0.00000e+00  3.47944e+00  2.13904e-04  3.59588e+02  3.60052e+02  4.63700e+00  4.68012e+00  8.16345e-02  4.70636e+01  1.62915e+02  3.20317e+05 -5.37862e+05  9.80590e+02  0.00000e+00 -2.16565e+05  3.14994e+04 -1.85066e+05  8.16345e-02  1.00000e+00 -4.70693e+01  0.00000e+00  6.07559e-01 
 4.90611e-03  1.80349e-03  8.81027e-21  3.47944e+00  2.17505e-04  3.59603e+02  3.60052e+02  4.63155e+00  4.67512e+00  8.71220e-02  4.80411e+01  1.60218e+02  3.69726e+05 -5.70194e+05  9.63537e+02  0.00000e+00 -1.99504e+05  2.96297e+04 -1.69874e+05  8.71221e-02  1.00000e+00 -4.80471e+01  0.00000e+00  6.53545e-01 
 4.99859e-03  2.04170e-03  0.00000e+00  3.47944e+00  2.20692e-04  3.59619e+02  3.60052e+02  4.62516e+00  4.66906e+00  9.35000e-02  4.92375e+01  1.57905e+02  4.24616e+05 -6.11588e+05  9.48635e+02  0.00000e+00 -1.86023e+05  2.78877e+04 -1.58135e+05  9.34999e-02  1.00000e+00 -4.92438e+01  0.00000e+00  7.08753e-01 
 5.10055e-03  2.27996e-03  7.58893e-21  3.47944e+00  2.23763e-04  3.59637e+02  3.60052e+02  4.61775e+00  4.66188e+00  1.00790e-01  5.05045e+01  1.55737e+02  4.85642e+05 -6.61149e+05  9.34459e+02  0.00000e+00 -1.74573e+05  2.61721e+04 -1.48401e+05  1.00790e-01  1.00000e+00 -5.05112e+01  0.00000e+00  7.74367e-01 
 5.21143e-03  2.51826e-03  7.09702e-21  3.47944e+00  2.26944e-04  3.59656e+02  3.60052e+02  4.60920e+00  4.65356e+00  1.09006e-01  5.17101e+01  1.53554e+02  5.52865e+05 -7.18068e+05  9.20024e+02  0.00000e+00 -1.64282e+05  2.44302e+04 -1.39852e+05  1.09005e-01  1.00000e+00 -5.17173e+01  0.00000e+00  8.51765e-01 
 5.33068e-03  2.75659e-03  1.33300e-20  3.47944e+00  2.30418e-04  3.59676e+02  3.60052e+02  4.59938e+00  4.64397e+00  1.18138e-01  5.27241e+01  1.51240e+02  6.25774e+05 -7.81328e+05  9.04639e+02  0.00000e+00 -1.54649e+05  2.26375e+04 -1.32011e+05  1.18137e-01  1.00000e+00 -5.27317e+01  0.00000e+00  9.42536e-01 
 5.45775e-03  2.99495e-03  1.25651e-20  3.47944e+00  2.34341e-04  3.59697e+02  3.60052e+02  4.58813e+00  4.63301e+00  1.28160e-01  5.34250e+01  1.48707e+02  7.03264e+05 -8.49602e+05  8.87760e+02  0.00000e+00 -1.45451e+05  2.07909e+04 -1.24660e+05  1.28159e-01  1.00000e+00 -5.34332e+01  0.00000e+00  1.04846e+00 
 5.59212e-03  3.23333e-03  0.00000e+00  3.47944e+00  2.38850e-04  3.59718e+02  3.60052e+02  4.57525e+00  4.62049e+00  1.39012e-01  5.37005e+01  1.45900e+02  7.83683e+05 -9.21127e+05  8.69037e+02  0.00000e+00 -1.36575e+05  1.89033e+04 -1.17672e+05  1.39010e-01  1.00000e+00 -5.37092e+01  0.00000e+00  1.17153e+00 
 5.73326e-03  3.47172e-03  0.00000e+00  3.47944e+00  2.44056e-04  3.59740e+02  3.60052e+02  4.56055e+00  4.60624e+00  1.50616e-01  5.34625e+01  1.42788e+02  8.64884e+05 -9.93840e+05  8.48283e+02  0.00000e+00 -1.28107e+05  1.69993e+04 -1.11108e+05  1.50613e-01  1.00000e+00 -5.34718e+01  0.00000e+00  1.31388e+00 
 5.88069e-03  3.71014e-03 -5.35987e-21  3.47944e+00  2.50035e-04  3.59762e+02  3.60052e+02  4.54378e+00  4.59004e+00  1.62844e-01  5.26493e+01  1.39374e+02  9.44491e+05 -1.06534e+06  8.25502e+02  0.00000e+00 -1.20026e+05  1.51135e+04 -1.04913e+05  1.62842e-01  1.00000e+00 -5.26591e+01  0.00000e+00  1.47782e+00 
 6.03395e-03  3.94857e-03  5.10973e-21  3.47944e+00  2.56828e-04  3.59784e+02  3.60052e+02  4.52474e+00  4.57166e+00  1.75575e-01  5.12451e+01  1.35688e+02  1.02003e+06 -1.13339e+06  8.00842e+02  0.00000e+00 -1.12556e+05  1.32831e+04 -9.92726e+04  1.75573e-01  1.00000e+00 -5.12553e+01  0.00000e+00  1.66567e+00 
 6.19261e-03  4.18701e-03  0.00000e+00  3.47944e+00  2.64409e-04  3.59805e+02  3.60052e+02  4.50319e+00  4.55088e+00  1.88621e-01  4.92687e+01  1.31797e+02  1.08947e+06 -1.19582e+06  7.74768e+02  0.00000e+00 -1.05577e+05  1.15468e+04 -9.40298e+04  1.88620e-01  1.00000e+00 -4.92793e+01  0.00000e+00  1.87990e+00 
 6.35626e-03  4.42546e-03  0.00000e+00  3.47944e+00  2.72704e-04  3.59827e+02  3.60052e+02  4.47895e+00  4.52748e+00  2.01848e-01  4.67885e+01  1.27789e+02  1.15119e+06 -1.25133e+06  7.47767e+02  0.00000e+00 -9.93873e+04  9.93545e+03 -8.94519e+04  2.01847e-01  1.00000e+00 -4.67994e+01  0.00000e+00  2.12285e+00 
 6.52453e-03  4.66392e-03 -8.96437e-21  3.47944e+00  2.81543e-04  3.59847e+02  3.60052e+02  4.45188e+00  4.50131e+00  2.15035e-01  4.38932e+01  1.23777e+02  1.20475e+06 -1.29913e+06  7.20511e+02  0.00000e+00 -9.36580e+04  8.47451e+03 -8.51835e+04  2.15035e-01  1.00000e+00 -4.39044e+01  0.00000e+00  2.39718e+00 
 6.69707e-03  4.90238e-03  1.72236e-20  3.47944e+00  2.90719e-04  3.59868e+02  3.60052e+02  4.42187e+00  4.47222e+00  2.28090e-01  4.06998e+01  1.19871e+02  1.25026e+06 -1.33976e+06  6.93671e+02  0.00000e+00 -8.88067e+04  7.17457e+03 -8.16321e+04  2.28090e-01  1.00000e+00 -4.07112e+01  0.00000e+00  2.70533e+00 
 6.87356e-03  5.14086e-03  8.28595e-21  3.47944e+00  2.99914e-04  3.59887e+02  3.60052e+02  4.38890e+00  4.44012e+00  2.40806e-01  3.73159e+01  1.16196e+02  1.28939e+06 -1.37436e+06  6.67969e+02  0.00000e+00 -8.42961e+04  6.03984e+03 -7.82562e+04  2.40806e-01  1.00000e+00 -3.73275e+01  0.00000e+00  3.05083e+00 
 7.05370e-03  5.37934e-03 -1.59677e-20  3.47944e+00  3.08830e-04  3.59906e+02  3.60052e+02  4.35288e+00  4.40491e+00  2.53181e-01  3.38443e+01  1.12841e+02  1.32380e+06 -1.40519e+06  6.43935e+02  0.00000e+00 -8.07485e+04  5.05998e+03 -7.56885e+04  2.53181e-01  1.00000e+00 -3.38561e+01  0.00000e+00  3.43697e+00 
 7.23722e-03  5.61783e-03  0.00000e+00  3.47944e+00  3.17067e-04  3.59925e+02  3.60052e+02  4.31386e+00  4.36654e+00  2.65037e-01  3.03572e+01  1.09910e+02  1.35676e+06 -1.43480e+06  6.22100e+02  0.00000e+00 -7.74162e+04  4.22318e+03 -7.31930e+04  2.65037e-01  1.00000e+00 -3.03691e+01  0.00000e+00  3.86979e+00 
 7.42387e-03  5.85632e-03  0.00000e+00  3.47944e+00  3.24346e-04  3.59943e+02  3.60053e+02  4.27163e+00  4.32477e+00  2.76491e-01  2.69009e+01  1.07444e+02  1.39036e+06 -1.46627e+06  6.02690e+02  0.00000e+00 -7.53042e+04  3.50705e+03 -7.17971e+04  2.76491e-01  1.00000e+00 -2.69130e+01  0.00000e+00  4.35468e+00 
 7.61342e-03  6.09482e-03  0.00000e+00  3.47944e+00  3.30285e-04  3.59960e+02  3.60053e+02  4.22619e+00  4.27955e+00  2.87363e-01  2.34893e+01  1.05512e+02  1.42869e+06 -1.50261e+06  5.85968e+02  0.00000e+00 -7.33268e+04  2.89367e+03 -7.04331e+04  2.87363e-01  1.00000e+00 -2.35016e+01  0.00000e+00  4.90294e+00 
 7.80566e-03  6.33332e-03  0.00000e+00  3.47944e+00  3.34748e-04  3.59977e+02  3.60053e+02  4.17703e+00  4.23030e+00  2.97885e-01  2.01062e+01  1.04106e+02  1.47323e+06 -1.54681e+06  5.71839e+02  0.00000e+00 -7.30141e+04  2.35781e+03 -7.06563e+04  2.97885e-01  1.00000e+00 -2.01187e+01  0.00000e+00  5.52346e+00 
 8.00039e-03  6.57182e-03  0.00000e+00  3.47944e+00  3.37411e-04  3.59994e+02  3.60053e+02  4.12420e+00  4.17707e+00  3.07837e-01  1.67158e+01  1.03285e+02  1.52896e+06 -1.60234e+06  5.60414e+02  0.00000e+00 -7.28234e+04  1.88218e+03 -7.09412e+04  3.07836e-01  1.00000e+00 -1.67287e+01  0.00000e+00  6.23766e+00 
 8.19744e-03  6.81033e-03  1.31016e-20  3.47944e+00  3.38314e-04  3.60010e+02  3.60053e+02  4.06650e+00  4.11862e+00  3.17553e-01  1.32484e+01  1.03010e+02  1.59659e+06 -1.67216e+06  5.51398e+02  0.00000e+00 -7.50190e+04  1.44259e+03 -7.35764e+04  3.17552e-01  1.00000e+00 -1.32616e+01  0.00000e+00  7.06016e+00 
 8.39664e-03  7.04884e-03  0.00000e+00  3.47944e+00  3.37137e-04  3.60027e+02  3.60053e+02  4.00454e+00  4.05556e+00  3.26751e-01  9.62173e+00  1.03370e+02  1.68347e+06 -1.76152e+06  5.44936e+02  0.00000e+00 -7.74980e+04  1.02221e+03 -7.64758e+04  3.26748e-01  1.00000e+00 -9.63546e+00  0.00000e+00  8.03345e+00 
 8.59784e-03  7.28736e-03  0.00000e+00  3.47944e+00  3.34052e-04  3.60043e+02  3.60054e+02  3.93529e+00  3.98483e+00  3.35850e-01  5.69975e+00  1.04325e+02  1.79031e+06 -1.87450e+06  5.40647e+02  0.00000e+00 -8.36459e+04  5.95214e+02 -8.30507e+04  3.35848e-01  1.00000e+00 -5.71405e+00  0.00000e+00  9.18333e+00 
 8.80092e-03  7.52587e-03  0.00000e+00  3.47944e+00  3.28631e-04  3.60060e+02  3.60054e+02  3.86158e+00  3.90931e+00  3.44516e-01  1.31166e+00  1.06046e+02  1.93044e+06 -2.02163e+06  5.38941e+02  0.00000e+00 -9.06522e+04  1.36945e+02 -9.05153e+04  3.44512e-01  1.00000e+00 -1.32668e+00  0.00000e+00  1.06029e+01 
 9.00573e-03  7.76439e-03 -1.17014e-20  3.47944e+00  3.21131e-04  3.60078e+02  3.60054e+02  3.77496e+00  3.82049e+00  3.53217e-01 -8.65143e+00  1.08524e+02  2.10675e+06 -2.21098e+06  5.39288e+02  0.00000e+00 -1.03698e+05 -8.88066e+02 -1.04586e+05  3.53213e-01  1.00000e+00  8.61929e+00  0.00000e+00  1.23466e+01 
 9.21216e-03  8.00291e-03  0.00000e+00  3.47944e+00  3.10822e-04  3.60097e+02  3.60055e+02  3.68515e+00  3.72812e+00  3.61625e-01 -2.31077e+01  1.12124e+02  2.34855e+06 -2.46858e+06  5.42909e+02  0.00000e+00 -1.19488e+05 -2.39912e+03 -1.21887e+05  3.61617e-01  1.00000e+00  2.30736e+01  0.00000e+00  1.46489e+01 
 9.42012e-03  8.24144e-03  0.00000e+00  3.47944e+00  2.97861e-04  3.60119e+02  3.60055e+02  3.56934e+00  3.60944e+00  3.70198e-01 -4.29054e+01  1.17004e+02  2.67171e+06 -2.82051e+06  5.48852e+02  0.00000e+00 -1.48257e+05 -4.54359e+03 -1.52800e+05  3.70191e-01  1.00000e+00  4.28688e+01  0.00000e+00  1.76719e+01 
 9.62949e-03  8.47996e-03  0.00000e+00  3.47944e+00  2.80974e-04  3.60147e+02  3.60055e+02  3.45348e+00  3.49033e+00  3.78741e-01 -7.32473e+01  1.24037e+02  3.15843e+06 -3.34615e+06  5.60683e+02  0.00000e+00 -1.87161e+05 -8.04026e+03 -1.95201e+05  3.78728e-01  1.00000e+00  7.32075e+01  0.00000e+00  2.21517e+01 
 9.84019e-03  8.71849e-03  0.00000e+00  3.47944e+00  2.60060e-04  3.60188e+02  3.60056e+02  3.28137e+00  3.31494e+00  3.87534e-01 -1.26038e+02  1.34014e+02  3.89795e+06 -4.15794e+06  5.75562e+02  0.00000e+00 -2.59418e+05 -1.46114e+04 -2.74029e+05  3.87519e-01  1.00000e+00  1.25993e+02  0.00000e+00  2.88872e+01 
 1.00521e-02  8.95702e-03  0.00000e+00  3.47944e+00  2.32581e-04  3.60257e+02  3.60057e+02  3.10443e+00  3.13448e+00  3.96485e-01 -2.37937e+02  1.49848e+02  5.26101e+06 -5.62321e+06  6.03487e+02  0.00000e+00 -3.61597e+05 -3.01521e+04 -3.91749e+05  3.96463e-01  1.00000e+00  2.37886e+02  0.00000e+00  4.14720e+01 
 1.02653e-02  9.19555e-03  0.00000e+00  3.47944e+00  1.98612e-04  3.60403e+02  3.60057e+02  2.78779e+00  2.81300e+00  4.06638e-01 -5.44580e+02  1.75479e+02  8.04913e+06 -8.53820e+06  6.30383e+02  0.00000e+00 -4.88446e+05 -7.88059e+04 -5.67252e+05  4.06611e-01  1.00000e+00  5.44520e+02  0.00000e+00  6.88627e+01 
 1.04795e-02  9.43408e-03  0.00000e+00  3.47944e+00  1.59516e-04  3.60874e+02  3.60058e+02  2.32814e+00  2.34371e+00  4.18627e-01 -5.18326e+03  2.18491e+02  1.59605e+07 -1.47632e+07  6.78306e+02  8.18055e+05  2.01612e+06 -2.05755e+06 -4.14375e+04  4.18595e-01  1.00000e+00  5.18318e+03  3.30501e+03  1.74509e+02 
