# Code_Saturne plot output (1D profile)
#
# Iteration output: 4431
# Time output:      2.30006e+01
#
#COLUMN_TITLES: Distance | X | Y | Z | diameter_Field2 | temp_Field1 | temp_Field2 | Velocity_Field1[Z] | Velocity_Field2[Z] | vol_f_Field2 | mass_trans_Field1 | Xd_Field2 | BK | COAL | COMP | NUCL | W1 | MT | SMBR | ALPBB | CONDNUM | GAMA | GAMANUC | epsilon_Field1
 4.56474e-03  1.39645e-04  0.00000e+00  3.47944e+00  1.81810e-04  3.59857e+02  3.60055e+02  4.93366e+00  4.97379e+00  1.30917e-01  4.18746e+01  1.91647e+02  1.57523e+05 -7.73322e+05  1.26346e+03  0.00000e+00 -6.14536e+05  2.21076e+04 -5.92428e+05  1.30903e-01  1.00000e+00 -4.18421e+01  0.00000e+00  6.99588e-01 
 4.57812e-03  3.76525e-04  4.25872e-21  3.47944e+00  2.09131e-04  3.59858e+02  3.60055e+02  4.93267e+00  4.97988e+00  1.32005e-01  3.49631e+01  1.66610e+02  2.16194e+05 -6.14048e+05  1.09928e+03  0.00000e+00 -3.96756e+05  1.59149e+04 -3.80841e+05  1.31990e-01  1.00000e+00 -3.49359e+01  0.00000e+00  7.08551e-01 
 4.60371e-03  6.13858e-04  0.00000e+00  3.47944e+00  2.26527e-04  3.59860e+02  3.60055e+02  4.93074e+00  4.98235e+00  1.33971e-01  3.17485e+01  1.53815e+02  2.48271e+05 -5.46373e+05  1.01549e+03  0.00000e+00 -2.97086e+05  1.31459e+04 -2.83940e+05  1.33955e-01  1.00000e+00 -3.17236e+01  0.00000e+00  7.25986e-01 
 4.64138e-03  8.51483e-04  0.00000e+00  3.47944e+00  2.37807e-04  3.59862e+02  3.60055e+02  4.92801e+00  4.98229e+00  1.36786e-01  3.01328e+01  1.46519e+02  2.71031e+05 -5.18088e+05  9.67574e+02  0.00000e+00 -2.46090e+05  1.16404e+04 -2.34449e+05  1.36769e-01  1.00000e+00 -3.01088e+01  0.00000e+00  7.52224e-01 
 4.69084e-03  1.08931e-03  0.00000e+00  3.47944e+00  2.45991e-04  3.59866e+02  3.60055e+02  4.92434e+00  4.98036e+00  1.40513e-01  2.92314e+01  1.41644e+02  2.91866e+05 -5.08688e+05  9.35383e+02  0.00000e+00 -2.15886e+05  1.06268e+04 -2.05259e+05  1.40496e-01  1.00000e+00 -2.92077e+01  0.00000e+00  7.87722e-01 
 4.75174e-03  1.32727e-03  1.05001e-20  3.47944e+00  2.52668e-04  3.59870e+02  3.60055e+02  4.91967e+00  4.97693e+00  1.45130e-01  2.86627e+01  1.37901e+02  3.13361e+05 -5.09863e+05  9.10494e+02  0.00000e+00 -1.95592e+05  9.82175e+03 -1.85770e+05  1.45112e-01  1.00000e+00 -2.86390e+01  0.00000e+00  8.33220e-01 
 4.82366e-03  1.56534e-03  0.00000e+00  3.47944e+00  2.58745e-04  3.59875e+02  3.60055e+02  4.91392e+00  4.97216e+00  1.50650e-01  2.82362e+01  1.34662e+02  3.36327e+05 -5.17662e+05  8.88828e+02  0.00000e+00 -1.80447e+05  9.10197e+03 -1.71345e+05  1.50632e-01  1.00000e+00 -2.82122e+01  0.00000e+00  8.89605e-01 
 4.90611e-03  1.80349e-03  8.81027e-21  3.47944e+00  2.64765e-04  3.59881e+02  3.60055e+02  4.90699e+00  4.96609e+00  1.57045e-01  2.78350e+01  1.31601e+02  3.60826e+05 -5.29753e+05  8.68208e+02  0.00000e+00 -1.68059e+05  8.41135e+03 -1.59647e+05  1.57026e-01  1.00000e+00 -2.78106e+01  0.00000e+00  9.57992e-01 
 4.99859e-03  2.04170e-03  0.00000e+00  3.47944e+00  2.71082e-04  3.59888e+02  3.60055e+02  4.89876e+00  4.95869e+00  1.64296e-01  2.73831e+01  1.28534e+02  3.86473e+05 -5.44574e+05  8.47447e+02  0.00000e+00 -1.57254e+05  7.72497e+03 -1.49529e+05  1.64278e-01  1.00000e+00 -2.73582e+01  0.00000e+00  1.03964e+00 
 5.10055e-03  2.27996e-03  7.58893e-21  3.47944e+00  2.77934e-04  3.59896e+02  3.60055e+02  4.88909e+00  4.94988e+00  1.72340e-01  2.68233e+01  1.25365e+02  4.12643e+05 -5.60823e+05  8.25886e+02  0.00000e+00 -1.47354e+05  7.03570e+03 -1.40318e+05  1.72322e-01  1.00000e+00 -2.67978e+01  0.00000e+00  1.13599e+00 
 5.21143e-03  2.51826e-03  7.09702e-21  3.47944e+00  2.85486e-04  3.59904e+02  3.60055e+02  4.87780e+00  4.93952e+00  1.81123e-01  2.61189e+01  1.22049e+02  4.38518e+05 -5.77426e+05  8.03232e+02  0.00000e+00 -1.38104e+05  6.34591e+03 -1.31759e+05  1.81108e-01  1.00000e+00 -2.60930e+01  0.00000e+00  1.24858e+00 
 5.33068e-03  2.75659e-03  1.33300e-20  3.47944e+00  2.93832e-04  3.59912e+02  3.60055e+02  4.86473e+00  4.92748e+00  1.90522e-01  2.52432e+01  1.18582e+02  4.63279e+05 -5.93311e+05  7.79400e+02  0.00000e+00 -1.29253e+05  5.66457e+03 -1.23589e+05  1.90510e-01  1.00000e+00 -2.52168e+01  0.00000e+00  1.37909e+00 
 5.45775e-03  2.99495e-03  1.25651e-20  3.47944e+00  3.03015e-04  3.59921e+02  3.60055e+02  4.84971e+00  4.91358e+00  2.00467e-01  2.41930e+01  1.14989e+02  4.86081e+05 -6.07740e+05  7.54610e+02  0.00000e+00 -1.20905e+05  5.00279e+03 -1.15902e+05  2.00459e-01  1.00000e+00 -2.41661e+01  0.00000e+00  1.52914e+00 
 5.59212e-03  3.23333e-03  0.00000e+00  3.47944e+00  3.12994e-04  3.59931e+02  3.60055e+02  4.83256e+00  4.89765e+00  2.10769e-01  2.29693e+01  1.11323e+02  5.06360e+05 -6.19929e+05  7.29125e+02  0.00000e+00 -1.12840e+05  4.37317e+03 -1.08467e+05  2.10764e-01  1.00000e+00 -2.29421e+01  0.00000e+00  1.70052e+00 
 5.73326e-03  3.47172e-03  0.00000e+00  3.47944e+00  3.23679e-04  3.59940e+02  3.60055e+02  4.81314e+00  4.87952e+00  2.21371e-01  2.15999e+01  1.07648e+02  5.23636e+05 -6.29697e+05  7.03404e+02  0.00000e+00 -1.05357e+05  3.78589e+03 -1.01571e+05  2.21367e-01  1.00000e+00 -2.15724e+01  0.00000e+00  1.89470e+00 
 5.88069e-03  3.71014e-03 -5.35987e-21  3.47944e+00  3.34881e-04  3.59950e+02  3.60055e+02  4.79135e+00  4.85905e+00  2.32094e-01  2.01103e+01  1.04047e+02  5.37977e+05 -6.36950e+05  6.77884e+02  0.00000e+00 -9.82954e+04  3.24911e+03 -9.50463e+04  2.32092e-01  1.00000e+00 -2.00826e+01  0.00000e+00  2.11382e+00 
 6.03395e-03  3.94857e-03  5.10973e-21  3.47944e+00  3.46356e-04  3.59960e+02  3.60055e+02  4.76713e+00  4.83615e+00  2.42872e-01  1.85400e+01  1.00600e+02  5.49497e+05 -6.42062e+05  6.53190e+02  0.00000e+00 -9.19112e+04  2.76728e+03 -8.91440e+04  2.42873e-01  1.00000e+00 -1.85123e+01  0.00000e+00  2.35890e+00 
 6.19261e-03  4.18701e-03  0.00000e+00  3.47944e+00  3.57765e-04  3.59970e+02  3.60055e+02  4.74044e+00  4.81072e+00  2.53481e-01  1.69159e+01  9.73923e+01  5.59009e+05 -6.45453e+05  6.29714e+02  0.00000e+00 -8.58134e+04  2.34168e+03 -8.34718e+04  2.53483e-01  1.00000e+00 -1.68880e+01  0.00000e+00  2.63246e+00 
 6.35626e-03  4.42546e-03  0.00000e+00  3.47944e+00  3.68765e-04  3.59980e+02  3.60055e+02  4.71128e+00  4.78271e+00  2.63909e-01  1.52752e+01  9.44876e+01  5.67144e+05 -6.48063e+05  6.08124e+02  0.00000e+00 -8.03115e+04  1.97005e+03 -7.83414e+04  2.63913e-01  1.00000e+00 -1.52472e+01  0.00000e+00  2.93572e+00 
 6.52453e-03  4.66392e-03 -8.96437e-21  3.47944e+00  3.78972e-04  3.59990e+02  3.60055e+02  4.67965e+00  4.75203e+00  2.74070e-01  1.36358e+01  9.19430e+01  5.74989e+05 -6.50898e+05  5.88618e+02  0.00000e+00 -7.53202e+04  1.64744e+03 -7.36728e+04  2.74072e-01  1.00000e+00 -1.36076e+01  0.00000e+00  3.27212e+00 
 6.69707e-03  4.90238e-03  1.72236e-20  3.47944e+00  3.88059e-04  3.60000e+02  3.60055e+02  4.64551e+00  4.71861e+00  2.83957e-01  1.20136e+01  8.97901e+01  5.83387e+05 -6.54959e+05  5.71488e+02  0.00000e+00 -7.10000e+04  1.36770e+03 -6.96323e+04  2.83960e-01  1.00000e+00 -1.19852e+01  0.00000e+00  3.64440e+00 
 6.87356e-03  5.14086e-03  8.28595e-21  3.47944e+00  3.95713e-04  3.60010e+02  3.60055e+02  4.60883e+00  4.68231e+00  2.93515e-01  1.04065e+01  8.80537e+01  5.93383e+05 -6.61219e+05  5.56766e+02  0.00000e+00 -6.72789e+04  1.12355e+03 -6.61553e+04  2.93517e-01  1.00000e+00 -1.03779e+01  0.00000e+00  4.05751e+00 
 7.05370e-03  5.37934e-03 -1.59677e-20  3.47944e+00  4.01743e-04  3.60020e+02  3.60055e+02  4.56944e+00  4.64301e+00  3.02772e-01  8.80998e+00  8.67324e+01  6.05644e+05 -6.70501e+05  5.44476e+02  0.00000e+00 -6.43121e+04  9.07767e+02 -6.34043e+04  3.02775e-01  1.00000e+00 -8.78094e+00  0.00000e+00  4.51592e+00 
 7.23722e-03  5.61783e-03  0.00000e+00  3.47944e+00  4.05967e-04  3.60030e+02  3.60055e+02  4.52730e+00  4.60054e+00  3.11676e-01  7.20684e+00  8.58303e+01  6.21158e+05 -6.83639e+05  5.34463e+02  0.00000e+00 -6.19470e+04  7.13286e+02 -6.12337e+04  3.11678e-01  1.00000e+00 -7.17726e+00  0.00000e+00  5.02827e+00 
 7.42387e-03  5.85632e-03  0.00000e+00  3.47944e+00  4.08363e-04  3.60039e+02  3.60055e+02  4.48197e+00  4.55446e+00  3.20335e-01  5.57809e+00  8.53268e+01  6.40308e+05 -7.01365e+05  5.26672e+02  0.00000e+00 -6.05303e+04  5.33298e+02 -5.99970e+04  3.20338e-01  1.00000e+00 -5.54781e+00  0.00000e+00  5.60145e+00 
 7.61342e-03  6.09482e-03  0.00000e+00  3.47944e+00  4.08842e-04  3.60049e+02  3.60056e+02  4.43334e+00  4.50475e+00  3.28639e-01  3.90032e+00  8.52273e+01  6.64240e+05 -7.24478e+05  5.20925e+02  0.00000e+00 -5.97165e+04  3.62115e+02 -5.93543e+04  3.28641e-01  1.00000e+00 -3.86918e+00  0.00000e+00  6.24966e+00 
 7.80566e-03  6.33332e-03  0.00000e+00  3.47944e+00  4.07496e-04  3.60059e+02  3.60056e+02  4.38092e+00  4.45099e+00  3.36754e-01  2.14053e+00  8.55091e+01  6.93245e+05 -7.53825e+05  5.17059e+02  0.00000e+00 -6.00622e+04  1.93199e+02 -5.98690e+04  3.36757e-01  1.00000e+00 -2.10834e+00  0.00000e+00  6.98354e+00 
 8.00039e-03  6.57182e-03  0.00000e+00  3.47944e+00  4.04247e-04  3.60068e+02  3.60056e+02  4.32479e+00  4.39307e+00  3.44530e-01  2.60315e-01  8.61969e+01  7.29120e+05 -7.90649e+05  5.14944e+02  0.00000e+00 -6.10140e+04  2.04838e+01 -6.09936e+04  3.44533e-01  1.00000e+00 -2.26872e-01  0.00000e+00  7.83035e+00 
 8.19744e-03  6.81033e-03  1.31016e-20  3.47944e+00  3.99255e-04  3.60078e+02  3.60056e+02  4.26335e+00  4.32951e+00  3.52182e-01 -4.12341e+00  8.72750e+01  7.72302e+05 -8.36212e+05  5.14490e+02  0.00000e+00 -6.33954e+04 -3.75665e+02 -6.37711e+04  3.52187e-01  1.00000e+00  4.20065e+00  0.00000e+00  8.80815e+00 
 8.39664e-03  7.04884e-03  0.00000e+00  3.47944e+00  3.92364e-04  3.60088e+02  3.60057e+02  4.19771e+00  4.26138e+00  3.59571e-01 -9.34226e+00  8.88085e+01  8.25747e+05 -8.93055e+05  5.15803e+02  0.00000e+00 -6.67921e+04 -8.39908e+02 -6.76320e+04  3.59576e-01  1.00000e+00  9.42327e+00  0.00000e+00  9.96548e+00 
 8.59784e-03  7.28736e-03  0.00000e+00  3.47944e+00  3.83679e-04  3.60098e+02  3.60057e+02  4.12384e+00  4.18474e+00  3.66912e-01 -1.54566e+01  9.08193e+01  8.91067e+05 -9.63948e+05  5.18421e+02  0.00000e+00 -7.23626e+04 -1.38830e+03 -7.37509e+04  3.66918e-01  1.00000e+00  1.55421e+01  0.00000e+00  1.13424e+01 
 8.80092e-03  7.52587e-03  0.00000e+00  3.47944e+00  3.72880e-04  3.60109e+02  3.60057e+02  4.04617e+00  4.10397e+00  3.74007e-01 -2.29487e+01  9.34501e+01  9.74350e+05 -1.05443e+06  5.23011e+02  0.00000e+00 -7.95533e+04 -2.07746e+03 -8.16308e+04  3.74012e-01  1.00000e+00  2.30396e+01  0.00000e+00  1.30441e+01 
 9.00573e-03  7.76439e-03 -1.17014e-20  3.47944e+00  3.60078e-04  3.60122e+02  3.60058e+02  3.95316e+00  4.00751e+00  3.81199e-01 -3.26110e+01  9.67733e+01  1.07899e+06 -1.17093e+06  5.29574e+02  0.00000e+00 -9.14142e+04 -2.99654e+03 -9.44107e+04  3.81205e-01  1.00000e+00  3.27084e+01  0.00000e+00  1.51429e+01 
 9.21216e-03  8.00291e-03  0.00000e+00  3.47944e+00  3.44672e-04  3.60137e+02  3.60058e+02  3.85954e+00  3.91003e+00  3.88251e-01 -4.58546e+01  1.01099e+02  1.22015e+06 -1.32725e+06  5.38798e+02  0.00000e+00 -1.06566e+05 -4.31895e+03 -1.10885e+05  3.88256e-01  1.00000e+00  4.59603e+01  0.00000e+00  1.79306e+01 
 9.42012e-03  8.24144e-03  0.00000e+00  3.47944e+00  3.26754e-04  3.60157e+02  3.60058e+02  3.73123e+00  3.77700e+00  3.95476e-01 -6.52411e+01  1.06645e+02  1.40773e+06 -1.54097e+06  5.51243e+02  0.00000e+00 -1.32683e+05 -6.36021e+03 -1.39044e+05  3.95482e-01  1.00000e+00  6.53570e+01  0.00000e+00  2.15697e+01 
 9.62949e-03  8.47996e-03  0.00000e+00  3.47944e+00  3.05219e-04  3.60183e+02  3.60059e+02  3.61109e+00  3.65232e+00  4.02706e-01 -9.63634e+01  1.14170e+02  1.68517e+06 -1.85470e+06  5.68549e+02  0.00000e+00 -1.68968e+05 -9.87242e+03 -1.78840e+05  4.02710e-01  1.00000e+00  9.64932e+01  0.00000e+00  2.69377e+01 
 9.84019e-03  8.71849e-03  0.00000e+00  3.47944e+00  2.79940e-04  3.60224e+02  3.60059e+02  3.42236e+00  3.45894e+00  4.10151e-01 -1.51886e+02  1.24481e+02  2.10431e+06 -2.33716e+06  5.88452e+02  0.00000e+00 -2.32270e+05 -1.66519e+04 -2.48922e+05  4.10158e-01  1.00000e+00  1.52035e+02  0.00000e+00  3.49752e+01 
 1.00521e-02  8.95702e-03  0.00000e+00  3.47944e+00  2.48768e-04  3.60295e+02  3.60060e+02  3.24122e+00  3.27337e+00  4.17794e-01 -2.70103e+02  1.40081e+02  2.86194e+06 -3.18074e+06  6.20527e+02  0.00000e+00 -3.18179e+05 -3.27013e+04 -3.50880e+05  4.17799e-01  1.00000e+00  2.70280e+02  0.00000e+00  4.99992e+01 
 1.02653e-02  9.19555e-03  0.00000e+00  3.47944e+00  2.11913e-04  3.60449e+02  3.60061e+02  2.90100e+00  2.92860e+00  4.26213e-01 -5.89508e+02  1.64446e+02  4.39070e+06 -4.79422e+06  6.47650e+02  0.00000e+00 -4.02864e+05 -8.21087e+04 -4.84973e+05  4.26220e-01  1.00000e+00  5.89732e+02  0.00000e+00  8.27501e+01 
 1.04795e-02  9.43408e-03  0.00000e+00  3.47944e+00  1.71396e-04  3.60944e+02  3.60062e+02  2.42307e+00  2.44025e+00  4.37746e-01 -5.22101e+03  2.03323e+02  8.55504e+06 -7.82162e+06  6.90500e+02  1.13769e+06  1.87180e+06 -1.89617e+06 -2.43684e+04  4.37735e-01  1.00000e+00  5.22131e+03  3.29664e+03  2.08901e+02 
