# Code_Saturne plot output (1D profile)
#
# Iteration output: 2770
# Time output:      2.30022e+01
#
#COLUMN_TITLES: Distance | X | Y | Z | diameter_Field2 | temp_Field1 | temp_Field2 | Velocity_Field1[Z] | Velocity_Field2[Z] | vol_f_Field2 | mass_trans_Field1 | Xd_Field2 | BK | COAL | COMP | NUCL | W1 | MT | SMBR | ALPBB | CONDNUM | GAMA | GAMANUC | epsilon_Field1
 4.56474e-03  1.39645e-04  0.00000e+00  3.47944e+00  2.08504e-04  3.59784e+02  3.60055e+02  4.87489e+00  4.91766e+00  1.22206e-01  4.38127e+01  1.67114e+02  2.69134e+05 -8.70242e+05  1.13294e+03  0.00000e+00 -5.99975e+05  2.86398e+04 -5.71335e+05  1.22213e-01  1.00000e+00 -4.38105e+01  0.00000e+00  7.21550e-01 
 4.57812e-03  3.76525e-04  4.25872e-21  3.47944e+00  2.37086e-04  3.59785e+02  3.60055e+02  4.87383e+00  4.92379e+00  1.23182e-01  3.71621e+01  1.46967e+02  3.17360e+05 -7.04124e+05  9.97450e+02  0.00000e+00 -3.85766e+05  2.11949e+04 -3.64571e+05  1.23188e-01  1.00000e+00 -3.71602e+01  0.00000e+00  7.30559e-01 
 4.60371e-03  6.13858e-04  0.00000e+00  3.47944e+00  2.53594e-04  3.59787e+02  3.60055e+02  4.87187e+00  4.92588e+00  1.25004e-01  3.43499e+01  1.37400e+02  3.40325e+05 -6.39857e+05  9.33016e+02  0.00000e+00 -2.98599e+05  1.80489e+04 -2.80550e+05  1.25010e-01  1.00000e+00 -3.43480e+01  0.00000e+00  7.48091e-01 
 4.64138e-03  8.51483e-04  0.00000e+00  3.47944e+00  2.64303e-04  3.59790e+02  3.60054e+02  4.86907e+00  4.92555e+00  1.27638e-01  3.29776e+01  1.31833e+02  3.58404e+05 -6.14049e+05  8.95268e+02  0.00000e+00 -2.54750e+05  1.62826e+04 -2.38467e+05  1.27645e-01  1.00000e+00 -3.29759e+01  0.00000e+00  7.74510e-01 
 4.69084e-03  1.08931e-03  0.00000e+00  3.47944e+00  2.72639e-04  3.59794e+02  3.60054e+02  4.86530e+00  4.92353e+00  1.31142e-01  3.21988e+01  1.27803e+02  3.76811e+05 -6.05522e+05  8.67681e+02  0.00000e+00 -2.27843e+05  1.50002e+04 -2.12843e+05  1.31149e-01  1.00000e+00 -3.21970e+01  0.00000e+00  8.10270e-01 
 4.75174e-03  1.32727e-03  1.05001e-20  3.47944e+00  2.80186e-04  3.59799e+02  3.60054e+02  4.86052e+00  4.92019e+00  1.35500e-01  3.16694e+01  1.24360e+02  3.96759e+05 -6.06072e+05  8.43902e+02  0.00000e+00 -2.08469e+05  1.38945e+04 -1.94575e+05  1.35507e-01  1.00000e+00 -3.16676e+01  0.00000e+00  8.56110e-01 
 4.82366e-03  1.56534e-03  0.00000e+00  3.47944e+00  2.87799e-04  3.59805e+02  3.60054e+02  4.85465e+00  4.91567e+00  1.40731e-01  3.12217e+01  1.21070e+02  4.18181e+05 -6.11796e+05  8.21019e+02  0.00000e+00 -1.92794e+05  1.28399e+04 -1.79954e+05  1.40739e-01  1.00000e+00 -3.12200e+01  0.00000e+00  9.12904e-01 
 4.90611e-03  1.80349e-03  8.81027e-21  3.47944e+00  2.95981e-04  3.59812e+02  3.60054e+02  4.84759e+00  4.91000e+00  1.46813e-01  3.07511e+01  1.17723e+02  4.40501e+05 -6.20273e+05  7.97629e+02  0.00000e+00 -1.78974e+05  1.17872e+04 -1.67187e+05  1.46823e-01  1.00000e+00 -3.07493e+01  0.00000e+00  9.81728e-01 
 4.99859e-03  2.04170e-03  0.00000e+00  3.47944e+00  3.05067e-04  3.59819e+02  3.60054e+02  4.83923e+00  4.90316e+00  1.53729e-01  3.01895e+01  1.14217e+02  4.62827e+05 -6.29805e+05  7.73047e+02  0.00000e+00 -1.66205e+05  1.07221e+04 -1.55483e+05  1.53741e-01  1.00000e+00 -3.01877e+01  0.00000e+00  1.06379e+00 
 5.10055e-03  2.27996e-03  7.58893e-21  3.47944e+00  3.15284e-04  3.59828e+02  3.60054e+02  4.82944e+00  4.89506e+00  1.61430e-01  2.94880e+01  1.10516e+02  4.84140e+05 -6.38979e+05  7.47027e+02  0.00000e+00 -1.54092e+05  9.64997e+03 -1.44442e+05  1.61444e-01  1.00000e+00 -2.94862e+01  0.00000e+00  1.16047e+00 
 5.21143e-03  2.51826e-03  7.09702e-21  3.47944e+00  3.26783e-04  3.59837e+02  3.60054e+02  4.81807e+00  4.88558e+00  1.69858e-01  2.86174e+01  1.06627e+02  5.03389e+05 -6.46650e+05  7.19627e+02  0.00000e+00 -1.42541e+05  8.58705e+03 -1.33954e+05  1.69876e-01  1.00000e+00 -2.86155e+01  0.00000e+00  1.27321e+00 
 5.33068e-03  2.75659e-03  1.33300e-20  3.47944e+00  3.39624e-04  3.59847e+02  3.60054e+02  4.80495e+00  4.87457e+00  1.78919e-01  2.75654e+01  1.02596e+02  5.19684e+05 -6.51915e+05  6.91161e+02  0.00000e+00 -1.31540e+05  7.55557e+03 -1.23984e+05  1.78941e-01  1.00000e+00 -2.75636e+01  0.00000e+00  1.40357e+00 
 5.45775e-03  2.99495e-03  1.25651e-20  3.47944e+00  3.53772e-04  3.59858e+02  3.60054e+02  4.78992e+00  4.86184e+00  1.88514e-01  2.63388e+01  9.84927e+01  5.32390e+05 -6.54215e+05  6.62129e+02  0.00000e+00 -1.21162e+05  6.57811e+03 -1.14584e+05  1.88539e-01  1.00000e+00 -2.63369e+01  0.00000e+00  1.55307e+00 
 5.59212e-03  3.23333e-03  0.00000e+00  3.47944e+00  3.69069e-04  3.59869e+02  3.60054e+02  4.77284e+00  4.84723e+00  1.98481e-01  2.49541e+01  9.44107e+01  5.41296e+05 -6.53181e+05  6.33116e+02  0.00000e+00 -1.11252e+05  5.67414e+03 -1.05578e+05  1.98505e-01  1.00000e+00 -2.49522e+01  0.00000e+00  1.72330e+00 
 5.73326e-03  3.47172e-03  0.00000e+00  3.47944e+00  3.85235e-04  3.59881e+02  3.60054e+02  4.75363e+00  4.83052e+00  2.08733e-01  2.34510e+01  9.04489e+01  5.46577e+05 -6.49210e+05  6.04778e+02  0.00000e+00 -1.02027e+05  4.85781e+03 -9.71696e+04  2.08752e-01  1.00000e+00 -2.34492e+01  0.00000e+00  1.91569e+00 
 5.88069e-03  3.71014e-03 -5.35987e-21  3.47944e+00  4.01843e-04  3.59893e+02  3.60054e+02  4.73247e+00  4.81131e+00  2.19112e-01  2.18394e+01  8.67108e+01  5.48990e+05 -6.42972e+05  5.77792e+02  0.00000e+00 -9.34037e+04  4.13143e+03 -8.92722e+04  2.19131e-01  1.00000e+00 -2.18375e+01  0.00000e+00  2.13215e+00 
 6.03395e-03  3.94857e-03  5.10973e-21  3.47944e+00  4.18380e-04  3.59905e+02  3.60054e+02  4.70938e+00  4.78833e+00  2.29572e-01  2.01303e+01  8.32836e+01  5.49569e+05 -6.35679e+05  5.52725e+02  0.00000e+00 -8.55580e+04  3.49098e+03 -8.20670e+04  2.29585e-01  1.00000e+00 -2.01285e+01  0.00000e+00  2.37500e+00 
 6.19261e-03  4.18701e-03  0.00000e+00  3.47944e+00  4.34260e-04  3.59918e+02  3.60054e+02  4.68390e+00  4.76213e+00  2.39997e-01  1.84491e+01  8.02381e+01  5.49506e+05 -6.28474e+05  5.29950e+02  0.00000e+00 -7.84383e+04  2.94851e+03 -7.54898e+04  2.40008e-01  1.00000e+00 -1.84473e+01  0.00000e+00  2.64657e+00 
 6.35626e-03  4.42546e-03  0.00000e+00  3.47944e+00  4.48945e-04  3.59931e+02  3.60055e+02  4.65588e+00  4.73313e+00  2.50398e-01  1.68222e+01  7.76138e+01  5.49806e+05 -6.22610e+05  5.09821e+02  0.00000e+00 -7.22948e+04  2.49253e+03 -6.98023e+04  2.50407e-01  1.00000e+00 -1.68204e+01  0.00000e+00  2.94907e+00 
 6.52453e-03  4.66392e-03 -8.96437e-21  3.47944e+00  4.61887e-04  3.59944e+02  3.60055e+02  4.62523e+00  4.70144e+00  2.60603e-01  1.52503e+01  7.54391e+01  5.51683e+05 -6.18968e+05  4.92511e+02  0.00000e+00 -6.67934e+04  2.11029e+03 -6.46831e+04  2.60610e-01  1.00000e+00 -1.52485e+01  0.00000e+00  3.28594e+00 
 6.69707e-03  4.90238e-03  1.72236e-20  3.47944e+00  4.72723e-04  3.59957e+02  3.60055e+02  4.59186e+00  4.66701e+00  2.70643e-01  1.37258e+01  7.37101e+01  5.55824e+05 -6.18502e+05  4.77997e+02  0.00000e+00 -6.22003e+04  1.78692e+03 -6.04133e+04  2.70650e-01  1.00000e+00 -1.37240e+01  0.00000e+00  3.66013e+00 
 6.87356e-03  5.14086e-03  8.28595e-21  3.47944e+00  4.81154e-04  3.59971e+02  3.60055e+02  4.55571e+00  4.62980e+00  2.80384e-01  1.22277e+01  7.24187e+01  5.63084e+05 -6.21788e+05  4.66163e+02  0.00000e+00 -5.82377e+04  1.50964e+03 -5.67280e+04  2.80390e-01  1.00000e+00 -1.22259e+01  0.00000e+00  4.07666e+00 
 7.05370e-03  5.37934e-03 -1.59677e-20  3.47944e+00  4.87123e-04  3.59985e+02  3.60055e+02  4.51660e+00  4.58966e+00  2.89921e-01  1.07311e+01  7.15316e+01  5.73698e+05 -6.29408e+05  4.56757e+02  0.00000e+00 -5.52533e+04  1.26556e+03 -5.39878e+04  2.89926e-01  1.00000e+00 -1.07292e+01  0.00000e+00  4.53962e+00 
 7.23722e-03  5.61783e-03  0.00000e+00  3.47944e+00  4.90556e-04  3.59998e+02  3.60055e+02  4.47452e+00  4.54657e+00  2.99096e-01  9.20445e+00  7.10313e+01  5.88415e+05 -6.41688e+05  4.49573e+02  0.00000e+00 -5.28229e+04  1.04483e+03 -5.17781e+04  2.99100e-01  1.00000e+00 -9.20251e+00  0.00000e+00  5.05739e+00 
 7.42387e-03  5.85632e-03  0.00000e+00  3.47944e+00  4.91617e-04  3.60012e+02  3.60055e+02  4.42910e+00  4.50017e+00  3.08072e-01  7.61459e+00  7.08782e+01  6.07220e+05 -6.59098e+05  4.44318e+02  0.00000e+00 -5.14342e+04  8.37319e+02 -5.05969e+04  3.08077e-01  1.00000e+00 -7.61260e+00  0.00000e+00  5.63591e+00 
 7.61342e-03  6.09482e-03  0.00000e+00  3.47944e+00  4.90310e-04  3.60026e+02  3.60055e+02  4.38039e+00  4.45052e+00  3.16661e-01  5.92471e+00  7.10675e+01  6.31124e+05 -6.82065e+05  4.40824e+02  0.00000e+00 -5.05004e+04  6.35464e+02 -4.98649e+04  3.16665e-01  1.00000e+00 -5.92264e+00  0.00000e+00  6.28983e+00 
 7.80566e-03  6.33332e-03  0.00000e+00  3.47944e+00  4.86891e-04  3.60041e+02  3.60056e+02  4.32764e+00  4.39683e+00  3.25090e-01  4.09248e+00  7.15668e+01  6.60072e+05 -7.11252e+05  4.38855e+02  0.00000e+00 -5.07408e+04  4.30491e+02 -5.03103e+04  3.25093e-01  1.00000e+00 -4.09033e+00  0.00000e+00  7.02797e+00 
 8.00039e-03  6.57182e-03  0.00000e+00  3.47944e+00  4.81306e-04  3.60055e+02  3.60056e+02  4.27123e+00  4.33954e+00  3.33127e-01  2.07006e+00  7.23976e+01  6.95813e+05 -7.47626e+05  4.38355e+02  0.00000e+00 -5.13749e+04  2.14844e+02 -5.11600e+04  3.33129e-01  1.00000e+00 -2.06781e+00  0.00000e+00  7.87748e+00 
 8.19744e-03  6.81033e-03  1.31016e-20  3.47944e+00  4.73853e-04  3.60070e+02  3.60056e+02  4.20939e+00  4.27683e+00  3.41095e-01 -5.41061e-01  7.35368e+01  7.38352e+05 -7.92361e+05  4.39099e+02  0.00000e+00 -5.35692e+04 -5.63003e+01 -5.36255e+04  3.41096e-01  1.00000e+00  5.46239e-01  0.00000e+00  8.85236e+00 
 8.39664e-03  7.04884e-03  0.00000e+00  3.47944e+00  4.64343e-04  3.60085e+02  3.60056e+02  4.14363e+00  4.21027e+00  3.48703e-01 -6.48616e+00  7.50432e+01  7.90888e+05 -8.47476e+05  4.41198e+02  0.00000e+00 -5.61461e+04 -6.67896e+02 -5.68140e+04  3.48702e-01  1.00000e+00  6.49161e+00  0.00000e+00  1.00065e+01 
 8.59784e-03  7.28736e-03  0.00000e+00  3.47944e+00  4.53015e-04  3.60101e+02  3.60057e+02  4.06947e+00  4.13527e+00  3.56316e-01 -1.35270e+01  7.69202e+01  8.54027e+05 -9.15522e+05  4.44459e+02  0.00000e+00 -6.10512e+04 -1.39666e+03 -6.24478e+04  3.56315e-01  1.00000e+00  1.35328e+01  0.00000e+00  1.13641e+01 
 8.80092e-03  7.52587e-03  0.00000e+00  3.47944e+00  4.39354e-04  3.60118e+02  3.60057e+02  3.99201e+00  4.05692e+00  3.63633e-01 -2.21827e+01  7.93124e+01  9.34498e+05 -1.00190e+06  4.49392e+02  0.00000e+00 -6.69561e+04 -2.31373e+03 -6.92698e+04  3.63629e-01  1.00000e+00  2.21888e+01  0.00000e+00  1.30437e+01 
 9.00573e-03  7.76439e-03 -1.17014e-20  3.47944e+00  4.23581e-04  3.60138e+02  3.60057e+02  3.89889e+00  3.96259e+00  3.71052e-01 -3.32783e+01  8.22664e+01  1.03462e+06 -1.11259e+06  4.55686e+02  0.00000e+00 -7.75159e+04 -3.52802e+03 -8.10439e+04  3.71049e-01  1.00000e+00  3.32849e+01  0.00000e+00  1.50961e+01 
 9.21216e-03  8.00291e-03  0.00000e+00  3.47944e+00  4.04751e-04  3.60160e+02  3.60058e+02  3.80799e+00  3.86903e+00  3.78294e-01 -4.82809e+01  8.60943e+01  1.17080e+06 -1.26144e+06  4.64745e+02  0.00000e+00 -9.01714e+04 -5.25387e+03 -9.54253e+04  3.78290e-01  1.00000e+00  4.82881e+01  0.00000e+00  1.78458e+01 
 9.42012e-03  8.24144e-03  0.00000e+00  3.47944e+00  3.83168e-04  3.60188e+02  3.60058e+02  3.68293e+00  3.73954e+00  3.85799e-01 -6.97163e+01  9.09445e+01  1.35225e+06 -1.46456e+06  4.74928e+02  0.00000e+00 -1.11843e+05 -7.85749e+03 -1.19700e+05  3.85797e-01  1.00000e+00  6.97242e+01  0.00000e+00  2.14764e+01 
 9.62949e-03  8.47996e-03  0.00000e+00  3.47944e+00  3.57340e-04  3.60224e+02  3.60059e+02  3.56483e+00  3.61639e+00  3.93361e-01 -1.03330e+02  9.75187e+01  1.62263e+06 -1.76297e+06  4.90694e+02  0.00000e+00 -1.39841e+05 -1.22473e+04 -1.52089e+05  3.93355e-01  1.00000e+00  1.03339e+02  0.00000e+00  2.69062e+01 
 9.84019e-03  8.71849e-03  0.00000e+00  3.47944e+00  3.27350e-04  3.60278e+02  3.60059e+02  3.37644e+00  3.42305e+00  4.01217e-01 -1.61312e+02  1.06454e+02  2.02906e+06 -2.22143e+06  5.07407e+02  0.00000e+00 -1.91854e+05 -2.04620e+04 -2.12316e+05  4.01214e-01  1.00000e+00  1.61322e+02  0.00000e+00  3.50113e+01 
 1.00521e-02  8.95702e-03  0.00000e+00  3.47944e+00  2.90103e-04  3.60366e+02  3.60060e+02  3.19561e+00  3.23676e+00  4.09276e-01 -2.80764e+02  1.20123e+02  2.77136e+06 -3.03092e+06  5.37139e+02  0.00000e+00 -2.59025e+05 -3.93953e+04 -2.98420e+05  4.09271e-01  1.00000e+00  2.80776e+02  0.00000e+00  5.02480e+01 
 1.02653e-02  9.19555e-03  0.00000e+00  3.47944e+00  2.46351e-04  3.60545e+02  3.60061e+02  2.85300e+00  2.88729e+00  4.18684e-01 -5.87961e+02  1.41460e+02  4.26214e+06 -4.57294e+06  5.60408e+02  0.00000e+00 -3.10241e+05 -9.49678e+04 -4.05209e+05  4.18687e-01  1.00000e+00  5.87976e+02  0.00000e+00  8.33062e+01 
 1.04795e-02  9.43408e-03  0.00000e+00  3.47944e+00  1.99417e-04  3.61081e+02  3.60062e+02  2.37540e+00  2.39664e+00  4.29514e-01 -5.16026e+03  1.74756e+02  8.27960e+06 -7.07214e+06  5.94623e+02  7.09456e+05  1.91751e+06 -1.92306e+06 -5.54794e+03  4.29505e-01  1.00000e+00  5.16028e+03  3.38939e+03  2.11541e+02 
