# Code_Saturne plot output (1D profile)
#
# Iteration output: 2165
# Time output:      2.30012e+01
#
#COLUMN_TITLES: Distance | X | Y | Z | diameter_Field2 | temp_Field1 | temp_Field2 | Velocity_Field1[Z] | Velocity_Field2[Z] | vol_f_Field2 | mass_trans_Field1 | Xd_Field2 | BK | COAL | COMP | NUCL | W1 | MT | SMBR | ALPBB | CONDNUM | GAMA | GAMANUC | epsilon_Field1
 4.56474e-03  1.39645e-04  0.00000e+00  3.47944e+00  4.16153e-05  3.59170e+02  3.60050e+02  4.35863e+00  4.36316e+00  1.91353e-02  1.76941e+02  8.37502e+02  2.41253e-19 -1.16050e+06  4.41177e+03  0.00000e+00 -1.15608e+06  2.96023e+06  1.80415e+06  1.91387e-02  1.00000e+00 -1.76924e+02  0.00000e+00  3.84905e-01 
 4.57812e-03  3.76525e-04  4.25872e-21  3.47944e+00  6.08334e-05  3.59171e+02  3.60050e+02  4.35830e+00  4.36645e+00  1.98401e-02  1.07498e+02  5.72923e+02  1.26429e-06 -6.32869e+05  3.01355e+03  0.00000e+00 -6.29855e+05  1.18662e+06  5.56763e+05  1.98434e-02  1.00000e+00 -1.07488e+02  0.00000e+00  3.88933e-01 
 4.60371e-03  6.13858e-04  0.00000e+00  3.47944e+00  7.70516e-05  3.59175e+02  3.60050e+02  4.35699e+00  4.36837e+00  2.09329e-02  8.19171e+01  4.52332e+02  4.66130e-02 -4.48896e+05  2.37951e+03  0.00000e+00 -4.46516e+05  6.76652e+05  2.30136e+05  2.09363e-02  1.00000e+00 -8.19091e+01  0.00000e+00  3.96823e-01 
 4.64138e-03  8.51483e-04  0.00000e+00  3.47944e+00  9.07266e-05  3.59183e+02  3.60050e+02  4.35501e+00  4.36912e+00  2.24372e-02  7.01714e+01  3.84153e+02  7.59214e+00 -3.67205e+05  2.02120e+03  0.00000e+00 -3.65176e+05  4.59263e+05  9.40867e+04  2.24408e-02  1.00000e+00 -7.01645e+01  0.00000e+00  4.08700e-01 
 4.69084e-03  1.08931e-03  0.00000e+00  3.47944e+00  1.02930e-04  3.59194e+02  3.60050e+02  4.35228e+00  4.36882e+00  2.43635e-02  6.39355e+01  3.38607e+02  1.58795e+02 -3.25081e+05  1.78173e+03  0.00000e+00 -3.23141e+05  3.39678e+05  1.65375e+04  2.43674e-02  1.00000e+00 -6.39291e+01  0.00000e+00  4.24783e-01 
 4.75174e-03  1.32727e-03  1.05001e-20  3.47944e+00  1.14120e-04  3.59209e+02  3.60050e+02  4.34883e+00  4.36757e+00  2.67392e-02  6.05729e+01  3.05405e+02  1.20269e+03 -3.03319e+05  1.60698e+03  0.00000e+00 -3.00510e+05  2.64471e+05 -3.60386e+04  2.67433e-02  1.00000e+00 -6.05668e+01  0.00000e+00  4.45384e-01 
 4.82366e-03  1.56534e-03  0.00000e+00  3.47944e+00  1.24437e-04  3.59227e+02  3.60050e+02  4.34463e+00  4.36537e+00  2.96016e-02  5.90176e+01  2.80084e+02  5.03694e+03 -2.94460e+05  1.47349e+03  0.00000e+00 -2.87950e+05  2.13466e+05 -7.44834e+04  2.96061e-02  1.00000e+00 -5.90115e+01  0.00000e+00  4.70918e-01 
 4.90611e-03  1.80349e-03  8.81027e-21  3.47944e+00  1.33858e-04  3.59248e+02  3.60050e+02  4.33966e+00  4.36219e+00  3.29973e-02  5.87781e+01  2.60373e+02  1.43968e+04 -2.95317e+05  1.36930e+03  0.00000e+00 -2.79551e+05  1.77300e+05 -1.02251e+05  3.30024e-02  1.00000e+00 -5.87718e+01  0.00000e+00  5.01915e-01 
 4.99859e-03  2.04170e-03  0.00000e+00  3.47944e+00  1.42299e-04  3.59273e+02  3.60050e+02  4.33389e+00  4.35797e+00  3.69797e-02  5.96008e+01  2.44928e+02  3.17232e+04 -3.04555e+05  1.28734e+03  0.00000e+00 -2.71545e+05  1.50905e+05 -1.20639e+05  3.69853e-02  1.00000e+00 -5.95943e+01  0.00000e+00  5.39028e-01 
 5.10055e-03  2.27996e-03  7.58893e-21  3.47944e+00  1.49707e-04  3.59301e+02  3.60050e+02  4.32727e+00  4.35266e+00  4.16075e-02  6.13274e+01  2.32808e+02  5.83181e+04 -3.21707e+05  1.22267e+03  0.00000e+00 -2.62166e+05  1.31177e+05 -1.30989e+05  4.16139e-02  1.00000e+00 -6.13204e+01  0.00000e+00  5.83057e-01 
 5.21143e-03  2.51826e-03  7.09702e-21  3.47944e+00  1.56106e-04  3.59331e+02  3.60050e+02  4.31974e+00  4.34621e+00  4.69470e-02  6.38303e+01  2.23265e+02  9.44266e+04 -3.46735e+05  1.17134e+03  0.00000e+00 -2.51137e+05  1.16043e+05 -1.35095e+05  4.69541e-02  1.00000e+00 -6.38228e+01  0.00000e+00  6.34952e-01 
 5.33068e-03  2.75659e-03  1.33300e-20  3.47944e+00  1.61604e-04  3.59363e+02  3.60050e+02  4.31123e+00  4.33857e+00  5.30625e-02  6.69724e+01  2.15669e+02  1.39836e+05 -3.79757e+05  1.13004e+03  0.00000e+00 -2.38791e+05  1.04058e+05 -1.34733e+05  5.30704e-02  1.00000e+00 -6.69641e+01  0.00000e+00  6.95849e-01 
 5.45775e-03  2.99495e-03  1.25651e-20  3.47944e+00  1.66369e-04  3.59398e+02  3.60050e+02  4.30166e+00  4.32969e+00  6.00157e-02  7.06013e+01  2.09491e+02  1.94338e+05 -4.20931e+05  1.09590e+03  0.00000e+00 -2.25497e+05  9.42084e+04 -1.31289e+05  6.00246e-02  1.00000e+00 -7.05921e+01  0.00000e+00  7.67076e-01 
 5.59212e-03  3.23333e-03  0.00000e+00  3.47944e+00  1.70606e-04  3.59434e+02  3.60050e+02  4.29091e+00  4.31951e+00  6.78697e-02  7.40180e+01  2.04289e+02  2.57858e+05 -4.70392e+05  1.06669e+03  0.00000e+00 -2.11467e+05  8.51693e+04 -1.26298e+05  6.78792e-02  1.00000e+00 -7.40079e+01  0.00000e+00  8.50199e-01 
 5.73326e-03  3.47172e-03  0.00000e+00  3.47944e+00  1.74513e-04  3.59471e+02  3.60050e+02  4.27887e+00  4.30797e+00  7.66780e-02  7.71490e+01  1.99715e+02  3.30265e+05 -5.28182e+05  1.04052e+03  0.00000e+00 -1.96876e+05  7.68152e+04 -1.20061e+05  7.66882e-02  1.00000e+00 -7.71378e+01  0.00000e+00  9.47046e-01 
 5.88069e-03  3.71014e-03 -5.35987e-21  3.47944e+00  1.78271e-04  3.59509e+02  3.60050e+02  4.26537e+00  4.29495e+00  8.64689e-02  7.99968e+01  1.95506e+02  4.11147e+05 -5.94083e+05  1.01597e+03  0.00000e+00 -1.81920e+05  6.91430e+04 -1.12777e+05  8.64797e-02  1.00000e+00 -7.99844e+01  0.00000e+00  1.05974e+00 
 6.03395e-03  3.94857e-03  5.10973e-21  3.47944e+00  1.82052e-04  3.59547e+02  3.60050e+02  4.25024e+00  4.28020e+00  9.72575e-02  8.23289e+01  1.91445e+02  4.99660e+05 -6.67535e+05  9.91953e+02  0.00000e+00 -1.66882e+05  6.19508e+04 -1.04932e+05  9.72690e-02  1.00000e+00 -8.23153e+01  0.00000e+00  1.19067e+00 
 6.19261e-03  4.18701e-03  0.00000e+00  3.47944e+00  1.86022e-04  3.59585e+02  3.60050e+02  4.23328e+00  4.26361e+00  1.09015e-01  8.39126e+01  1.87360e+02  5.94432e+05 -7.47367e+05  9.67487e+02  0.00000e+00 -1.51967e+05  5.51302e+04 -9.68372e+04  1.09026e-01  1.00000e+00 -8.38977e+01  0.00000e+00  1.34263e+00 
 6.35626e-03  4.42546e-03  0.00000e+00  3.47944e+00  1.90329e-04  3.59623e+02  3.60050e+02  4.21422e+00  4.24492e+00  1.21710e-01  8.45592e+01  1.83120e+02  6.93399e+05 -8.32045e+05  9.41947e+02  0.00000e+00 -1.37704e+05  4.86339e+04 -8.90702e+04  1.21722e-01  1.00000e+00 -8.45430e+01  0.00000e+00  1.51866e+00 
 6.52453e-03  4.66392e-03 -8.96437e-21  3.47944e+00  1.95095e-04  3.59660e+02  3.60050e+02  4.19280e+00  4.22391e+00  1.35223e-01  8.40982e+01  1.78647e+02  7.94025e+05 -9.19204e+05  9.14861e+02  0.00000e+00 -1.24264e+05  4.24716e+04 -8.17924e+04  1.35235e-01  1.00000e+00 -8.40806e+01  0.00000e+00  1.72226e+00 
 6.69707e-03  4.90238e-03  1.72236e-20  3.47944e+00  2.00412e-04  3.59695e+02  3.60050e+02  4.16872e+00  4.20028e+00  1.49469e-01  8.24664e+01  1.73908e+02  8.93230e+05 -1.00655e+06  8.86081e+02  0.00000e+00 -1.12434e+05  3.66778e+04 -7.57563e+04  1.49481e-01  1.00000e+00 -8.24476e+01  0.00000e+00  1.95698e+00 
 6.87356e-03  5.14086e-03  8.28595e-21  3.47944e+00  2.06316e-04  3.59730e+02  3.60050e+02  4.14168e+00  4.17373e+00  1.64203e-01  7.96298e+01  1.68932e+02  9.88249e+05 -1.09105e+06  8.55717e+02  0.00000e+00 -1.01950e+05  3.13154e+04 -7.06342e+04  1.64215e-01  1.00000e+00 -7.96098e+01  0.00000e+00  2.22705e+00 
 7.05370e-03  5.37934e-03 -1.59677e-20  3.47944e+00  2.12799e-04  3.59763e+02  3.60050e+02  4.11136e+00  4.14395e+00  1.79326e-01  7.57116e+01  1.63785e+02  1.07627e+06 -1.17091e+06  8.24170e+02  0.00000e+00 -9.38219e+04  2.64326e+04 -6.73892e+04  1.79337e-01  1.00000e+00 -7.56906e+01  0.00000e+00  2.53626e+00 
 7.23722e-03  5.61783e-03  0.00000e+00  3.47944e+00  2.19755e-04  3.59795e+02  3.60050e+02  4.07756e+00  4.11071e+00  1.94493e-01  7.08358e+01  1.58601e+02  1.15609e+06 -1.24400e+06  7.92071e+02  0.00000e+00 -8.71246e+04  2.20797e+04 -6.50450e+04  1.94503e-01  1.00000e+00 -7.08139e+01  0.00000e+00  2.88986e+00 
 7.42387e-03  5.85632e-03  0.00000e+00  3.47944e+00  2.27043e-04  3.59825e+02  3.60050e+02  4.04004e+00  4.07377e+00  2.09636e-01  6.52528e+01  1.53510e+02  1.22677e+06 -1.31048e+06  7.60177e+02  0.00000e+00 -8.29509e+04  1.82640e+04 -6.46869e+04  2.09646e-01  1.00000e+00 -6.52301e+01  0.00000e+00  3.29222e+00 
 7.61342e-03  6.09482e-03  0.00000e+00  3.47944e+00  2.34391e-04  3.59854e+02  3.60050e+02  3.99873e+00  4.03300e+00  2.24396e-01  5.91623e+01  1.48699e+02  1.29002e+06 -1.37063e+06  7.29324e+02  0.00000e+00 -7.98782e+04  1.49847e+04 -6.48935e+04  2.24404e-01  1.00000e+00 -5.91389e+01  0.00000e+00  3.75121e+00 
 7.80566e-03  6.33332e-03  0.00000e+00  3.47944e+00  2.41541e-04  3.59881e+02  3.60050e+02  3.95338e+00  3.98815e+00  2.38825e-01  5.28028e+01  1.44297e+02  1.34716e+06 -1.42722e+06  7.00235e+02  0.00000e+00 -7.93559e+04  1.21934e+04 -6.71625e+04  2.38832e-01  1.00000e+00 -5.27789e+01  0.00000e+00  4.27358e+00 
 8.00039e-03  6.57182e-03  0.00000e+00  3.47944e+00  2.48086e-04  3.59907e+02  3.60050e+02  3.90404e+00  3.93921e+00  2.52575e-01  4.63143e+01  1.40491e+02  1.40299e+06 -1.48309e+06  6.73611e+02  0.00000e+00 -7.94191e+04  9.84544e+03 -6.95737e+04  2.52581e-01  1.00000e+00 -4.62899e+01  0.00000e+00  4.87439e+00 
 8.19744e-03  6.81033e-03  1.31016e-20  3.47944e+00  2.53748e-04  3.59932e+02  3.60051e+02  3.85002e+00  3.88544e+00  2.65904e-01  3.98055e+01  1.37357e+02  1.46000e+06 -1.54310e+06  6.49877e+02  0.00000e+00 -8.24526e+04  7.85763e+03 -7.45950e+04  2.65908e-01  1.00000e+00 -3.97804e+01  0.00000e+00  5.56630e+00 
 8.39664e-03  7.04884e-03  0.00000e+00  3.47944e+00  2.58054e-04  3.59956e+02  3.60051e+02  3.79154e+00  3.82700e+00  2.78456e-01  3.32765e+01  1.35065e+02  1.52573e+06 -1.61227e+06  6.29455e+02  0.00000e+00 -8.59058e+04  6.16721e+03 -7.97386e+04  2.78460e-01  1.00000e+00 -3.32508e+01  0.00000e+00  6.38103e+00 
 8.59784e-03  7.28736e-03  0.00000e+00  3.47944e+00  2.60814e-04  3.59980e+02  3.60051e+02  3.72662e+00  3.76181e+00  2.90671e-01  2.66487e+01  1.33636e+02  1.60285e+06 -1.69688e+06  6.12451e+02  0.00000e+00 -9.34272e+04  4.68028e+03 -8.87469e+04  2.90673e-01  1.00000e+00 -2.66223e+01  0.00000e+00  7.34313e+00 
 8.80092e-03  7.52587e-03  0.00000e+00  3.47944e+00  2.61532e-04  3.60003e+02  3.60051e+02  3.65651e+00  3.69115e+00  3.02193e-01  1.97484e+01  1.33270e+02  1.70293e+06 -1.80572e+06  5.99082e+02  0.00000e+00 -1.02187e+05  3.32570e+03 -9.88614e+04  3.02195e-01  1.00000e+00 -1.97209e+01  0.00000e+00  8.52275e+00 
 9.00573e-03  7.76439e-03 -1.17014e-20  3.47944e+00  2.60127e-04  3.60027e+02  3.60051e+02  3.57594e+00  3.60972e+00  3.13531e-01  1.22374e+01  1.33991e+02  1.83027e+06 -1.94815e+06  5.89167e+02  0.00000e+00 -1.17283e+05  1.99513e+03 -1.15288e+05  3.13533e-01  1.00000e+00 -1.22087e+01  0.00000e+00  9.97461e+00 
 9.21216e-03  8.00291e-03  0.00000e+00  3.47944e+00  2.56026e-04  3.60051e+02  3.60052e+02  3.48963e+00  3.52216e+00  3.24359e-01  3.59585e+00  1.36138e+02  2.00712e+06 -2.14352e+06  5.83245e+02  0.00000e+00 -1.35818e+05  5.72241e+02 -1.35245e+05  3.24360e-01  1.00000e+00 -3.56546e+00  0.00000e+00  1.18761e+01 
 9.42012e-03  8.24144e-03  0.00000e+00  3.47944e+00  2.49230e-04  3.60078e+02  3.60052e+02  3.38285e+00  3.41384e+00  3.35250e-01 -1.59524e+01  1.39851e+02  2.24613e+06 -2.41316e+06  5.80797e+02  0.00000e+00 -1.66450e+05 -2.55487e+03 -1.69005e+05  3.35253e-01  1.00000e+00  1.60164e+01  0.00000e+00  1.43814e+01 
 9.62949e-03  8.47996e-03  0.00000e+00  3.47944e+00  2.38834e-04  3.60109e+02  3.60052e+02  3.27025e+00  3.29933e+00  3.45944e-01 -4.94420e+01  1.45940e+02  2.60676e+06 -2.81409e+06  5.83727e+02  0.00000e+00 -2.06750e+05 -7.98682e+03 -2.14737e+05  3.45948e-01  1.00000e+00  4.95111e+01  0.00000e+00  1.80547e+01 
 9.84019e-03  8.71849e-03  0.00000e+00  3.47944e+00  2.24557e-04  3.60151e+02  3.60053e+02  3.11290e+00  3.13989e+00  3.56795e-01 -1.04692e+02  1.55220e+02  3.15685e+06 -3.43033e+06  5.90591e+02  0.00000e+00 -2.72895e+05 -1.74286e+04 -2.90324e+05  3.56799e-01  1.00000e+00  1.04767e+02  0.00000e+00  2.36055e+01 
 1.00521e-02  8.95702e-03  0.00000e+00  3.47944e+00  2.04975e-04  3.60219e+02  3.60053e+02  2.93938e+00  2.96407e+00  3.67617e-01 -2.17183e+02  1.70050e+02  4.14478e+06 -4.49640e+06  6.06310e+02  0.00000e+00 -3.51010e+05 -3.84314e+04 -3.89441e+05  3.67622e-01  1.00000e+00  2.17268e+02  0.00000e+00  3.38225e+01 
 1.02653e-02  9.19555e-03  0.00000e+00  3.47944e+00  1.80517e-04  3.60360e+02  3.60054e+02  2.65159e+00  2.67313e+00  3.79649e-01 -5.16453e+02  1.93092e+02  6.09046e+06 -6.46621e+06  6.15903e+02  0.00000e+00 -3.75128e+05 -1.00464e+05 -4.75592e+05  3.79653e-01  1.00000e+00  5.16552e+02  0.00000e+00  5.62372e+01 
 1.04795e-02  9.43408e-03  0.00000e+00  3.47944e+00  1.54140e-04  3.60821e+02  3.60055e+02  2.21122e+00  2.22570e+00  3.93450e-01 -4.93509e+03  2.26139e+02  1.11306e+07 -9.95631e+06  6.24309e+02  1.08929e+06  2.26419e+06 -2.31053e+06 -4.63473e+04  3.93456e-01  1.00000e+00  4.93521e+03  3.19936e+03  1.42643e+02 
