# Code_Saturne plot output (1D profile)
#
# Iteration output: 7375
# Time output:      2.30006e+01
#
#COLUMN_TITLES: Distance | X | Y | Z | diameter_Field2 | temp_Field1 | temp_Field2 | Velocity_Field1[Z] | Velocity_Field2[Z] | vol_f_Field2 | mass_trans_Field1 | Xd_Field2 | BK | COAL | COMP | NUCL | W1 | MT | SMBR | ALPBB | CONDNUM | GAMA | GAMANUC | epsilon_Field1
 4.56474e-03  1.39645e-04  0.00000e+00  3.47944e+00  1.02026e-03  3.60264e+02  3.60090e+02  7.05571e+00  7.24246e+00  5.63178e-01 -2.53094e+01  3.40907e+01  9.19411e+04 -9.57452e+04  5.83157e+02  0.00000e+00 -3.22095e+03 -4.12461e+02 -3.63341e+03  5.63180e-01  1.00000e+00  2.53095e+01  0.00000e+00  6.63331e+00 
 4.57812e-03  3.76525e-04  4.25872e-21  3.47944e+00  1.01932e-03  3.60264e+02  3.60090e+02  7.05542e+00  7.24256e+00  5.63185e-01 -2.53364e+01  3.41221e+01  9.22282e+04 -9.58260e+04  5.81435e+02  0.00000e+00 -3.01636e+03 -4.13277e+02 -3.42964e+03  5.63186e-01  1.00000e+00  2.53366e+01  0.00000e+00  6.66381e+00 
 4.60371e-03  6.13858e-04  0.00000e+00  3.47944e+00  1.01656e-03  3.60264e+02  3.60090e+02  7.05188e+00  7.23883e+00  5.63193e-01 -2.53969e+01  3.42147e+01  9.29272e+04 -9.63421e+04  5.82741e+02  0.00000e+00 -2.83225e+03 -4.15382e+02 -3.24763e+03  5.63194e-01  1.00000e+00  2.53971e+01  0.00000e+00  6.72381e+00 
 4.64138e-03  8.51483e-04  0.00000e+00  3.47944e+00  1.01197e-03  3.60264e+02  3.60090e+02  7.04660e+00  7.23304e+00  5.63203e-01 -2.54990e+01  3.43701e+01  9.40489e+04 -9.73203e+04  5.85026e+02  0.00000e+00 -2.68637e+03 -4.18937e+02 -3.10530e+03  5.63205e-01  1.00000e+00  2.54991e+01  0.00000e+00  6.81346e+00 
 4.69084e-03  1.08931e-03  0.00000e+00  3.47944e+00  1.00546e-03  3.60263e+02  3.60090e+02  7.03936e+00  7.22495e+00  5.63223e-01 -2.56465e+01  3.45928e+01  9.56212e+04 -9.88210e+04  5.88276e+02  0.00000e+00 -2.61144e+03 -4.24077e+02 -3.03552e+03  5.63224e-01  1.00000e+00  2.56467e+01  0.00000e+00  6.93356e+00 
 4.75174e-03  1.32727e-03  1.05001e-20  3.47944e+00  9.97024e-04  3.60262e+02  3.60090e+02  7.03032e+00  7.21470e+00  5.63254e-01 -2.58424e+01  3.48853e+01  9.76682e+04 -1.00892e+05  5.92560e+02  0.00000e+00 -2.63131e+03 -4.30905e+02 -3.06221e+03  5.63255e-01  1.00000e+00  2.58425e+01  0.00000e+00  7.08497e+00 
 4.82366e-03  1.56534e-03  0.00000e+00  3.47944e+00  9.86723e-04  3.60262e+02  3.60090e+02  7.01938e+00  7.20215e+00  5.63304e-01 -2.60864e+01  3.52495e+01  1.00213e+05 -1.03577e+05  5.97881e+02  0.00000e+00 -2.76558e+03 -4.39476e+02 -3.20506e+03  5.63305e-01  1.00000e+00  2.60866e+01  0.00000e+00  7.26885e+00 
 4.90611e-03  1.80349e-03  8.81027e-21  3.47944e+00  9.74688e-04  3.60261e+02  3.60090e+02  7.00652e+00  7.18725e+00  5.63398e-01 -2.63772e+01  3.56848e+01  1.03271e+05 -1.06898e+05  6.04210e+02  0.00000e+00 -3.02341e+03 -4.49788e+02 -3.47320e+03  5.63398e-01  1.00000e+00  2.63774e+01  0.00000e+00  7.48681e+00 
 4.99859e-03  2.04170e-03  0.00000e+00  3.47944e+00  9.61112e-04  3.60260e+02  3.60090e+02  6.99170e+00  7.16994e+00  5.63550e-01 -2.67122e+01  3.61890e+01  1.06851e+05 -1.10867e+05  6.11512e+02  0.00000e+00 -3.40459e+03 -4.61810e+02 -3.86640e+03  5.63550e-01  1.00000e+00  2.67123e+01  0.00000e+00  7.74041e+00 
 5.10055e-03  2.27996e-03  7.58893e-21  3.47944e+00  9.46209e-04  3.60258e+02  3.60090e+02  6.97484e+00  7.15021e+00  5.63783e-01 -2.70898e+01  3.67590e+01  1.10970e+05 -1.15477e+05  6.19681e+02  0.00000e+00 -3.88816e+03 -4.75520e+02 -4.36368e+03  5.63781e-01  1.00000e+00  2.70900e+01  0.00000e+00  8.03287e+00 
 5.21143e-03  2.51826e-03  7.09702e-21  3.47944e+00  9.30217e-04  3.60257e+02  3.60090e+02  6.95587e+00  7.12804e+00  5.64100e-01 -2.75081e+01  3.73910e+01  1.15632e+05 -1.20727e+05  6.28686e+02  0.00000e+00 -4.46569e+03 -4.90891e+02 -4.95658e+03  5.64097e-01  1.00000e+00  2.75083e+01  0.00000e+00  8.36572e+00 
 5.33068e-03  2.75659e-03  1.33300e-20  3.47944e+00  9.13336e-04  3.60256e+02  3.60090e+02  6.93472e+00  7.10343e+00  5.64520e-01 -2.79653e+01  3.80822e+01  1.20864e+05 -1.26603e+05  6.38375e+02  0.00000e+00 -5.10126e+03 -5.07897e+02 -5.60916e+03  5.64516e-01  1.00000e+00  2.79655e+01  0.00000e+00  8.74379e+00 
 5.45775e-03  2.99495e-03  1.25651e-20  3.47944e+00  8.95762e-04  3.60254e+02  3.60090e+02  6.91129e+00  7.07628e+00  5.65035e-01 -2.84604e+01  3.88295e+01  1.26681e+05 -1.33113e+05  6.48750e+02  0.00000e+00 -5.78294e+03 -5.26550e+02 -6.30949e+03  5.65032e-01  1.00000e+00  2.84606e+01  0.00000e+00  9.16936e+00 
 5.59212e-03  3.23333e-03  0.00000e+00  3.47944e+00  8.77636e-04  3.60253e+02  3.60090e+02  6.88549e+00  7.04657e+00  5.65662e-01 -2.89929e+01  3.96316e+01  1.33121e+05 -1.40265e+05  6.59732e+02  0.00000e+00 -6.48439e+03 -5.46874e+02 -7.03127e+03  5.65659e-01  1.00000e+00  2.89931e+01  0.00000e+00  9.64802e+00 
 5.73326e-03  3.47172e-03  0.00000e+00  3.47944e+00  8.59094e-04  3.60251e+02  3.60091e+02  6.85719e+00  7.01418e+00  5.66411e-01 -2.95650e+01  4.04871e+01  1.40210e+05 -1.48088e+05  6.71296e+02  0.00000e+00 -7.20641e+03 -5.68948e+02 -7.77536e+03  5.66409e-01  1.00000e+00  2.95652e+01  0.00000e+00  1.01836e+01 
 5.88069e-03  3.71014e-03 -5.35987e-21  3.47944e+00  8.40209e-04  3.60249e+02  3.60091e+02  6.82632e+00  6.97907e+00  5.67302e-01 -3.01789e+01  4.13973e+01  1.48009e+05 -1.56621e+05  6.83375e+02  0.00000e+00 -7.92946e+03 -5.92885e+02 -8.52235e+03  5.67300e-01  1.00000e+00  3.01791e+01  0.00000e+00  1.07839e+01 
 6.03395e-03  3.94857e-03  5.10973e-21  3.47944e+00  8.21073e-04  3.60248e+02  3.60091e+02  6.79270e+00  6.94108e+00  5.68336e-01 -3.08399e+01  4.23623e+01  1.56557e+05 -1.65928e+05  6.95987e+02  0.00000e+00 -8.67510e+03 -6.18867e+02 -9.29396e+03  5.68334e-01  1.00000e+00  3.08402e+01  0.00000e+00  1.14531e+01 
 6.19261e-03  4.18701e-03  0.00000e+00  3.47944e+00  8.01699e-04  3.60246e+02  3.60091e+02  6.75627e+00  6.90017e+00  5.69509e-01 -3.15532e+01  4.33862e+01  1.65953e+05 -1.76080e+05  7.09146e+02  0.00000e+00 -9.41717e+03 -6.47147e+02 -1.00643e+04  5.69508e-01  1.00000e+00  3.15535e+01  0.00000e+00  1.22018e+01 
 6.35626e-03  4.42546e-03  0.00000e+00  3.47944e+00  7.82149e-04  3.60244e+02  3.60091e+02  6.71676e+00  6.85610e+00  5.70826e-01 -3.23289e+01  4.44709e+01  1.76259e+05 -1.87184e+05  7.22847e+02  0.00000e+00 -1.02018e+04 -6.78063e+02 -1.08799e+04  5.70825e-01  1.00000e+00  3.23291e+01  0.00000e+00  1.30359e+01 
 6.52453e-03  4.66392e-03 -8.96437e-21  3.47944e+00  7.62383e-04  3.60242e+02  3.60092e+02  6.67418e+00  6.80885e+00  5.72277e-01 -3.31769e+01  4.56242e+01  1.87630e+05 -1.99368e+05  7.37156e+02  0.00000e+00 -1.10006e+04 -7.12083e+02 -1.17127e+04  5.72276e-01  1.00000e+00  3.31772e+01  0.00000e+00  1.39711e+01 
 6.69707e-03  4.90238e-03  1.72236e-20  3.47944e+00  7.42450e-04  3.60241e+02  3.60092e+02  6.62801e+00  6.75794e+00  5.73878e-01 -3.41133e+01  4.68494e+01  2.00144e+05 -2.12812e+05  7.52077e+02  0.00000e+00 -1.19162e+04 -7.49745e+02 -1.26659e+04  5.73878e-01  1.00000e+00  3.41135e+01  0.00000e+00  1.50136e+01 
 6.87356e-03  5.14086e-03  8.28595e-21  3.47944e+00  7.22231e-04  3.60239e+02  3.60092e+02  6.57866e+00  6.70369e+00  5.75588e-01 -3.51574e+01  4.81613e+01  2.14077e+05 -2.27747e+05  7.67802e+02  0.00000e+00 -1.29028e+04 -7.91969e+02 -1.36947e+04  5.75588e-01  1.00000e+00  3.51577e+01  0.00000e+00  1.61884e+01 
 7.05370e-03  5.37934e-03 -1.59677e-20  3.47944e+00  7.01763e-04  3.60238e+02  3.60093e+02  6.52502e+00  6.64511e+00  5.77340e-01 -3.63392e+01  4.95664e+01  2.29607e+05 -2.44435e+05  7.84270e+02  0.00000e+00 -1.40443e+04 -8.39917e+02 -1.48843e+04  5.77338e-01  1.00000e+00  3.63394e+01  0.00000e+00  1.75051e+01 
 7.23722e-03  5.61783e-03  0.00000e+00  3.47944e+00  6.80955e-04  3.60236e+02  3.60093e+02  6.46794e+00  6.58305e+00  5.79171e-01 -3.76908e+01  5.10814e+01  2.47078e+05 -2.63194e+05  8.01823e+02  0.00000e+00 -1.53141e+04 -8.94947e+02 -1.62091e+04  5.79168e-01  1.00000e+00  3.76911e+01  0.00000e+00  1.90001e+01 
 7.42387e-03  5.85632e-03  0.00000e+00  3.47944e+00  6.59879e-04  3.60235e+02  3.60094e+02  6.40523e+00  6.51530e+00  5.81053e-01 -3.92588e+01  5.27134e+01  2.66715e+05 -2.84398e+05  8.20120e+02  0.00000e+00 -1.68632e+04 -9.58845e+02 -1.78221e+04  5.81048e-01  1.00000e+00  3.92592e+01  0.00000e+00  2.06879e+01 
 7.61342e-03  6.09482e-03  0.00000e+00  3.47944e+00  6.38379e-04  3.60234e+02  3.60094e+02  6.33944e+00  6.44442e+00  5.83001e-01 -4.11033e+01  5.44892e+01  2.89091e+05 -3.08610e+05  8.40015e+02  0.00000e+00 -1.86788e+04 -1.03425e+03 -1.97130e+04  5.82996e-01  1.00000e+00  4.11036e+01  0.00000e+00  2.26245e+01 
 7.80566e-03  6.33332e-03  0.00000e+00  3.47944e+00  6.16557e-04  3.60234e+02  3.60095e+02  6.26518e+00  6.36500e+00  5.84998e-01 -4.33069e+01  5.64183e+01  3.14547e+05 -3.36393e+05  8.60220e+02  0.00000e+00 -2.09852e+04 -1.12442e+03 -2.21096e+04  5.84993e-01  1.00000e+00  4.33073e+01  0.00000e+00  2.48340e+01 
 8.00039e-03  6.57182e-03  0.00000e+00  3.47944e+00  5.94149e-04  3.60234e+02  3.60095e+02  6.18982e+00  6.28443e+00  5.87092e-01 -4.59922e+01  5.85468e+01  3.44171e+05 -3.68602e+05  8.82186e+02  0.00000e+00 -2.35484e+04 -1.23477e+03 -2.47832e+04  5.87088e-01  1.00000e+00  4.59925e+01  0.00000e+00  2.74317e+01 
 8.19744e-03  6.81033e-03  1.31016e-20  3.47944e+00  5.71337e-04  3.60234e+02  3.60096e+02  6.09965e+00  6.18893e+00  5.89167e-01 -4.93257e+01  6.08851e+01  3.78400e+05 -4.06430e+05  9.04515e+02  0.00000e+00 -2.71250e+04 -1.37230e+03 -2.84973e+04  5.89163e-01  1.00000e+00  4.93261e+01  0.00000e+00  3.04182e+01 
 8.39664e-03  7.04884e-03  0.00000e+00  3.47944e+00  5.47666e-04  3.60236e+02  3.60096e+02  6.01425e+00  6.09814e+00  5.91393e-01 -5.35666e+01  6.35175e+01  4.19379e+05 -4.51380e+05  9.30551e+02  0.00000e+00 -3.10704e+04 -1.54887e+03 -3.26193e+04  5.91388e-01  1.00000e+00  5.35671e+01  0.00000e+00  3.40448e+01 
 8.59784e-03  7.28736e-03  0.00000e+00  3.47944e+00  5.23437e-04  3.60239e+02  3.60097e+02  5.90002e+00  5.97833e+00  5.93581e-01 -5.91066e+01  6.64586e+01  4.67860e+05 -5.05738e+05  9.55721e+02  0.00000e+00 -3.69225e+04 -1.78159e+03 -3.87041e+04  5.93574e-01  1.00000e+00  5.91070e+01  0.00000e+00  3.82969e+01 
 8.80092e-03  7.52587e-03  0.00000e+00  3.47944e+00  4.97847e-04  3.60243e+02  3.60098e+02  5.80465e+00  5.87731e+00  5.96009e-01 -6.65723e+01  6.98755e+01  5.28512e+05 -5.72786e+05  9.88688e+02  0.00000e+00 -4.32856e+04 -2.10119e+03 -4.53868e+04  5.96000e-01  1.00000e+00  6.65728e+01  0.00000e+00  4.37231e+01 
 9.00573e-03  7.76439e-03 -1.17014e-20  3.47944e+00  4.71430e-04  3.60250e+02  3.60099e+02  5.65200e+00  5.71871e+00  5.98352e-01 -7.70047e+01  7.37924e+01  6.02844e+05 -6.57648e+05  1.01800e+03  0.00000e+00 -5.37862e+04 -2.55664e+03 -5.63428e+04  5.98340e-01  1.00000e+00  7.70052e+01  0.00000e+00  5.02653e+01 
 9.21216e-03  8.00291e-03  0.00000e+00  3.47944e+00  4.42749e-04  3.60261e+02  3.60099e+02  5.54586e+00  5.60659e+00  6.01029e-01 -9.22899e+01  7.85737e+01  7.02404e+05 -7.69067e+05  1.06424e+03  0.00000e+00 -6.55984e+04 -3.24815e+03 -6.88465e+04  6.01015e-01  1.00000e+00  9.22905e+01  0.00000e+00  5.92356e+01 
 9.42012e-03  8.24144e-03  0.00000e+00  3.47944e+00  4.12670e-04  3.60277e+02  3.60101e+02  5.32553e+00  5.37921e+00  6.03654e-01 -1.15842e+02  8.43026e+01  8.32078e+05 -9.20856e+05  1.10065e+03  0.00000e+00 -8.76779e+04 -4.35525e+03 -9.20332e+04  6.03642e-01  1.00000e+00  1.15843e+02  0.00000e+00  7.06592e+01 
 9.62949e-03  8.47996e-03  0.00000e+00  3.47944e+00  3.78674e-04  3.60304e+02  3.60101e+02  5.19832e+00  5.24600e+00  6.06728e-01 -1.55449e+02  9.18726e+01  1.02560e+06 -1.14359e+06  1.16933e+03  0.00000e+00 -1.16827e+05 -6.33685e+03 -1.23164e+05  6.06722e-01  1.00000e+00  1.55449e+02  0.00000e+00  8.80738e+01 
 9.84019e-03  8.71849e-03  0.00000e+00  3.47944e+00  3.41720e-04  3.60349e+02  3.60103e+02  4.87087e+00  4.91113e+00  6.09764e-01 -2.28503e+02  1.01811e+02  1.31428e+06 -1.48931e+06  1.21696e+03  0.00000e+00 -1.73810e+05 -1.02711e+04 -1.84081e+05  6.09764e-01  1.00000e+00  2.28504e+02  0.00000e+00  1.13523e+02 
 1.00521e-02  8.95702e-03  0.00000e+00  3.47944e+00  2.97404e-04  3.60434e+02  3.60104e+02  4.67396e+00  4.70929e+00  6.13510e-01 -3.91010e+02  1.16983e+02  1.84901e+06 -2.10641e+06  1.33242e+03  0.00000e+00 -2.56070e+05 -2.00702e+04 -2.76140e+05  6.13520e-01  1.00000e+00  3.91011e+02  0.00000e+00  1.62239e+02 
 1.02653e-02  9.19555e-03  0.00000e+00  3.47944e+00  2.45883e-04  3.60631e+02  3.60106e+02  4.11622e+00  4.14522e+00  6.16906e-01 -8.56688e+02  1.41501e+02  2.97683e+06 -3.34997e+06  1.41055e+03  0.00000e+00 -3.71737e+05 -5.28876e+04 -4.24624e+05  6.16935e-01  1.00000e+00  8.56689e+02  0.00000e+00  2.68440e+02 
 1.04795e-02  9.43408e-03  0.00000e+00  3.47944e+00  1.88216e-04  3.61295e+02  3.60108e+02  3.48748e+00  3.50714e+00  6.23338e-01 -7.11713e+03  1.84862e+02  6.26915e+06 -5.44634e+06  1.59145e+03  5.55492e+05  1.37989e+06 -1.38062e+06 -7.26281e+02  6.23373e-01  1.00000e+00  7.11713e+03  4.10900e+03  6.79780e+02 
