# Code_Saturne plot output (1D profile)
#
# Iteration output: 3854
# Time output:      2.30002e+01
#
#COLUMN_TITLES: Distance | X | Y | Z | diameter_Field2 | temp_Field1 | temp_Field2 | Velocity_Field1[Z] | Velocity_Field2[Z] | vol_f_Field2 | mass_trans_Field1 | Xd_Field2 | BK | COAL | COMP | NUCL | W1 | MT | SMBR | ALPBB | CONDNUM | GAMA | GAMANUC | epsilon_Field1
 4.56474e-03  1.39645e-04  0.00000e+00  3.47944e+00  4.58821e-05  3.58972e+02  3.60049e+02  4.36270e+00  4.36892e+00  1.15597e-02  1.08763e+02  7.59631e+02  3.50676e-20 -3.46914e+05  3.82933e+03  0.00000e+00 -3.43085e+05  1.85630e+06  1.51322e+06  1.15677e-02  1.00000e+00 -1.08513e+02  0.00000e+00  2.88294e-01 
 4.57812e-03  3.76525e-04  4.25872e-21  3.47944e+00  5.93910e-05  3.58975e+02  3.60049e+02  4.36234e+00  4.37149e+00  1.20468e-02  7.91410e+01  5.86847e+02  2.61136e-10 -2.33996e+05  2.95214e+03  0.00000e+00 -2.31044e+05  1.00143e+06  7.70387e+05  1.20542e-02  1.00000e+00 -7.89584e+01  0.00000e+00  2.91491e-01 
 4.60371e-03  6.13858e-04  0.00000e+00  3.47944e+00  7.07849e-05  3.58983e+02  3.60049e+02  4.36110e+00  4.37268e+00  1.29011e-02  6.67371e+01  4.92385e+02  1.16622e-05 -1.87090e+05  2.47617e+03  0.00000e+00 -1.84614e+05  6.61657e+05  4.77043e+05  1.29086e-02  1.00000e+00 -6.65818e+01  0.00000e+00  2.97769e-01 
 4.64138e-03  8.51483e-04  0.00000e+00  3.47944e+00  8.03817e-05  3.58996e+02  3.60049e+02  4.35922e+00  4.37282e+00  1.41137e-02  6.12931e+01  4.33599e+02  5.03772e-03 -1.66387e+05  2.18024e+03  0.00000e+00 -1.64206e+05  4.89158e+05  3.24951e+05  1.41217e-02  1.00000e+00 -6.11487e+01  0.00000e+00  3.07215e-01 
 4.69084e-03  1.08931e-03  0.00000e+00  3.47944e+00  8.89815e-05  3.59014e+02  3.60049e+02  4.35668e+00  4.37206e+00  1.57049e-02  5.90219e+01  3.91693e+02  2.90272e-01 -1.57633e+05  1.96931e+03  0.00000e+00 -1.55663e+05  3.82392e+05  2.26729e+05  1.57135e-02  1.00000e+00 -5.88806e+01  0.00000e+00  3.19991e-01 
 4.75174e-03  1.32727e-03  1.05001e-20  3.47944e+00  9.69890e-05  3.59036e+02  3.60049e+02  4.35347e+00  4.37051e+00  1.77091e-02  5.85288e+01  3.59354e+02  5.63930e+00 -1.55802e+05  1.80647e+03  0.00000e+00 -1.53990e+05  3.08509e+05  1.54519e+05  1.77186e-02  1.00000e+00 -5.83856e+01  0.00000e+00  3.36330e-01 
 4.82366e-03  1.56534e-03  0.00000e+00  3.47944e+00  1.04605e-04  3.59063e+02  3.60049e+02  4.34959e+00  4.36820e+00  2.01700e-02  5.91831e+01  3.33191e+02  5.54660e+01 -1.58785e+05  1.67455e+03  0.00000e+00 -1.57055e+05  2.53942e+05  9.68875e+04  2.01807e-02  1.00000e+00 -5.90345e+01  0.00000e+00  3.56571e-01 
 4.90611e-03  1.80349e-03  8.81027e-21  3.47944e+00  1.11913e-04  3.59094e+02  3.60049e+02  4.34502e+00  4.36511e+00  2.31419e-02  6.06707e+01  3.11434e+02  3.39677e+02 -1.65678e+05  1.56473e+03  0.00000e+00 -1.63774e+05  2.12067e+05  4.82932e+04  2.31538e-02  1.00000e+00 -6.05136e+01  0.00000e+00  3.81122e-01 
 4.99859e-03  2.04170e-03  0.00000e+00  3.47944e+00  1.18911e-04  3.59129e+02  3.60049e+02  4.33973e+00  4.36122e+00  2.66865e-02  6.28225e+01  2.93104e+02  1.45926e+03 -1.76207e+05  1.47207e+03  0.00000e+00 -1.73276e+05  1.79200e+05  5.92437e+03  2.67001e-02  1.00000e+00 -6.26538e+01  0.00000e+00  4.10498e-01 
 5.10055e-03  2.27996e-03  7.58893e-21  3.47944e+00  1.25532e-04  3.59167e+02  3.60049e+02  4.33368e+00  4.35645e+00  3.08752e-02  6.55704e+01  2.77645e+02  4.74904e+03 -1.90533e+05  1.39371e+03  0.00000e+00 -1.84391e+05  1.53122e+05 -3.12686e+04  3.08908e-02  1.00000e+00 -6.53868e+01  0.00000e+00  4.45380e-01 
 5.21143e-03  2.51826e-03  7.09702e-21  3.47944e+00  1.31657e-04  3.59209e+02  3.60049e+02  4.32682e+00  4.35072e+00  3.57840e-02  6.88861e+01  2.64729e+02  1.23623e+04 -2.09143e+05  1.32800e+03  0.00000e+00 -1.95453e+05  1.32324e+05 -6.31287e+04  3.58021e-02  1.00000e+00 -6.86838e+01  0.00000e+00  4.86550e-01 
 5.33068e-03  2.75659e-03  1.33300e-20  3.47944e+00  1.37149e-04  3.59254e+02  3.60049e+02  4.31910e+00  4.34396e+00  4.14938e-02  7.27722e+01  2.54128e+02  2.68804e+04 -2.32817e+05  1.27379e+03  0.00000e+00 -2.04663e+05  1.15708e+05 -8.89551e+04  4.15149e-02  1.00000e+00 -7.25468e+01  0.00000e+00  5.34963e-01 
 5.45775e-03  2.99495e-03  1.25651e-20  3.47944e+00  1.41894e-04  3.59301e+02  3.60049e+02  4.31044e+00  4.33606e+00  4.80910e-02  7.72283e+01  2.45630e+02  5.06537e+04 -2.62587e+05  1.22998e+03  0.00000e+00 -2.10704e+05  1.02386e+05 -1.08317e+05  4.81158e-02  1.00000e+00 -7.69745e+01  0.00000e+00  5.91776e-01 
 5.59212e-03  3.23333e-03  0.00000e+00  3.47944e+00  1.45838e-04  3.59351e+02  3.60049e+02  4.30077e+00  4.32693e+00  5.56598e-02  8.22100e+01  2.38988e+02  8.53550e+04 -2.99630e+05  1.19537e+03  0.00000e+00 -2.13079e+05  9.16038e+04 -1.21476e+05  5.56883e-02  1.00000e+00 -8.19214e+01  0.00000e+00  6.58331e-01 
 5.73326e-03  3.47172e-03  0.00000e+00  3.47944e+00  1.48998e-04  3.59401e+02  3.60049e+02  4.28996e+00  4.31649e+00  6.42736e-02  8.74098e+01  2.33919e+02  1.32049e+05 -3.45187e+05  1.16840e+03  0.00000e+00 -2.11969e+05  8.25353e+04 -1.29434e+05  6.43059e-02  1.00000e+00 -8.70800e+01  0.00000e+00  7.36273e-01 
 5.88069e-03  3.71014e-03 -5.35987e-21  3.47944e+00  1.51455e-04  3.59452e+02  3.60049e+02  4.27791e+00  4.30464e+00  7.39971e-02  9.18881e+01  2.30124e+02  1.91498e+05 -4.00542e+05  1.14757e+03  0.00000e+00 -2.07896e+05  7.41195e+04 -1.33777e+05  7.40326e-02  1.00000e+00 -9.15129e+01  0.00000e+00  8.27543e-01 
 6.03395e-03  3.94857e-03  5.10973e-21  3.47944e+00  1.53310e-04  3.59504e+02  3.60049e+02  4.26445e+00  4.29125e+00  8.48762e-02  9.61159e+01  2.27340e+02  2.64316e+05 -4.67035e+05  1.13142e+03  0.00000e+00 -2.01587e+05  6.67510e+04 -1.34836e+05  8.49159e-02  1.00000e+00 -9.56882e+01  0.00000e+00  9.34425e-01 
 6.19261e-03  4.18701e-03  0.00000e+00  3.47944e+00  1.54685e-04  3.59555e+02  3.60049e+02  4.24940e+00  4.27608e+00  9.69227e-02  9.97987e+01  2.25320e+02  3.51116e+05 -5.45860e+05  1.11876e+03  0.00000e+00 -1.93625e+05  6.01298e+04 -1.33495e+05  9.69669e-02  1.00000e+00 -9.93112e+01  0.00000e+00  1.05959e+00 
 6.35626e-03  4.42546e-03  0.00000e+00  3.47944e+00  1.55705e-04  3.59604e+02  3.60049e+02  4.23253e+00  4.25901e+00  1.10122e-01  1.02646e+02  2.23844e+02  4.52489e+05 -6.38060e+05  1.10834e+03  0.00000e+00 -1.84462e+05  5.40486e+04 -1.30414e+05  1.10171e-01  1.00000e+00 -1.02092e+02  0.00000e+00  1.20618e+00 
 6.52453e-03  4.66392e-03 -8.96437e-21  3.47944e+00  1.56491e-04  3.59652e+02  3.60049e+02  4.21358e+00  4.23971e+00  1.24432e-01  1.04380e+02  2.22720e+02  5.68788e+05 -7.44414e+05  1.09926e+03  0.00000e+00 -1.74527e+05  4.83669e+04 -1.26160e+05  1.24487e-01  1.00000e+00 -1.03752e+02  0.00000e+00  1.37780e+00 
 6.69707e-03  4.90238e-03  1.72236e-20  3.47944e+00  1.57149e-04  3.59698e+02  3.60049e+02  4.19225e+00  4.21798e+00  1.39766e-01  1.04767e+02  2.21787e+02  7.00017e+05 -8.65266e+05  1.09052e+03  0.00000e+00 -1.64158e+05  4.30076e+04 -1.21151e+05  1.39826e-01  1.00000e+00 -1.04059e+02  0.00000e+00  1.57860e+00 
 6.87356e-03  5.14086e-03  8.28595e-21  3.47944e+00  1.57770e-04  3.59742e+02  3.60049e+02  4.16823e+00  4.19349e+00  1.55980e-01  1.03631e+02  2.20915e+02  8.45638e+05 -1.00032e+06  1.08141e+03  0.00000e+00 -1.53600e+05  3.79357e+04 -1.15664e+05  1.56044e-01  1.00000e+00 -1.02838e+02  0.00000e+00  1.81328e+00 
 7.05370e-03  5.37934e-03 -1.59677e-20  3.47944e+00  1.58425e-04  3.59783e+02  3.60049e+02  4.14115e+00  4.16592e+00  1.72937e-01  1.00908e+02  2.20001e+02  1.00426e+06 -1.14886e+06  1.07138e+03  0.00000e+00 -1.43526e+05  3.31456e+04 -1.10380e+05  1.72995e-01  1.00000e+00 -1.00027e+02  0.00000e+00  2.08678e+00 
 7.23722e-03  5.61783e-03  0.00000e+00  3.47944e+00  1.59162e-04  3.59820e+02  3.60049e+02  4.11065e+00  4.13490e+00  1.90372e-01  9.66035e+01  2.18983e+02  1.17448e+06 -1.30924e+06  1.05974e+03  0.00000e+00 -1.33704e+05  2.86560e+04 -1.05048e+05  1.90423e-01  1.00000e+00 -9.56325e+01  0.00000e+00  2.40533e+00 
 7.42387e-03  5.85632e-03  0.00000e+00  3.47944e+00  1.60011e-04  3.59855e+02  3.60049e+02  4.07637e+00  4.10008e+00  2.08129e-01  9.08868e+01  2.17822e+02  1.35349e+06 -1.48000e+06  1.04658e+03  0.00000e+00 -1.25472e+05  2.44889e+04 -1.00983e+05  2.08186e-01  1.00000e+00 -8.98258e+01  0.00000e+00  2.77431e+00 
 7.61342e-03  6.09482e-03  0.00000e+00  3.47944e+00  1.60962e-04  3.59886e+02  3.60049e+02  4.03797e+00  4.06113e+00  2.25953e-01  8.39633e+01  2.16535e+02  1.53976e+06 -1.65944e+06  1.03162e+03  0.00000e+00 -1.18651e+05  2.06722e+04 -9.79790e+04  2.26027e-01  1.00000e+00 -8.28138e+01  0.00000e+00  3.20177e+00 
 7.80566e-03  6.33332e-03  0.00000e+00  3.47944e+00  1.61979e-04  3.59915e+02  3.60050e+02  3.99517e+00  4.01777e+00  2.43550e-01  7.61203e+01  2.15177e+02  1.73116e+06 -1.84540e+06  1.01544e+03  0.00000e+00 -1.13222e+05  1.72326e+04 -9.59890e+04  2.43643e-01  1.00000e+00 -7.48852e+01  0.00000e+00  3.69549e+00 
 8.00039e-03  6.57182e-03  0.00000e+00  3.47944e+00  1.62990e-04  3.59940e+02  3.60050e+02  3.94765e+00  3.96967e+00  2.60772e-01  6.76748e+01  2.13843e+02  1.92692e+06 -2.03781e+06  9.98201e+02  0.00000e+00 -1.09889e+05  1.41730e+04 -9.57157e+04  2.60877e-01  1.00000e+00 -6.63572e+01  0.00000e+00  4.26616e+00 
 8.19744e-03  6.81033e-03  1.31016e-20  3.47944e+00  1.63893e-04  3.59962e+02  3.60050e+02  3.89516e+00  3.91659e+00  2.77445e-01  5.89486e+01  2.12666e+02  2.12856e+06 -2.23802e+06  9.80662e+02  0.00000e+00 -1.08474e+05  1.14898e+04 -9.69842e+04  2.77559e-01  1.00000e+00 -5.75512e+01  0.00000e+00  4.92849e+00 
 8.39664e-03  7.04884e-03  0.00000e+00  3.47944e+00  1.64549e-04  3.59982e+02  3.60050e+02  3.83726e+00  3.85804e+00  2.93560e-01  5.01932e+01  2.11818e+02  2.33934e+06 -2.45072e+06  9.63225e+02  0.00000e+00 -1.10417e+05  9.15543e+03 -1.01262e+05  2.93685e-01  1.00000e+00 -4.87172e+01  0.00000e+00  5.70333e+00 
 8.59784e-03  7.28736e-03  0.00000e+00  3.47944e+00  1.64799e-04  3.60000e+02  3.60050e+02  3.77349e+00  3.79358e+00  3.09063e-01  4.15720e+01  2.11497e+02  2.56560e+06 -2.68268e+06  9.46675e+02  0.00000e+00 -1.16128e+05  7.13234e+03 -1.08996e+05  3.09190e-01  1.00000e+00 -4.00157e+01  0.00000e+00  6.62153e+00 
 8.80092e-03  7.52587e-03  0.00000e+00  3.47944e+00  1.64427e-04  3.60015e+02  3.60050e+02  3.70301e+00  3.72234e+00  3.23963e-01  3.31341e+01  2.11978e+02  2.81804e+06 -2.94594e+06  9.31757e+02  0.00000e+00 -1.26966e+05  5.36759e+03 -1.21598e+05  3.24077e-01  1.00000e+00 -3.14926e+01  0.00000e+00  7.73080e+00 
 9.00573e-03  7.76439e-03 -1.17014e-20  3.47944e+00  1.63215e-04  3.60030e+02  3.60051e+02  3.62430e+00  3.64276e+00  3.38321e-01  2.47833e+01  2.13552e+02  3.11143e+06 -3.25773e+06  9.19332e+02  0.00000e+00 -1.45385e+05  3.78964e+03 -1.41596e+05  3.38419e-01  1.00000e+00 -2.30467e+01  0.00000e+00  9.09960e+00 
 9.21216e-03  8.00291e-03  0.00000e+00  3.47944e+00  1.60846e-04  3.60042e+02  3.60051e+02  3.53659e+00  3.55405e+00  3.52227e-01  1.62446e+01  2.16699e+02  3.47419e+06 -3.64917e+06  9.10377e+02  0.00000e+00 -1.74076e+05  2.30732e+03 -1.71768e+05  3.52302e-01  1.00000e+00 -1.43951e+01  0.00000e+00  1.08568e+01 
 9.42012e-03  8.24144e-03  0.00000e+00  3.47944e+00  1.57015e-04  3.60055e+02  3.60051e+02  3.43425e+00  3.45053e+00  3.65811e-01  6.86233e+00  2.21988e+02  3.94529e+06 -4.16615e+06  9.05369e+02  0.00000e+00 -2.19956e+05  7.70377e+02 -2.19185e+05  3.65884e-01  1.00000e+00 -4.87260e+00  0.00000e+00  1.31959e+01 
 9.62949e-03  8.47996e-03  0.00000e+00  3.47944e+00  1.51224e-04  3.60067e+02  3.60052e+02  3.31648e+00  3.33102e+00  3.79197e-01 -1.06569e+01  2.30490e+02  4.60817e+06 -4.90062e+06  9.07467e+02  0.00000e+00 -2.91540e+05 -2.35975e+03 -2.93900e+05  3.79290e-01  1.00000e+00  1.49014e+01  0.00000e+00  1.65263e+01 
 9.84019e-03  8.71849e-03  0.00000e+00  3.47944e+00  1.42930e-04  3.60084e+02  3.60052e+02  3.16669e+00  3.17969e+00  3.92445e-01 -4.99596e+01  2.43868e+02  5.60096e+06 -6.01591e+06  9.16860e+02  0.00000e+00 -4.14032e+05 -8.84497e+03 -4.22877e+05  3.92545e-01  1.00000e+00  5.46344e+01  0.00000e+00  2.15360e+01 
 1.00521e-02  8.95702e-03  0.00000e+00  3.47944e+00  1.31048e-04  3.60112e+02  3.60053e+02  2.99210e+00  3.00365e+00  4.05700e-01 -1.37202e+02  2.65981e+02  7.36634e+06 -7.96824e+06  9.37824e+02  0.00000e+00 -6.00960e+05 -2.43435e+04 -6.25303e+05  4.05805e-01  1.00000e+00  1.42517e+02  0.00000e+00  3.05704e+01 
 1.02653e-02  9.19555e-03  0.00000e+00  3.47944e+00  1.14984e-04  3.60185e+02  3.60053e+02  2.72304e+00  2.73264e+00  4.19593e-01 -4.26434e+02  3.03145e+02  1.10392e+07 -1.18820e+07  9.64372e+02  0.00000e+00 -8.41903e+05 -8.14572e+04 -9.23360e+05  4.19709e-01  1.00000e+00  4.32737e+02  0.00000e+00  5.06156e+01 
 1.04795e-02  9.43408e-03  0.00000e+00  3.47944e+00  9.50051e-05  3.60510e+02  3.60054e+02  2.29063e+00  2.29606e+00  4.38091e-01 -5.37815e+03  3.66898e+02  2.18196e+07 -2.17633e+07  1.01929e+03  2.77515e+06  2.83244e+06 -2.97596e+06 -1.43515e+05  4.38190e-01  1.00000e+00  5.38603e+03  3.22536e+03  1.27022e+02 
