# Code_Saturne plot output (1D profile)
#
# Iteration output: 2711
# Time output:      2.30028e+01
#
#COLUMN_TITLES: Distance | X | Y | Z | diameter_Field2 | temp_Field1 | temp_Field2 | Velocity_Field1[Z] | Velocity_Field2[Z] | vol_f_Field2 | mass_trans_Field1 | Xd_Field2 | BK | COAL | COMP | NUCL | W1 | MT | SMBR | ALPBB | CONDNUM | GAMA | GAMANUC | epsilon_Field1
 4.56474e-03  1.39645e-04  0.00000e+00  3.47944e+00  3.01040e-04  3.59762e+02  3.60055e+02  4.95277e+00  5.01790e+00  1.55316e-01  3.80097e+01  1.15741e+02  3.05384e+05 -6.66072e+05  8.15433e+02  0.00000e+00 -3.59873e+05  1.18378e+04 -3.48035e+05  1.55320e-01  1.00000e+00 -3.80080e+01  0.00000e+00  9.84966e-01 
 4.57812e-03  3.76525e-04  4.25872e-21  3.47944e+00  3.22952e-04  3.59763e+02  3.60055e+02  4.95148e+00  5.02211e+00  1.56233e-01  3.47674e+01  1.07888e+02  2.99191e+05 -5.92933e+05  7.60607e+02  0.00000e+00 -2.92982e+05  1.00341e+04 -2.82948e+05  1.56238e-01  1.00000e+00 -3.47658e+01  0.00000e+00  9.96179e-01 
 4.60371e-03  6.13858e-04  0.00000e+00  3.47944e+00  3.38955e-04  3.59765e+02  3.60055e+02  4.94910e+00  5.02355e+00  1.57922e-01  3.28393e+01  1.02794e+02  2.96079e+05 -5.52805e+05  7.24958e+02  0.00000e+00 -2.56000e+05  8.93361e+03 -2.47067e+05  1.57927e-01  1.00000e+00 -3.28378e+01  0.00000e+00  1.01795e+00 
 4.64138e-03  8.51483e-04  0.00000e+00  3.47944e+00  3.53092e-04  3.59767e+02  3.60055e+02  4.94567e+00  5.02331e+00  1.60339e-01  3.14008e+01  9.86782e+01  2.94866e+05 -5.25867e+05  6.95986e+02  0.00000e+00 -2.30305e+05  8.07663e+03 -2.22229e+05  1.60345e-01  1.00000e+00 -3.13994e+01  0.00000e+00  1.05066e+00 
 4.69084e-03  1.08931e-03  0.00000e+00  3.47944e+00  3.67684e-04  3.59770e+02  3.60055e+02  4.94105e+00  5.02183e+00  1.63538e-01  3.01029e+01  9.47621e+01  2.94229e+05 -5.03810e+05  6.68288e+02  0.00000e+00 -2.08913e+05  7.29011e+03 -2.01622e+05  1.63543e-01  1.00000e+00 -3.01016e+01  0.00000e+00  1.09469e+00 
 4.75174e-03  1.32727e-03  1.05001e-20  3.47944e+00  3.83742e-04  3.59775e+02  3.60055e+02  4.93520e+00  5.01931e+00  1.67484e-01  2.88099e+01  9.07966e+01  2.93322e+05 -4.83345e+05  6.40139e+02  0.00000e+00 -1.89383e+05  6.52754e+03 -1.82856e+05  1.67488e-01  1.00000e+00 -2.88086e+01  0.00000e+00  1.15063e+00 
 4.82366e-03  1.56534e-03  0.00000e+00  3.47944e+00  4.01767e-04  3.59780e+02  3.60055e+02  4.92816e+00  5.01535e+00  1.72170e-01  2.74277e+01  8.67231e+01  2.91526e+05 -4.63127e+05  6.11155e+02  0.00000e+00 -1.70990e+05  5.77399e+03 -1.65216e+05  1.72175e-01  1.00000e+00 -2.74264e+01  0.00000e+00  1.21923e+00 
 4.90611e-03  1.80349e-03  8.81027e-21  3.47944e+00  4.21932e-04  3.59786e+02  3.60055e+02  4.91998e+00  5.00825e+00  1.77514e-01  2.58326e+01  8.25784e+01  2.88512e+05 -4.42550e+05  5.81576e+02  0.00000e+00 -1.53457e+05  5.02240e+03 -1.48434e+05  1.77519e-01  1.00000e+00 -2.58313e+01  0.00000e+00  1.30143e+00 
 4.99859e-03  2.04170e-03  0.00000e+00  3.47944e+00  4.44209e-04  3.59793e+02  3.60055e+02  4.91044e+00  4.99858e+00  1.83510e-01  2.42011e+01  7.84372e+01  2.84121e+05 -4.21662e+05  5.51637e+02  0.00000e+00 -1.36990e+05  4.32321e+03 -1.32666e+05  1.83515e-01  1.00000e+00 -2.41999e+01  0.00000e+00  1.39816e+00 
 5.10055e-03  2.27996e-03  7.58893e-21  3.47944e+00  4.68344e-04  3.59801e+02  3.60055e+02  4.89940e+00  4.98687e+00  1.90123e-01  2.25815e+01  7.43952e+01  2.78481e+05 -4.00774e+05  5.22225e+02  0.00000e+00 -1.21771e+05  3.69293e+03 -1.18078e+05  1.90128e-01  1.00000e+00 -2.25803e+01  0.00000e+00  1.51065e+00 
 5.21143e-03  2.51826e-03  7.09702e-21  3.47944e+00  4.93851e-04  3.59810e+02  3.60055e+02  4.88674e+00  4.97332e+00  1.97287e-01  2.10136e+01  7.05527e+01  2.71960e+05 -3.80350e+05  4.94127e+02  0.00000e+00 -1.07896e+05  3.14068e+03 -1.04755e+05  1.97292e-01  1.00000e+00 -2.10125e+01  0.00000e+00  1.64037e+00 
 5.33068e-03  2.75659e-03  1.33300e-20  3.47944e+00  5.20019e-04  3.59819e+02  3.60055e+02  4.87233e+00  4.95791e+00  2.04916e-01  1.95297e+01  6.70026e+01  2.65097e+05 -3.60962e+05  4.68024e+02  0.00000e+00 -9.53974e+04  2.66884e+03 -9.27285e+04  2.04920e-01  1.00000e+00 -1.95286e+01  0.00000e+00  1.78893e+00 
 5.45775e-03  2.99495e-03  1.25651e-20  3.47944e+00  5.45975e-04  3.59830e+02  3.60055e+02  4.85605e+00  4.94057e+00  2.12961e-01  1.81549e+01  6.38172e+01  2.58460e+05 -3.43252e+05  4.44433e+02  0.00000e+00 -8.43477e+04  2.27374e+03 -8.20740e+04  2.12966e-01  1.00000e+00 -1.81538e+01  0.00000e+00  1.95798e+00 
 5.59212e-03  3.23333e-03  0.00000e+00  3.47944e+00  5.70763e-04  3.59841e+02  3.60055e+02  4.83777e+00  4.92121e+00  2.21325e-01  1.68988e+01  6.10458e+01  2.52622e+05 -3.27729e+05  4.23687e+02  0.00000e+00 -7.46833e+04  1.94803e+03 -7.27353e+04  2.21329e-01  1.00000e+00 -1.68978e+01  0.00000e+00  2.14932e+00 
 5.73326e-03  3.47172e-03  0.00000e+00  3.47944e+00  5.93477e-04  3.59853e+02  3.60055e+02  4.81739e+00  4.89972e+00  2.29947e-01  1.57610e+01  5.87094e+01  2.48022e+05 -3.14811e+05  4.05919e+02  0.00000e+00 -6.63835e+04  1.68181e+03 -6.47017e+04  2.29951e-01  1.00000e+00 -1.57600e+01  0.00000e+00  2.36478e+00 
 5.88069e-03  3.71014e-03 -5.35987e-21  3.47944e+00  6.13353e-04  3.59866e+02  3.60055e+02  4.79481e+00  4.87602e+00  2.38720e-01  1.47277e+01  5.68071e+01  2.45005e+05 -3.04717e+05  3.91088e+02  0.00000e+00 -5.93212e+04  1.46474e+03 -5.78565e+04  2.38723e-01  1.00000e+00 -1.47267e+01  0.00000e+00  2.60646e+00 
 6.03395e-03  3.94857e-03  5.10973e-21  3.47944e+00  6.29886e-04  3.59880e+02  3.60055e+02  4.76992e+00  4.85000e+00  2.47607e-01  1.37792e+01  5.53161e+01  2.43731e+05 -2.97564e+05  3.79023e+02  0.00000e+00 -5.34543e+04  1.28655e+03 -5.21677e+04  2.47610e-01  1.00000e+00 -1.37782e+01  0.00000e+00  2.87639e+00 
 6.19261e-03  4.18701e-03  0.00000e+00  3.47944e+00  6.42792e-04  3.59894e+02  3.60055e+02  4.74266e+00  4.82161e+00  2.56494e-01  1.28882e+01  5.42056e+01  2.44317e+05 -2.93293e+05  3.69473e+02  0.00000e+00 -4.86066e+04  1.13834e+03 -4.74683e+04  2.56497e-01  1.00000e+00 -1.28871e+01  0.00000e+00  3.17722e+00 
 6.35626e-03  4.42546e-03  0.00000e+00  3.47944e+00  6.52064e-04  3.59908e+02  3.60055e+02  4.71292e+00  4.79074e+00  2.65376e-01  1.20270e+01  5.34350e+01  2.46736e+05 -2.91836e+05  3.62131e+02  0.00000e+00 -4.47383e+04  1.01212e+03 -4.37262e+04  2.65379e-01  1.00000e+00 -1.20260e+01  0.00000e+00  3.51138e+00 
 6.52453e-03  4.66392e-03 -8.96437e-21  3.47944e+00  6.57810e-04  3.59924e+02  3.60055e+02  4.68066e+00  4.75737e+00  2.74132e-01  1.11652e+01  5.29683e+01  2.51024e+05 -2.93021e+05  3.56706e+02  0.00000e+00 -4.16397e+04  9.01636e+02 -4.07380e+04  2.74135e-01  1.00000e+00 -1.11642e+01  0.00000e+00  3.88258e+00 
 6.69707e-03  4.90238e-03  1.72236e-20  3.47944e+00  6.60321e-04  3.59940e+02  3.60055e+02  4.64572e+00  4.72133e+00  2.82808e-01  1.02755e+01  5.27671e+01  2.57093e+05 -2.96773e+05  3.52911e+02  0.00000e+00 -3.93270e+04  8.01264e+02 -3.85257e+04  2.82811e-01  1.00000e+00 -1.02744e+01  0.00000e+00  4.29402e+00 
 6.87356e-03  5.14086e-03  8.28595e-21  3.47944e+00  6.59843e-04  3.59956e+02  3.60056e+02  4.60808e+00  4.68260e+00  2.91265e-01  9.32858e+00  5.28055e+01  2.65038e+05 -3.02954e+05  3.50521e+02  0.00000e+00 -3.75657e+04  7.06812e+02 -3.68589e+04  2.91268e-01  1.00000e+00 -9.32746e+00  0.00000e+00  4.75142e+00 
 7.05370e-03  5.37934e-03 -1.59677e-20  3.47944e+00  6.56738e-04  3.59973e+02  3.60056e+02  4.56750e+00  4.64096e+00  2.99610e-01  8.29859e+00  5.30553e+01  2.74787e+05 -3.11611e+05  3.49312e+02  0.00000e+00 -3.64745e+04  6.14137e+02 -3.58604e+04  2.99613e-01  1.00000e+00 -8.29742e+00  0.00000e+00  5.25918e+00 
 7.23722e-03  5.61783e-03  0.00000e+00  3.47944e+00  6.51203e-04  3.59990e+02  3.60056e+02  4.52398e+00  4.59641e+00  3.07673e-01  7.15674e+00  5.35065e+01  2.86598e+05 -3.22728e+05  3.49152e+02  0.00000e+00 -3.57806e+04  5.20128e+02 -3.52605e+04  3.07675e-01  1.00000e+00 -7.15553e+00  0.00000e+00  5.82682e+00 
 7.42387e-03  5.85632e-03  0.00000e+00  3.47944e+00  6.43573e-04  3.60007e+02  3.60056e+02  4.47707e+00  4.54849e+00  3.15633e-01  5.87433e+00  5.41411e+01  3.00436e+05 -3.36536e+05  3.49886e+02  0.00000e+00 -3.57503e+04  4.21077e+02 -3.53292e+04  3.15635e-01  1.00000e+00 -5.87306e+00  0.00000e+00  6.46057e+00 
 7.61342e-03  6.09482e-03  0.00000e+00  3.47944e+00  6.33910e-04  3.60025e+02  3.60056e+02  4.42694e+00  4.49738e+00  3.23271e-01  4.41771e+00  5.49666e+01  3.16828e+05 -3.53215e+05  3.51472e+02  0.00000e+00 -3.60351e+04  3.13871e+02 -3.57212e+04  3.23273e-01  1.00000e+00 -4.41637e+00  0.00000e+00  7.17711e+00 
 7.80566e-03  6.33332e-03  0.00000e+00  3.47944e+00  6.22510e-04  3.60044e+02  3.60056e+02  4.37258e+00  4.44207e+00  3.30849e-01  2.74729e+00  5.59734e+01  3.35789e+05 -3.73254e+05  3.53795e+02  0.00000e+00 -3.71110e+04  1.94172e+02 -3.69168e+04  3.30851e-01  1.00000e+00 -2.74588e+00  0.00000e+00  7.98545e+00 
 8.00039e-03  6.57182e-03  0.00000e+00  3.47944e+00  6.09280e-04  3.60063e+02  3.60057e+02  4.31475e+00  4.38332e+00  3.38085e-01  8.14077e-01  5.71892e+01  3.58291e+05 -3.97126e+05  3.56908e+02  0.00000e+00 -3.84775e+04  5.74528e+01 -3.84200e+04  3.38088e-01  1.00000e+00 -8.12585e-01  0.00000e+00  8.91657e+00 
 8.19744e-03  6.81033e-03  1.31016e-20  3.47944e+00  5.94520e-04  3.60083e+02  3.60057e+02  4.25102e+00  4.31867e+00  3.45331e-01 -3.39739e+00  5.86093e+01  3.84409e+05 -4.25673e+05  3.60678e+02  0.00000e+00 -4.09033e+04 -2.41250e+02 -4.11445e+04  3.45334e-01  1.00000e+00  3.40082e+00  0.00000e+00  9.98412e+00 
 8.39664e-03  7.04884e-03  0.00000e+00  3.47944e+00  5.77931e-04  3.60103e+02  3.60057e+02  4.18393e+00  4.25073e+00  3.52242e-01 -9.56017e+00  6.02920e+01  4.15961e+05 -4.59972e+05  3.65321e+02  0.00000e+00 -4.36448e+04 -6.84231e+02 -4.43291e+04  3.52245e-01  1.00000e+00  9.56380e+00  0.00000e+00  1.12497e+01 
 8.59784e-03  7.28736e-03  0.00000e+00  3.47944e+00  5.59725e-04  3.60125e+02  3.60057e+02  4.10724e+00  4.17319e+00  3.59247e-01 -1.70451e+01  6.22535e+01  4.53357e+05 -5.01886e+05  3.70662e+02  0.00000e+00 -4.81581e+04 -1.23487e+03 -4.93930e+04  3.59251e-01  1.00000e+00  1.70489e+01  0.00000e+00  1.27362e+01 
 8.80092e-03  7.52587e-03  0.00000e+00  3.47944e+00  5.39275e-04  3.60149e+02  3.60058e+02  4.02879e+00  4.09394e+00  3.65968e-01 -2.63962e+01  6.46146e+01  5.00347e+05 -5.54138e+05  3.77337e+02  0.00000e+00 -5.34135e+04 -1.94828e+03 -5.53618e+04  3.65971e-01  1.00000e+00  2.64004e+01  0.00000e+00  1.45791e+01 
 9.00573e-03  7.76439e-03 -1.17014e-20  3.47944e+00  5.16843e-04  3.60175e+02  3.60058e+02  3.93216e+00  3.99654e+00  3.72885e-01 -3.84637e+01  6.74196e+01  5.58203e+05 -6.20691e+05  3.84768e+02  0.00000e+00 -6.21031e+04 -2.90714e+03 -6.50102e+04  3.72889e-01  1.00000e+00  3.84682e+01  0.00000e+00  1.68264e+01 
 9.21216e-03  8.00291e-03  0.00000e+00  3.47944e+00  4.91340e-04  3.60206e+02  3.60059e+02  3.83882e+00  3.90247e+00  3.79642e-01 -5.47869e+01  7.09196e+01  6.35584e+05 -7.08618e+05  3.94704e+02  0.00000e+00 -7.26386e+04 -4.27819e+03 -7.69168e+04  3.79646e-01  1.00000e+00  5.47917e+01  0.00000e+00  1.98190e+01 
 9.42012e-03  8.24144e-03  0.00000e+00  3.47944e+00  4.63028e-04  3.60243e+02  3.60059e+02  3.70811e+00  3.77101e+00  3.86721e-01 -7.79704e+01  7.52567e+01  7.37470e+05 -8.28715e+05  4.05246e+02  0.00000e+00 -9.08403e+04 -6.34251e+03 -9.71829e+04  3.86725e-01  1.00000e+00  7.79757e+01  0.00000e+00  2.37144e+01 
 9.62949e-03  8.47996e-03  0.00000e+00  3.47944e+00  4.29904e-04  3.60291e+02  3.60059e+02  3.59067e+00  3.65216e+00  3.93896e-01 -1.13792e+02  8.10558e+01  8.89158e+05 -1.00411e+06  4.21337e+02  0.00000e+00 -1.14535e+05 -9.78793e+03 -1.24323e+05  3.93900e-01  1.00000e+00  1.13798e+02  0.00000e+00  2.95678e+01 
 9.84019e-03  8.71849e-03  0.00000e+00  3.47944e+00  3.92009e-04  3.60358e+02  3.60060e+02  3.39712e+00  3.45428e+00  4.01568e-01 -1.73931e+02  8.88925e+01  1.11846e+06 -1.27582e+06  4.37403e+02  0.00000e+00 -1.56923e+05 -1.60937e+04 -1.73016e+05  4.01573e-01  1.00000e+00  1.73937e+02  0.00000e+00  3.83902e+01 
 1.00521e-02  8.95702e-03  0.00000e+00  3.47944e+00  3.45817e-04  3.60465e+02  3.60061e+02  3.21728e+00  3.26724e+00  4.09562e-01 -2.93722e+02  1.00767e+02  1.53860e+06 -1.74818e+06  4.65332e+02  0.00000e+00 -2.09120e+05 -3.02071e+04 -2.39327e+05  4.09565e-01  1.00000e+00  2.93730e+02  0.00000e+00  5.52339e+01 
 1.02653e-02  9.19555e-03  0.00000e+00  3.47944e+00  2.92632e-04  3.60672e+02  3.60062e+02  2.85811e+00  2.89758e+00  4.19050e-01 -5.86417e+02  1.19084e+02  2.37557e+06 -2.62483e+06  4.85403e+02  0.00000e+00 -2.48775e+05 -6.96565e+04 -3.18431e+05  4.19055e-01  1.00000e+00  5.86426e+02  0.00000e+00  9.16043e+01 
 1.04795e-02  9.43408e-03  0.00000e+00  3.47944e+00  2.36509e-04  3.61248e+02  3.60063e+02  2.37269e+00  2.39718e+00  4.28981e-01 -5.05603e+03  1.47344e+02  4.60394e+06 -3.76771e+06  5.13611e+02  6.91576e+05  1.52833e+06 -1.51070e+06  1.76284e+04  4.28988e-01  1.00000e+00  5.05604e+03  3.42748e+03  2.32819e+02 
