# Code_Saturne plot output (1D profile)
#
# Iteration output: 1132
# Time output:      2.30021e+01
#
#COLUMN_TITLES: Distance | X | Y | Z | diameter_Field2 | temp_Field1 | temp_Field2 | Velocity_Field1[Z] | Velocity_Field2[Z] | vol_f_Field2 | mass_trans_Field1 | Xd_Field2 | BK | COAL | COMP | NUCL | W1 | MT | SMBR | ALPBB | CONDNUM | GAMA | GAMANUC | epsilon_Field1
 4.56474e-03  1.39645e-04  0.00000e+00  3.47944e+00  1.00000e-05  3.54178e+02  3.60058e+02  3.44951e+00  3.44990e+00  0.00000e+00  0.00000e+00  3.48548e+03  0.00000e+00 -7.64852e-12  1.05590e+04  0.00000e+00  1.05590e+04  0.00000e+00 -1.31899e+08  1.00000e-20  0.00000e+00  0.00000e+00  0.00000e+00  1.89420e-01 
 4.57812e-03  3.76525e-04  4.25872e-21  3.47944e+00  1.00000e-05  3.54184e+02  3.60058e+02  3.44904e+00  3.44943e+00  0.00000e+00 -7.68080e-21  3.48548e+03  0.00000e+00 -7.67037e-12  1.05577e+04  0.00000e+00  1.05577e+04  0.00000e+00 -1.34625e+08  1.00000e-20  0.00000e+00  0.00000e+00  0.00000e+00  1.91066e-01 
 4.60371e-03  6.13858e-04  0.00000e+00  3.47944e+00  1.00000e-05  3.54195e+02  3.60058e+02  3.44766e+00  3.44805e+00  0.00000e+00  0.00000e+00  3.48548e+03  0.00000e+00 -7.71318e-12  1.05537e+04  0.00000e+00  1.05537e+04  0.00000e+00 -1.31859e+08  1.00000e-20  0.00000e+00  0.00000e+00  0.00000e+00  1.94320e-01 
 4.64138e-03  8.51483e-04  0.00000e+00  3.47944e+00  1.00000e-05  3.54212e+02  3.60058e+02  3.44566e+00  3.44604e+00  0.00000e+00  0.00000e+00  3.48548e+03  0.00000e+00 -7.77679e-12  1.05480e+04  0.00000e+00  1.05480e+04  0.00000e+00 -1.31761e+08  1.00000e-20  0.00000e+00  0.00000e+00  0.00000e+00  1.99223e-01 
 4.69084e-03  1.08931e-03  0.00000e+00  3.47944e+00  1.00000e-05  3.54236e+02  3.60058e+02  3.44296e+00  3.44335e+00  0.00000e+00 -7.68087e-21  3.48548e+03  0.00000e+00 -7.86104e-12  1.05402e+04  0.00000e+00  1.05402e+04  0.00000e+00 -1.31706e+08  1.00000e-20  0.00000e+00  0.00000e+00  0.00000e+00  2.05845e-01 
 4.75174e-03  1.32727e-03  1.05001e-20  3.47944e+00  1.00000e-05  3.54264e+02  3.60058e+02  3.43959e+00  3.43998e+00  0.00000e+00  0.00000e+00  3.48548e+03  0.00000e+00 -7.96566e-12  1.05305e+04  0.00000e+00  1.05305e+04  0.00000e+00 -1.31592e+08  1.00000e-20  0.00000e+00  0.00000e+00  0.00000e+00  2.14272e-01 
 4.82366e-03  1.56534e-03  0.00000e+00  3.47944e+00  1.00000e-05  3.54299e+02  3.60058e+02  3.43551e+00  3.43590e+00  0.00000e+00  7.68094e-21  3.48548e+03  0.00000e+00 -8.09026e-12  1.05090e+04  0.00000e+00  1.05090e+04  0.00000e+00 -1.31467e+08  1.00000e-20  0.00000e+00  0.00000e+00  0.00000e+00  2.24609e-01 
 4.90611e-03  1.80349e-03  8.81027e-21  3.47944e+00  1.00000e-05  3.54340e+02  3.60058e+02  3.43075e+00  3.43114e+00  3.03917e-20  3.78581e-15  3.48548e+03  0.00000e+00 -4.58181e-11  1.04869e+04  0.00000e+00  1.04869e+04  7.71673e-06 -2.41882e+07  5.56418e-20  5.56418e-14 -3.78580e-15  0.00000e+00  2.36986e-01 
 4.99859e-03  2.04170e-03  0.00000e+00  3.47944e+00  1.00000e-05  3.54386e+02  3.60058e+02  3.42523e+00  3.42562e+00  2.01916e-19  1.72799e-14  3.48548e+03  0.00000e+00 -2.39887e-10  1.04696e+04  0.00000e+00  1.04696e+04  3.52222e-05 -4.69667e+06  2.85653e-19  2.85653e-13 -1.72799e-14  0.00000e+00  2.51552e-01 
 5.10055e-03  2.27996e-03  7.58893e-21  3.47944e+00  1.00000e-05  3.54439e+02  3.60058e+02  3.41896e+00  3.41934e+00  1.23514e-18  8.12394e-14  3.48548e+03  0.00000e+00 -1.19182e-09  1.01476e+04  0.00000e+00  1.01476e+04  1.65593e-04 -9.56509e+05  1.38910e-18  1.38910e-12 -8.12394e-14  0.00000e+00  2.68478e-01 
 5.21143e-03  2.51826e-03  7.09702e-21  3.47944e+00  1.00000e-05  3.54498e+02  3.60058e+02  3.41189e+00  3.41227e+00  7.09946e-18  4.23648e-13  3.48548e+03  0.00000e+00 -6.36350e-09  9.89359e+03  0.00000e+00  9.89359e+03  8.63537e-04 -1.74823e+05  7.24781e-18  7.24781e-12 -4.23648e-13  0.00000e+00  2.87955e-01 
 5.33068e-03  2.75659e-03  1.33300e-20  3.47944e+00  1.00000e-05  3.54562e+02  3.60058e+02  3.40397e+00  3.40435e+00  4.09033e-17  2.52165e-12  3.48549e+03  0.00000e+00 -3.88460e-08  1.00567e+04  0.00000e+00  1.00567e+04  5.13998e-03 -1.85040e+04  4.31739e-17  4.31739e-11 -2.52165e-12  0.00000e+00  3.10201e-01 
 5.45775e-03  2.99495e-03  1.25651e-20  3.47944e+00  1.00000e-05  3.54633e+02  3.60058e+02  3.39517e+00  3.39555e+00  2.32700e-16  1.43193e-11  3.48549e+03  0.00000e+00 -2.26086e-07  1.00472e+04  0.00000e+00  1.00472e+04  2.91876e-02  8.18780e+03  2.44889e-16  2.44889e-10 -1.43193e-11  0.00000e+00  3.35452e-01 
 5.59212e-03  3.23333e-03  0.00000e+00  3.47944e+00  1.00000e-05  3.54710e+02  3.60058e+02  3.38544e+00  3.38582e+00  1.30558e-15  7.99700e-11  3.48549e+03  0.00000e+00 -1.29777e-06  9.40640e+03  0.00000e+00  9.40640e+03  1.63006e-01  1.23216e+04  1.36848e-15  1.36848e-09 -7.99700e-11  0.00000e+00  3.63975e-01 
 5.73326e-03  3.47172e-03  0.00000e+00  3.47944e+00  1.00000e-05  3.54793e+02  3.60058e+02  3.37476e+00  3.37514e+00  7.16899e-15  4.39061e-10  3.48549e+03 5.22365e-279 -7.30406e-06  9.32892e+03  0.00000e+00  9.32892e+03  8.94955e-01  1.69352e+04  7.49097e-15  7.49097e-09 -4.39061e-10  0.00000e+00  3.96076e-01 
 5.88069e-03  3.71014e-03 -5.35987e-21  3.47944e+00  1.00000e-05  3.54883e+02  3.60058e+02  3.36296e+00  3.36334e+00  3.88456e-14  2.35152e-09  3.48549e+03 8.17597e-263 -4.06266e-05  9.32104e+03  0.00000e+00  9.32104e+03  4.79313e+00  1.91558e+04  4.04926e-14  4.04926e-08 -2.35152e-09  0.00000e+00  4.32075e-01 
 6.03395e-03  3.94857e-03  5.10973e-21  3.47944e+00  1.00000e-05  3.54979e+02  3.60058e+02  3.35024e+00  3.35058e+00  2.06727e-13  1.24439e-08  3.48550e+03 3.59558e-247 -2.22003e-04  9.28238e+03  0.00000e+00  9.28238e+03  2.53650e+01 -6.16087e+00  2.14879e-13  2.14879e-07 -1.24439e-08  0.00000e+00  4.72374e-01 
 6.19261e-03  4.18701e-03  0.00000e+00  3.47944e+00  1.00000e-05  3.55081e+02  3.60058e+02  3.33619e+00  3.33648e+00  1.10154e-12  6.66797e-08  3.48550e+03 4.02300e-232 -1.21687e-03  9.16449e+03  0.00000e+00  9.16449e+03  1.35916e+02 -1.14976e+00  1.14312e-12  1.14312e-06 -6.66797e-08  0.00000e+00  5.17406e-01 
 6.35626e-03  4.42546e-03  0.00000e+00  3.47944e+00  1.00000e-05  3.55189e+02  3.60058e+02  3.32113e+00  3.32138e+00  6.12109e-12  3.68472e-07  3.48550e+03 1.05358e-217 -6.96179e-03  9.12455e+03  0.00000e+00  9.12454e+03  7.51073e+02 -1.96897e-01  6.34376e-12  6.34376e-06 -3.68472e-07  0.00000e+00  5.67689e-01 
 6.52453e-03  4.66392e-03 -8.96437e-21  3.47944e+00  1.00000e-05  3.55305e+02  3.60058e+02  3.30464e+00  3.30488e+00  3.34777e-11  2.03497e-06  3.48550e+03 6.31200e-204 -3.93004e-02  9.05169e+03  0.00000e+00  9.05165e+03  4.14799e+03 -2.52819e-02  3.47202e-11  3.47202e-05 -2.03497e-06  0.00000e+00  6.23840e-01 
 6.69707e-03  4.90238e-03  1.72236e-20  3.47944e+00  1.00000e-05  3.55427e+02  3.60058e+02  3.28697e+00  3.28720e+00  1.79246e-10  1.07917e-05  3.48551e+03 8.77602e-191 -2.15525e-01  9.14019e+03  0.00000e+00  9.13997e+03  2.19972e+04  3.11372e+04  1.84514e-10  1.84514e-04 -1.07917e-05  0.00000e+00  6.86599e-01 
 6.87356e-03  5.14086e-03  8.28595e-21  3.47944e+00  1.00000e-05  3.55556e+02  3.60058e+02  3.26776e+00  3.26798e+00  9.40534e-10  5.63433e-05  3.48550e+03 2.93420e-178 -1.16451e+00  9.67889e+03  0.00000e+00  9.67773e+03  1.14847e+05  1.24525e+05  9.65626e-10  9.65626e-04 -5.63432e-05  0.00000e+00  7.56845e-01 
 7.05370e-03  5.37934e-03 -1.59677e-20  3.47944e+00  1.00000e-05  3.55694e+02  3.60057e+02  3.24716e+00  3.24738e+00  4.82740e-09  2.87686e-04  3.48546e+03 2.55182e-166 -6.15890e+00  9.64807e+03  0.00000e+00  9.64191e+03  5.86396e+05  5.96038e+05  4.94380e-09  4.94380e-03 -2.87685e-04  0.00000e+00  8.35717e-01 
 7.23722e-03  5.61783e-03  0.00000e+00  3.47944e+00  1.00000e-05  3.55839e+02  3.60057e+02  3.22484e+00  3.22506e+00  2.42001e-08  1.43418e-03  3.48541e+03 6.09847e-155 -3.18343e+01  9.07124e+03  0.00000e+00  9.03941e+03  2.92328e+06  2.93232e+06  2.47225e-08  2.47225e-02 -1.43418e-03  0.00000e+00  9.24505e-01 
 7.42387e-03  5.85632e-03  0.00000e+00  3.47944e+00  1.00000e-05  3.55992e+02  3.60056e+02  3.20091e+00  3.20112e+00  1.18307e-07  7.05466e-03  3.48539e+03 4.57399e-144 -1.60598e+02  8.72818e+03  0.00000e+00  8.56758e+03  1.43794e+07  1.43880e+07  1.20574e-07  1.20574e-01 -7.05466e-03  0.00000e+00  1.02509e+00 
 7.61342e-03  6.09482e-03  0.00000e+00  3.47944e+00  1.00000e-05  3.56155e+02  3.60056e+02  3.17497e+00  3.17517e+00  5.67766e-07  3.36323e-02  3.48540e+03 1.11821e-133 -7.95839e+02  8.62588e+03  0.00000e+00  7.83005e+03  6.85522e+07  6.85600e+07  5.77188e-07  5.77188e-01 -3.36322e-02  0.00000e+00  1.13941e+00 
 7.80566e-03  6.33332e-03  0.00000e+00  3.47944e+00  1.00000e-05  3.56328e+02  3.60056e+02  3.14714e+00  3.14734e+00  2.66068e-06  1.56487e-01  3.48541e+03 1.07884e-123 -3.85582e+03  8.57825e+03  0.00000e+00  4.72243e+03  1.18203e+08  1.18208e+08  2.69845e-06  1.00000e+00 -1.56486e-01  0.00000e+00  1.27079e+00 
 8.00039e-03  6.57182e-03  0.00000e+00  3.47944e+00  1.00000e-05  3.56512e+02  3.60057e+02  3.11689e+00  3.11709e+00  1.20995e-05  7.18358e-01  3.48541e+03 4.11576e-114 -1.82217e+04  8.45823e+03  0.00000e+00 -9.76347e+03  1.19129e+08  1.19119e+08  1.22911e-05  1.00000e+00 -7.18358e-01  0.00000e+00  1.42240e+00 
 8.19744e-03  6.81033e-03  1.31016e-20  3.47944e+00  1.00000e-05  3.56708e+02  3.60057e+02  3.08438e+00  3.08457e+00  5.40983e-05  3.23859e+00  3.48542e+03 8.11127e-105 -8.46706e+04  8.35276e+03  0.00000e+00 -7.63179e+04  1.20121e+08  1.20045e+08  5.49545e-05  1.00000e+00 -3.23858e+00  0.00000e+00  1.60053e+00 
 8.39664e-03  7.04884e-03  0.00000e+00  3.47944e+00  1.00000e-05  3.56917e+02  3.60057e+02  3.04895e+00  3.04915e+00  2.36285e-04  1.38985e+01  3.48543e+03  7.92818e-96 -3.81675e+05  8.19560e+03  0.00000e+00 -3.73479e+05  1.19066e+08  1.18693e+08  2.37929e-04  1.00000e+00 -1.38985e+01  0.00000e+00  1.81111e+00 
 8.59784e-03  7.28736e-03  0.00000e+00  3.47944e+00  1.10206e-05  3.57146e+02  3.60057e+02  3.01088e+00  3.01110e+00  8.95955e-04  5.33723e+01  3.16266e+03  5.28280e-72 -1.27228e+06  7.48105e+03  0.00000e+00 -1.26480e+06  1.09364e+08  1.08099e+08  8.99703e-04  1.00000e+00 -5.33722e+01  0.00000e+00  2.06795e+00 
 8.80092e-03  7.52587e-03  0.00000e+00  3.47944e+00  1.90720e-05  3.57385e+02  3.60057e+02  2.96868e+00  2.96934e+00  2.15489e-03  1.28678e+02  1.82753e+03  2.18037e-20 -1.26854e+06  4.34988e+03  0.00000e+00 -1.26419e+06  6.35718e+07  6.23076e+07  2.16010e-03  1.00000e+00 -1.28678e+02  0.00000e+00  2.38400e+00 
 9.00573e-03  7.76439e-03 -1.17014e-20  3.47944e+00  3.05980e-05  3.57639e+02  3.60057e+02  2.92336e+00  2.92506e+00  4.31310e-03  2.51454e+02  1.13912e+03  2.26923e-03 -1.19558e+06  2.69966e+03  0.00000e+00 -1.19288e+06  3.87738e+07  3.75809e+07  4.31803e-03  1.00000e+00 -2.51453e+02  0.00000e+00  2.79546e+00 
 9.21216e-03  8.00291e-03  0.00000e+00  3.47944e+00  4.51704e-05  3.57905e+02  3.60057e+02  2.86965e+00  2.87295e+00  8.65218e-03  2.49640e+02  7.71627e+02  1.83656e+03 -1.30248e+06  1.85949e+03  0.00000e+00 -1.29878e+06  1.30155e+07  1.17167e+07  8.65360e-03  1.00000e+00 -2.49640e+02  0.00000e+00  3.34372e+00 
 9.42012e-03  8.24144e-03  0.00000e+00  3.47944e+00  5.66407e-05  3.58189e+02  3.60058e+02  2.81193e+00  2.81634e+00  1.66154e-02  3.03458e+02  6.15366e+02  1.36460e+05 -1.81248e+06  1.45027e+03  0.00000e+00 -1.67457e+06  6.57209e+06  4.89752e+06  1.66159e-02  1.00000e+00 -3.03458e+02  0.00000e+00  4.13847e+00 
 9.62949e-03  8.47996e-03  0.00000e+00  3.47944e+00  6.61356e-05  3.58496e+02  3.60058e+02  2.73228e+00  2.73783e+00  2.98985e-02  3.78033e+02  5.27022e+02  9.77499e+05 -2.69786e+06  1.21434e+03  0.00000e+00 -1.71915e+06  3.89739e+06  2.17824e+06  2.98969e-02  1.00000e+00 -3.78032e+02  0.00000e+00  5.30838e+00 
 9.84019e-03  8.71849e-03  0.00000e+00  3.47944e+00  7.36696e-05  3.58830e+02  3.60058e+02  2.64673e+00  2.65265e+00  5.17363e-02  4.67567e+02  4.73126e+02  2.95720e+06 -4.27091e+06  1.04692e+03  0.00000e+00 -1.31266e+06  2.50077e+06  1.18811e+06  5.17374e-02  1.00000e+00 -4.67566e+02  0.00000e+00  7.28017e+00 
 1.00521e-02  8.95702e-03  0.00000e+00  3.47944e+00  8.05609e-05  3.59198e+02  3.60058e+02  2.50318e+00  2.51021e+00  8.41999e-02  4.92982e+02  4.32656e+02  6.09142e+06 -6.70529e+06  9.09089e+02  0.00000e+00 -6.12961e+05  1.48141e+06  8.68454e+05  8.42046e-02  1.00000e+00 -4.92981e+02  0.00000e+00  1.07681e+01 
 1.02653e-02  9.19555e-03  0.00000e+00  3.47944e+00  8.85817e-05  3.59628e+02  3.60059e+02  2.32949e+00  2.33519e+00  1.33922e-01  3.55075e+02  3.93483e+02  1.07979e+07 -1.06798e+07  7.52969e+02  0.00000e+00  1.18809e+05  6.10082e+05  7.28891e+05  1.33929e-01  1.00000e+00 -3.55073e+02  0.00000e+00  1.89502e+01 
 1.04795e-02  9.43408e-03  0.00000e+00  3.47944e+00  1.00469e-04  3.60295e+02  3.60059e+02  1.95883e+00  1.96359e+00  1.86370e-01 -2.94032e+03  3.46932e+02  1.84838e+07 -1.51957e+07  5.99030e+02  2.72815e+06  6.01683e+06 -6.25639e+06 -2.39562e+05  1.86359e-01  1.00000e+00  2.94033e+03  2.46165e+03  4.81264e+01 
