# Code_Saturne plot output (1D profile)
#
# Iteration output: 4560
# Time output:      2.30001e+01
#
#COLUMN_TITLES: Distance | X | Y | Z | diameter_Field2 | temp_Field1 | temp_Field2 | Velocity_Field1[Z] | Velocity_Field2[Z] | vol_f_Field2 | mass_trans_Field1 | Xd_Field2 | BK | COAL | COMP | NUCL | W1 | MT | SMBR | ALPBB | CONDNUM | GAMA | GAMANUC | epsilon_Field1
 4.56474e-03  1.39645e-04  0.00000e+00  3.47944e+00  2.37533e-04  3.59402e+02  3.60053e+02  4.79150e+00  4.84251e+00  1.15274e-01  8.31845e+01  1.46700e+02  1.74248e+05 -6.16495e+05  9.52350e+02  0.00000e+00 -4.41294e+05  3.79831e+04 -4.03311e+05  1.15282e-01  1.00000e+00 -8.30821e+01  0.00000e+00  8.22391e-01 
 4.57812e-03  3.76525e-04  4.25872e-21  3.47944e+00  2.68606e-04  3.59403e+02  3.60053e+02  4.79042e+00  4.84905e+00  1.16244e-01  7.12304e+01  1.29730e+02  1.83672e+05 -5.03026e+05  8.43025e+02  0.00000e+00 -3.18511e+05  2.85240e+04 -2.89987e+05  1.16252e-01  1.00000e+00 -7.11426e+01  0.00000e+00  8.32073e-01 
 4.60371e-03  6.13858e-04  0.00000e+00  3.47944e+00  2.92127e-04  3.59406e+02  3.60053e+02  4.78821e+00  4.85244e+00  1.17948e-01  6.45961e+01  1.19284e+02  1.87115e+05 -4.43156e+05  7.75776e+02  0.00000e+00 -2.55265e+05  2.34413e+04 -2.31824e+05  1.17957e-01  1.00000e+00 -6.45162e+01  0.00000e+00  8.50940e-01 
 4.64138e-03  8.51483e-04  0.00000e+00  3.47944e+00  3.12876e-04  3.59409e+02  3.60053e+02  4.78504e+00  4.85404e+00  1.20387e-01  6.00717e+01  1.11373e+02  1.89083e+05 -4.04354e+05  7.24723e+02  0.00000e+00 -2.14546e+05  1.99413e+04 -1.94605e+05  1.20398e-01  1.00000e+00 -5.99970e+01  0.00000e+00  8.79284e-01 
 4.69084e-03  1.08931e-03  0.00000e+00  3.47944e+00  3.33807e-04  3.59414e+02  3.60053e+02  4.78079e+00  4.85445e+00  1.23614e-01  5.64027e+01  1.04390e+02  1.90119e+05 -3.74392e+05  6.79560e+02  0.00000e+00 -1.83593e+05  1.70912e+04 -1.66502e+05  1.23625e-01  1.00000e+00 -5.63320e+01  0.00000e+00  9.17449e-01 
 4.75174e-03  1.32727e-03  1.05001e-20  3.47944e+00  3.56244e-04  3.59420e+02  3.60053e+02  4.77541e+00  4.85392e+00  1.27594e-01  5.31166e+01  9.78154e+01  1.90042e+05 -3.48732e+05  6.36975e+02  0.00000e+00 -1.58053e+05  1.46113e+04 -1.43442e+05  1.27605e-01  1.00000e+00 -5.30494e+01  0.00000e+00  9.65995e-01 
 4.82366e-03  1.56534e-03  0.00000e+00  3.47944e+00  3.80847e-04  3.59428e+02  3.60053e+02  4.76887e+00  4.85238e+00  1.32371e-01  5.00397e+01  9.14963e+01  1.88586e+05 -3.25639e+05  5.95890e+02  0.00000e+00 -1.36457e+05  1.24109e+04 -1.24046e+05  1.32381e-01  1.00000e+00 -4.99756e+01  0.00000e+00  1.02553e+00 
 4.90611e-03  1.80349e-03  8.81027e-21  3.47944e+00  4.07873e-04  3.59437e+02  3.60052e+02  4.76125e+00  4.84811e+00  1.37901e-01  4.68168e+01  8.54338e+01  1.85674e+05 -3.04257e+05  5.56418e+02  0.00000e+00 -1.18027e+05  1.04074e+04 -1.07619e+05  1.37909e-01  1.00000e+00 -4.67559e+01  0.00000e+00  1.09698e+00 
 4.99859e-03  2.04170e-03  0.00000e+00  3.47944e+00  4.37285e-04  3.59448e+02  3.60052e+02  4.75255e+00  4.83950e+00  1.44131e-01  4.34784e+01  7.96874e+01  1.81385e+05 -2.84234e+05  5.18609e+02  0.00000e+00 -1.02331e+05  8.62531e+03 -9.37054e+04  1.44140e-01  1.00000e+00 -4.34210e+01  0.00000e+00  1.18113e+00 
 5.10055e-03  2.27996e-03  7.58893e-21  3.47944e+00  4.68749e-04  3.59460e+02  3.60052e+02  4.74247e+00  4.82863e+00  1.50963e-01  4.03503e+01  7.43386e+01  1.76035e+05 -2.65481e+05  4.83117e+02  0.00000e+00 -8.89628e+04  7.12935e+03 -8.18334e+04  1.50972e-01  1.00000e+00 -4.02959e+01  0.00000e+00  1.27920e+00 
 5.21143e-03  2.51826e-03  7.09702e-21  3.47944e+00  5.01694e-04  3.59474e+02  3.60052e+02  4.73087e+00  4.81605e+00  1.58426e-01  3.75096e+01  6.94571e+01  1.70032e+05 -2.48256e+05  4.50645e+02  0.00000e+00 -7.77727e+04  5.90052e+03 -7.18722e+04  1.58433e-01  1.00000e+00 -3.74578e+01  0.00000e+00  1.39271e+00 
 5.33068e-03  2.75659e-03  1.33300e-20  3.47944e+00  5.35283e-04  3.59489e+02  3.60053e+02  4.71763e+00  4.80174e+00  1.66430e-01  3.49712e+01  6.50987e+01  1.63859e+05 -2.32680e+05  4.21555e+02  0.00000e+00 -6.83999e+04  4.90797e+03 -6.34920e+04  1.66437e-01  1.00000e+00 -3.49217e+01  0.00000e+00  1.52313e+00 
 5.45775e-03  2.99495e-03  1.25651e-20  3.47944e+00  5.68520e-04  3.59506e+02  3.60053e+02  4.70261e+00  4.78563e+00  1.74957e-01  3.27541e+01  6.12929e+01  1.57962e+05 -2.18974e+05  3.96015e+02  0.00000e+00 -6.06162e+04  4.11706e+03 -5.64992e+04  1.74962e-01  1.00000e+00 -3.27063e+01  0.00000e+00  1.67212e+00 
 5.59212e-03  3.23333e-03  0.00000e+00  3.47944e+00  6.00325e-04  3.59524e+02  3.60053e+02  4.68569e+00  4.76757e+00  1.83955e-01  3.08532e+01  5.80456e+01  1.52740e+05 -2.07300e+05  3.73978e+02  0.00000e+00 -5.41861e+04  3.49279e+03 -5.06934e+04  1.83966e-01  1.00000e+00 -3.08067e+01  0.00000e+00  1.84195e+00 
 5.73326e-03  3.47172e-03  0.00000e+00  3.47944e+00  6.29642e-04  3.59544e+02  3.60053e+02  4.66674e+00  4.74748e+00  1.93284e-01  2.92389e+01  5.53431e+01  1.48460e+05 -1.97654e+05  3.55457e+02  0.00000e+00 -4.88389e+04  3.00340e+03 -4.58355e+04  1.93301e-01  1.00000e+00 -2.91932e+01  0.00000e+00  2.03368e+00 
 5.88069e-03  3.71014e-03 -5.35987e-21  3.47944e+00  6.55571e-04  3.59565e+02  3.60053e+02  4.64565e+00  4.72524e+00  2.02733e-01  2.78607e+01  5.31542e+01  1.45345e+05 -1.89964e+05  3.40125e+02  0.00000e+00 -4.42786e+04  2.62038e+03 -4.16582e+04  2.02752e-01  1.00000e+00 -2.78154e+01  0.00000e+00  2.24966e+00 
 6.03395e-03  3.94857e-03  5.10973e-21  3.47944e+00  6.77538e-04  3.59587e+02  3.60053e+02  4.62231e+00  4.70073e+00  2.12351e-01  2.66999e+01  5.14310e+01  1.43433e+05 -1.84309e+05  3.27770e+02  0.00000e+00 -4.05482e+04  2.31959e+03 -3.82287e+04  2.12371e-01  1.00000e+00 -2.66545e+01  0.00000e+00  2.49171e+00 
 6.19261e-03  4.18701e-03  0.00000e+00  3.47944e+00  6.95202e-04  3.59611e+02  3.60053e+02  4.59662e+00  4.67385e+00  2.22037e-01  2.57024e+01  5.01243e+01  1.42765e+05 -1.80598e+05  3.17971e+02  0.00000e+00 -3.75148e+04  2.08113e+03 -3.54337e+04  2.22058e-01  1.00000e+00 -2.56564e+01  0.00000e+00  2.76274e+00 
 6.35626e-03  4.42546e-03  0.00000e+00  3.47944e+00  7.08514e-04  3.59635e+02  3.60053e+02  4.56845e+00  4.64453e+00  2.31740e-01  2.48268e+01  4.91826e+01  1.43294e+05 -1.78720e+05  3.10419e+02  0.00000e+00 -3.51150e+04  1.88972e+03 -3.32253e+04  2.31761e-01  1.00000e+00 -2.47799e+01  0.00000e+00  3.06486e+00 
 6.52453e-03  4.66392e-03 -8.96437e-21  3.47944e+00  7.17581e-04  3.59661e+02  3.60053e+02  4.53777e+00  4.61269e+00  2.41358e-01  2.40180e+01  4.85613e+01  1.45011e+05 -1.78553e+05  3.04751e+02  0.00000e+00 -3.32369e+04  1.73295e+03 -3.15040e+04  2.41378e-01  1.00000e+00 -2.39699e+01  0.00000e+00  3.40167e+00 
 6.69707e-03  4.90238e-03  1.72236e-20  3.47944e+00  7.22699e-04  3.59687e+02  3.60053e+02  4.50441e+00  4.57820e+00  2.50883e-01  2.32393e+01  4.82176e+01  1.47854e+05 -1.80021e+05  3.00718e+02  0.00000e+00 -3.18666e+04  1.60148e+03 -3.02651e+04  2.50902e-01  1.00000e+00 -2.31895e+01  0.00000e+00  3.77606e+00 
 6.87356e-03  5.14086e-03  8.28595e-21  3.47944e+00  7.24149e-04  3.59715e+02  3.60053e+02  4.46833e+00  4.54099e+00  2.60214e-01  2.24414e+01  4.81212e+01  1.51854e+05 -1.83055e+05  2.98044e+02  0.00000e+00 -3.09031e+04  1.48783e+03 -2.94152e+04  2.60232e-01  1.00000e+00 -2.23896e+01  0.00000e+00  4.19345e+00 
 7.05370e-03  5.37934e-03 -1.59677e-20  3.47944e+00  7.22329e-04  3.59743e+02  3.60053e+02  4.42933e+00  4.50091e+00  2.69401e-01  2.15917e+01  4.82426e+01  1.56969e+05 -1.87660e+05  2.96562e+02  0.00000e+00 -3.03948e+04  1.38590e+03 -2.90089e+04  2.69418e-01  1.00000e+00 -2.15375e+01  0.00000e+00  4.65779e+00 
 7.23722e-03  5.61783e-03  0.00000e+00  3.47944e+00  7.17495e-04  3.59772e+02  3.60053e+02  4.38737e+00  4.45787e+00  2.78304e-01  2.06423e+01  4.85677e+01  1.63324e+05 -1.93825e+05  2.96073e+02  0.00000e+00 -3.02054e+04  1.29093e+03 -2.89144e+04  2.78319e-01  1.00000e+00 -2.05855e+01  0.00000e+00  5.17790e+00 
 7.42387e-03  5.85632e-03  0.00000e+00  3.47944e+00  7.10017e-04  3.59802e+02  3.60054e+02  4.34206e+00  4.41154e+00  2.87055e-01  1.95619e+01  4.90794e+01  1.70914e+05 -2.01702e+05  2.96495e+02  0.00000e+00 -3.04912e+04  1.19821e+03 -2.92930e+04  2.87069e-01  1.00000e+00 -1.95020e+01  0.00000e+00  5.75952e+00 
 7.61342e-03  6.09482e-03  0.00000e+00  3.47944e+00  7.00026e-04  3.59833e+02  3.60054e+02  4.29349e+00  4.36194e+00  2.95474e-01  1.82995e+01  4.97801e+01  1.80014e+05 -2.11389e+05  2.97696e+02  0.00000e+00 -3.10774e+04  1.10407e+03 -2.99733e+04  2.95485e-01  1.00000e+00 -1.82362e+01  0.00000e+00  6.41792e+00 
 7.80566e-03  6.33332e-03  0.00000e+00  3.47944e+00  6.87825e-04  3.59865e+02  3.60054e+02  4.24081e+00  4.30830e+00  3.03789e-01  1.68134e+01  5.06634e+01  1.90666e+05 -2.23240e+05  2.99664e+02  0.00000e+00 -3.22753e+04  1.00362e+03 -3.12717e+04  3.03798e-01  1.00000e+00 -1.67462e+01  0.00000e+00  7.16183e+00 
 8.00039e-03  6.57182e-03  0.00000e+00  3.47944e+00  6.73380e-04  3.59898e+02  3.60054e+02  4.18453e+00  4.25105e+00  3.11745e-01  1.50372e+01  5.17505e+01  2.03391e+05 -2.37532e+05  3.02339e+02  0.00000e+00 -3.38390e+04  8.92778e+02 -3.29462e+04  3.11751e-01  1.00000e+00 -1.49656e+01  0.00000e+00  8.01840e+00 
 8.19744e-03  6.81033e-03  1.31016e-20  3.47944e+00  6.56931e-04  3.59932e+02  3.60054e+02  4.12265e+00  4.18826e+00  3.19640e-01  1.28981e+01  5.30465e+01  2.18345e+05 -2.54919e+05  3.05743e+02  0.00000e+00 -3.62692e+04  7.64659e+02 -3.55045e+04  3.19648e-01  1.00000e+00 -1.28215e+01  0.00000e+00  9.00302e+00 
 8.39664e-03  7.04884e-03  0.00000e+00  3.47944e+00  6.38268e-04  3.59968e+02  3.60055e+02  4.05708e+00  4.12177e+00  3.27265e-01  1.02921e+01  5.45979e+01  2.36440e+05 -2.76138e+05  3.09993e+02  0.00000e+00 -3.93883e+04  6.12105e+02 -3.87762e+04  3.27273e-01  1.00000e+00 -1.02097e+01  0.00000e+00  1.01660e+01 
 8.59784e-03  7.28736e-03  0.00000e+00  3.47944e+00  6.17551e-04  3.60005e+02  3.60055e+02  3.98262e+00  4.04649e+00  3.34884e-01  7.06889e+00  5.64299e+01  2.58186e+05 -3.02362e+05  3.14820e+02  0.00000e+00 -4.38608e+04  4.22668e+02 -4.34381e+04  3.34893e-01  1.00000e+00 -6.97987e+00  0.00000e+00  1.15422e+01 
 8.80092e-03  7.52587e-03  0.00000e+00  3.47944e+00  5.94345e-04  3.60045e+02  3.60055e+02  3.90556e+00  3.96867e+00  3.42254e-01  3.01660e+00  5.86335e+01  2.85422e+05 -3.35212e+05  3.20703e+02  0.00000e+00 -4.94694e+04  1.79754e+02 -4.92896e+04  3.42263e-01  1.00000e+00 -2.91972e+00  0.00000e+00  1.32394e+01 
 9.00573e-03  7.76439e-03 -1.17014e-20  3.47944e+00  5.68810e-04  3.60087e+02  3.60056e+02  3.81183e+00  3.87427e+00  3.49769e-01 -5.13869e+00  6.12661e+01  3.19221e+05 -3.77380e+05  3.27548e+02  0.00000e+00 -5.78314e+04 -3.38621e+02 -5.81701e+04  3.49779e-01  1.00000e+00  5.37950e+00  0.00000e+00  1.53198e+01 
 9.21216e-03  8.00291e-03  0.00000e+00  3.47944e+00  5.40072e-04  3.60134e+02  3.60056e+02  3.71953e+00  3.78130e+00  3.57151e-01 -2.11202e+01  6.45266e+01  3.64163e+05 -4.32854e+05  3.36215e+02  0.00000e+00 -6.83551e+04 -1.38857e+03 -6.97437e+04  3.57158e-01  1.00000e+00  2.13866e+01  0.00000e+00  1.80779e+01 
 9.42012e-03  8.24144e-03  0.00000e+00  3.47944e+00  5.07999e-04  3.60187e+02  3.60056e+02  3.59320e+00  3.65458e+00  3.64825e-01 -4.35765e+01  6.86011e+01  4.23933e+05 -5.09647e+05  3.45965e+02  0.00000e+00 -8.53676e+04 -2.96486e+03 -8.83325e+04  3.64834e-01  1.00000e+00  4.38749e+01  0.00000e+00  2.16902e+01 
 9.62949e-03  8.47996e-03  0.00000e+00  3.47944e+00  4.70945e-04  3.60251e+02  3.60057e+02  3.47411e+00  3.53396e+00  3.72645e-01 -7.75448e+01  7.39992e+01  5.11963e+05 -6.21512e+05  3.60233e+02  0.00000e+00 -1.09189e+05 -5.55830e+03 -1.14748e+05  3.72649e-01  1.00000e+00  7.78862e+01  0.00000e+00  2.70446e+01 
 9.84019e-03  8.71849e-03  0.00000e+00  3.47944e+00  4.28607e-04  3.60335e+02  3.60057e+02  3.28253e+00  3.34104e+00  3.80822e-01 -1.33871e+02  8.13098e+01  6.44480e+05 -7.97502e+05  3.75573e+02  0.00000e+00 -1.52647e+05 -1.03030e+04 -1.62950e+05  3.80823e-01  1.00000e+00  1.34271e+02  0.00000e+00  3.49484e+01 
 1.00521e-02  8.95702e-03  0.00000e+00  3.47944e+00  3.77402e-04  3.60459e+02  3.60058e+02  3.10989e+00  3.16368e+00  3.89422e-01 -2.43357e+02  9.23427e+01  8.86564e+05 -1.10332e+06  3.99438e+02  0.00000e+00 -2.16361e+05 -2.07814e+04 -2.37143e+05  3.89415e-01  1.00000e+00  2.43848e+02  0.00000e+00  4.99837e+01 
 1.02653e-02  9.19555e-03  0.00000e+00  3.47944e+00  3.17122e-04  3.60682e+02  3.60059e+02  2.76554e+00  2.81036e+00  3.99618e-01 -5.08815e+02  1.09898e+02  1.38407e+06 -1.69642e+06  4.19517e+02  0.00000e+00 -3.11925e+05 -5.03543e+04 -3.62279e+05  3.99606e-01  1.00000e+00  5.09455e+02  0.00000e+00  8.31020e+01 
 1.04795e-02  9.43408e-03  0.00000e+00  3.47944e+00  2.47512e-04  3.61263e+02  3.60060e+02  2.29260e+00  2.32022e+00  4.12263e-01 -4.85116e+03  1.40808e+02  2.76809e+06 -2.86274e+06  4.59721e+02  1.45233e+06  1.35815e+06 -1.36120e+06 -3.05042e+03  4.12233e-01  1.00000e+00  4.85209e+03  3.36191e+03  2.11293e+02 
