# Code_Saturne plot output (1D profile)
#
# Iteration output: 10945
# Time output:      2.30000e+01
#
#COLUMN_TITLES: Distance | X | Y | Z | diameter_Field2 | temp_Field1 | temp_Field2 | Velocity_Field1[Z] | Velocity_Field2[Z] | vol_f_Field2 | mass_trans_Field1 | Xd_Field2 | BK | COAL | COMP | NUCL | W1 | MT | SMBR | ALPBB | CONDNUM | GAMA | GAMANUC | epsilon_Field1
 4.56474e-03  1.39645e-04  0.00000e+00  3.47944e+00  8.92100e-04  3.60304e+02  3.60120e+02  8.22270e+00  8.39104e+00  6.51027e-01 -3.21946e+01  3.89321e+01  1.58393e+05 -1.56331e+05  1.00597e+03  0.00000e+00  3.06832e+03 -1.11115e+03  1.95717e+03  6.51033e-01  1.00000e+00  3.21889e+01  0.00000e+00  9.62816e+00 
 4.57812e-03  3.76525e-04  4.25872e-21  3.47944e+00  8.90435e-04  3.60303e+02  3.60120e+02  8.22212e+00  8.39070e+00  6.51091e-01 -3.22583e+01  3.90049e+01  1.59088e+05 -1.57109e+05  1.00666e+03  0.00000e+00  2.98548e+03 -1.11532e+03  1.87016e+03  6.51097e-01  1.00000e+00  3.22526e+01  0.00000e+00  9.67036e+00 
 4.60371e-03  6.13858e-04  0.00000e+00  3.47944e+00  8.87176e-04  3.60303e+02  3.60120e+02  8.21809e+00  8.38632e+00  6.51166e-01 -3.23513e+01  3.91482e+01  1.60482e+05 -1.58639e+05  1.00995e+03  0.00000e+00  2.85283e+03 -1.12252e+03  1.73032e+03  6.51172e-01  1.00000e+00  3.23456e+01  0.00000e+00  9.75330e+00 
 4.64138e-03  8.51483e-04  0.00000e+00  3.47944e+00  8.82431e-04  3.60302e+02  3.60120e+02  8.21226e+00  8.37958e+00  6.51298e-01 -3.24678e+01  3.93587e+01  1.62542e+05 -1.60895e+05  1.01478e+03  0.00000e+00  2.66263e+03 -1.13239e+03  1.53025e+03  6.51304e-01  1.00000e+00  3.24620e+01  0.00000e+00  9.87738e+00 
 4.69084e-03  1.08931e-03  0.00000e+00  3.47944e+00  8.76223e-04  3.60302e+02  3.60120e+02  8.20429e+00  8.37028e+00  6.51476e-01 -3.26148e+01  3.96376e+01  1.65299e+05 -1.63901e+05  1.02115e+03  0.00000e+00  2.41874e+03 -1.14526e+03  1.27348e+03  6.51482e-01  1.00000e+00  3.26089e+01  0.00000e+00  1.00442e+01 
 4.75174e-03  1.32727e-03  1.05001e-20  3.47944e+00  8.68626e-04  3.60301e+02  3.60120e+02  8.19437e+00  8.35868e+00  6.51718e-01 -3.27934e+01  3.99842e+01  1.68763e+05 -1.67673e+05  1.02904e+03  0.00000e+00  2.11900e+03 -1.16117e+03  9.57822e+02  6.51724e-01  1.00000e+00  3.27875e+01  0.00000e+00  1.02557e+01 
 4.82366e-03  1.56534e-03  0.00000e+00  3.47944e+00  8.59706e-04  3.60300e+02  3.60120e+02  8.18235e+00  8.34465e+00  6.52031e-01 -3.30044e+01  4.03992e+01  1.72962e+05 -1.72244e+05  1.03840e+03  0.00000e+00  1.75595e+03 -1.18020e+03  5.75750e+02  6.52037e-01  1.00000e+00  3.29984e+01  0.00000e+00  1.05140e+01 
 4.90611e-03  1.80349e-03  8.81027e-21  3.47944e+00  8.49554e-04  3.60299e+02  3.60120e+02  8.16824e+00  8.32822e+00  6.52419e-01 -3.32465e+01  4.08820e+01  1.77929e+05 -1.77629e+05  1.04919e+03  0.00000e+00  1.34944e+03 -1.20236e+03  1.47083e+02  6.52425e-01  1.00000e+00  3.32405e+01  0.00000e+00  1.08228e+01 
 4.99859e-03  2.04170e-03  0.00000e+00  3.47944e+00  8.38256e-04  3.60297e+02  3.60120e+02  8.15195e+00  8.30935e+00  6.52851e-01 -3.35191e+01  4.14331e+01  1.83717e+05 -1.83869e+05  1.06145e+03  0.00000e+00  9.09825e+02 -1.22775e+03 -3.17922e+02  6.52855e-01  1.00000e+00  3.35129e+01  0.00000e+00  1.11843e+01 
 5.10055e-03  2.27996e-03  7.58893e-21  3.47944e+00  8.25919e-04  3.60296e+02  3.60120e+02  8.13342e+00  8.28798e+00  6.53412e-01 -3.38212e+01  4.20521e+01  1.90335e+05 -1.91000e+05  1.07495e+03  0.00000e+00  4.09880e+02 -1.25624e+03 -8.46362e+02  6.53415e-01  1.00000e+00  3.38148e+01  0.00000e+00  1.16043e+01 
 5.21143e-03  2.51826e-03  7.09702e-21  3.47944e+00  8.12634e-04  3.60294e+02  3.60120e+02  8.11256e+00  8.26405e+00  6.54035e-01 -3.41524e+01  4.27397e+01  1.97863e+05 -1.99074e+05  1.08989e+03  0.00000e+00 -1.21699e+02 -1.28806e+03 -1.40976e+03  6.54037e-01  1.00000e+00  3.41459e+01  0.00000e+00  1.20857e+01 
 5.33068e-03  2.75659e-03  1.33300e-20  3.47944e+00  7.98503e-04  3.60292e+02  3.60120e+02  8.08932e+00  8.23754e+00  6.54783e-01 -3.45112e+01  4.34962e+01  2.06339e+05 -2.08140e+05  1.10613e+03  0.00000e+00 -6.95297e+02 -1.32312e+03 -2.01842e+03  6.54785e-01  1.00000e+00  3.45046e+01  0.00000e+00  1.26361e+01 
 5.45775e-03  2.99495e-03  1.25651e-20  3.47944e+00  7.83615e-04  3.60290e+02  3.60121e+02  8.06350e+00  8.20827e+00  6.55605e-01 -3.48985e+01  4.43228e+01  2.15852e+05 -2.18279e+05  1.12370e+03  0.00000e+00 -1.30335e+03 -1.36168e+03 -2.66504e+03  6.55607e-01  1.00000e+00  3.48917e+01  0.00000e+00  1.32595e+01 
 5.59212e-03  3.23333e-03  0.00000e+00  3.47944e+00  7.68070e-04  3.60288e+02  3.60121e+02  8.03513e+00  8.17630e+00  6.56588e-01 -3.53113e+01  4.52200e+01  2.26441e+05 -2.29559e+05  1.14249e+03  0.00000e+00 -1.97455e+03 -1.40358e+03 -3.37813e+03  6.56590e-01  1.00000e+00  3.53043e+01  0.00000e+00  1.39656e+01 
 5.73326e-03  3.47172e-03  0.00000e+00  3.47944e+00  7.51937e-04  3.60286e+02  3.60121e+02  8.00388e+00  8.14130e+00  6.57615e-01 -3.57528e+01  4.61904e+01  2.38262e+05 -2.42089e+05  1.16257e+03  0.00000e+00 -2.66389e+03 -1.44936e+03 -4.11324e+03  6.57618e-01  1.00000e+00  3.57456e+01  0.00000e+00  1.47594e+01 
 5.88069e-03  3.71014e-03 -5.35987e-21  3.47944e+00  7.35311e-04  3.60284e+02  3.60121e+02  7.96999e+00  8.10350e+00  6.58833e-01 -3.62183e+01  4.72351e+01  2.51337e+05 -2.55968e+05  1.18404e+03  0.00000e+00 -3.44732e+03 -1.49865e+03 -4.94597e+03  6.58835e-01  1.00000e+00  3.62108e+01  0.00000e+00  1.56544e+01 
 6.03395e-03  3.94857e-03  5.10973e-21  3.47944e+00  7.18222e-04  3.60281e+02  3.60122e+02  7.93313e+00  8.06272e+00  6.60080e-01 -3.67202e+01  4.83593e+01  2.65899e+05 -2.71383e+05  1.20481e+03  0.00000e+00 -4.27902e+03 -1.55264e+03 -5.83166e+03  6.60083e-01  1.00000e+00  3.67125e+01  0.00000e+00  1.66570e+01 
 6.19261e-03  4.18701e-03  0.00000e+00  3.47944e+00  7.00747e-04  3.60279e+02  3.60122e+02  7.89308e+00  8.01856e+00  6.61470e-01 -3.72475e+01  4.95656e+01  2.82045e+05 -2.88443e+05  1.22888e+03  0.00000e+00 -5.16834e+03 -1.61083e+03 -6.77917e+03  6.61472e-01  1.00000e+00  3.72396e+01  0.00000e+00  1.77867e+01 
 6.35626e-03  4.42546e-03  0.00000e+00  3.47944e+00  6.82927e-04  3.60276e+02  3.60122e+02  7.84903e+00  7.97031e+00  6.62884e-01 -3.78164e+01  5.08593e+01  3.00009e+05 -3.07411e+05  1.25414e+03  0.00000e+00 -6.14787e+03 -1.67454e+03 -7.82241e+03  6.62885e-01  1.00000e+00  3.78082e+01  0.00000e+00  1.90501e+01 
 6.52453e-03  4.66392e-03 -8.96437e-21  3.47944e+00  6.64848e-04  3.60274e+02  3.60123e+02  7.80185e+00  7.91886e+00  6.64443e-01 -3.84201e+01  5.22427e+01  3.19922e+05 -3.28395e+05  1.28090e+03  0.00000e+00 -7.19224e+03 -1.74345e+03 -8.93569e+03  6.64444e-01  1.00000e+00  3.84115e+01  0.00000e+00  2.04744e+01 
 6.69707e-03  4.90238e-03  1.72236e-20  3.47944e+00  6.46520e-04  3.60271e+02  3.60123e+02  7.75001e+00  7.86270e+00  6.65992e-01 -3.90802e+01  5.37242e+01  3.42118e+05 -3.51785e+05  1.30883e+03  0.00000e+00 -8.35834e+03 -1.81944e+03 -1.01778e+04  6.65995e-01  1.00000e+00  3.90713e+01  0.00000e+00  2.20673e+01 
 6.87356e-03  5.14086e-03  8.28595e-21  3.47944e+00  6.28023e-04  3.60268e+02  3.60124e+02  7.69508e+00  7.80340e+00  6.67714e-01 -3.97893e+01  5.53070e+01  3.66753e+05 -3.77724e+05  1.33845e+03  0.00000e+00 -9.63185e+03 -1.90211e+03 -1.15340e+04  6.67717e-01  1.00000e+00  3.97800e+01  0.00000e+00  2.38684e+01 
 7.05370e-03  5.37934e-03 -1.59677e-20  3.47944e+00  6.09322e-04  3.60265e+02  3.60124e+02  7.63405e+00  7.73795e+00  6.69261e-01 -4.05859e+01  5.70051e+01  3.94519e+05 -4.06732e+05  1.36926e+03  0.00000e+00 -1.08437e+04 -1.99513e+03 -1.28388e+04  6.69263e-01  1.00000e+00  4.05761e+01  0.00000e+00  2.58894e+01 
 7.23722e-03  5.61783e-03  0.00000e+00  3.47944e+00  5.90511e-04  3.60263e+02  3.60125e+02  7.57048e+00  7.66992e+00  6.71143e-01 -4.14626e+01  5.88216e+01  4.25284e+05 -4.39132e+05  1.40213e+03  0.00000e+00 -1.24459e+04 -2.09726e+03 -1.45431e+04  6.71148e-01  1.00000e+00  4.14523e+01  0.00000e+00  2.81877e+01 
 7.42387e-03  5.85632e-03  0.00000e+00  3.47944e+00  5.71495e-04  3.60260e+02  3.60125e+02  7.49820e+00  7.59313e+00  6.72839e-01 -4.24868e+01  6.07796e+01  4.60191e+05 -4.75772e+05  1.43573e+03  0.00000e+00 -1.41453e+04 -2.21500e+03 -1.63603e+04  6.72843e-01  1.00000e+00  4.24761e+01  0.00000e+00  3.07796e+01 
 7.61342e-03  6.09482e-03  0.00000e+00  3.47944e+00  5.52343e-04  3.60258e+02  3.60126e+02  7.42535e+00  7.51576e+00  6.74924e-01 -4.36568e+01  6.28879e+01  4.99315e+05 -5.16949e+05  1.47194e+03  0.00000e+00 -1.61625e+04 -2.34766e+03 -1.85101e+04  6.74930e-01  1.00000e+00  4.36456e+01  0.00000e+00  3.37761e+01 
 7.80566e-03  6.33332e-03  0.00000e+00  3.47944e+00  5.32939e-04  3.60256e+02  3.60127e+02  7.33829e+00  7.42408e+00  6.76760e-01 -4.50987e+01  6.51786e+01  5.44186e+05 -5.64310e+05  1.50836e+03  0.00000e+00 -1.86160e+04 -2.50670e+03 -2.11227e+04  6.76767e-01  1.00000e+00  4.50868e+01  0.00000e+00  3.71728e+01 
 8.00039e-03  6.57182e-03  0.00000e+00  3.47944e+00  5.13289e-04  3.60254e+02  3.60127e+02  7.25616e+00  7.33737e+00  6.79058e-01 -4.68249e+01  6.76747e+01  5.95279e+05 -6.18440e+05  1.55014e+03  0.00000e+00 -2.16104e+04 -2.69316e+03 -2.43036e+04  6.79068e-01  1.00000e+00  4.68123e+01  0.00000e+00  4.11694e+01 
 8.19744e-03  6.81033e-03  1.31016e-20  3.47944e+00  4.93284e-04  3.60252e+02  3.60128e+02  7.14817e+00  7.22457e+00  6.80889e-01 -4.90915e+01  7.04204e+01  6.55156e+05 -6.82009e+05  1.59028e+03  0.00000e+00 -2.52626e+04 -2.93016e+03 -2.81927e+04  6.80903e-01  1.00000e+00  4.90782e+01  0.00000e+00  4.57478e+01 
 8.39664e-03  7.04884e-03  0.00000e+00  3.47944e+00  4.72788e-04  3.60251e+02  3.60129e+02  7.05741e+00  7.12915e+00  6.83442e-01 -5.19593e+01  7.34744e+01  7.25079e+05 -7.56252e+05  1.64002e+03  0.00000e+00 -2.95323e+04 -3.22375e+03 -3.27561e+04  6.83458e-01  1.00000e+00  5.19452e+01  0.00000e+00  5.13417e+01 
 8.59784e-03  7.28736e-03  0.00000e+00  3.47944e+00  4.51797e-04  3.60252e+02  3.60130e+02  6.91833e+00  6.98499e+00  6.85297e-01 -5.59877e+01  7.68897e+01  8.09081e+05 -8.46253e+05  1.68384e+03  0.00000e+00 -3.54875e+04 -3.62534e+03 -3.91129e+04  6.85317e-01  1.00000e+00  5.59727e+01  0.00000e+00  5.78285e+01 
 8.80092e-03  7.52587e-03  0.00000e+00  3.47944e+00  4.29857e-04  3.60253e+02  3.60131e+02  6.81991e+00  6.88179e+00  6.88014e-01 -6.14450e+01  8.08155e+01  9.11553e+05 -9.55666e+05  1.74852e+03  0.00000e+00 -4.23642e+04 -4.16537e+03 -4.65296e+04  6.88035e-01  1.00000e+00  6.14289e+01  0.00000e+00  6.61288e+01 
 9.00573e-03  7.76439e-03 -1.17014e-20  3.47944e+00  4.07177e-04  3.60256e+02  3.60132e+02  6.63290e+00  6.68922e+00  6.90018e-01 -6.96928e+01  8.53191e+01  1.03899e+06 -1.09374e+06  1.79565e+03  0.00000e+00 -5.29555e+04 -4.97337e+03 -5.79289e+04  6.90040e-01  1.00000e+00  6.96754e+01  0.00000e+00  7.61088e+01 
 9.21216e-03  8.00291e-03  0.00000e+00  3.47944e+00  3.82733e-04  3.60262e+02  3.60133e+02  6.52580e+00  6.57719e+00  6.92997e-01 -8.19972e+01  9.07697e+01  1.20574e+06 -1.27292e+06  1.88417e+03  0.00000e+00 -6.52971e+04 -6.19859e+03 -7.14957e+04  6.93019e-01  1.00000e+00  8.19783e+01  0.00000e+00  8.97861e+01 
 9.42012e-03  8.24144e-03  0.00000e+00  3.47944e+00  3.57062e-04  3.60273e+02  3.60135e+02  6.25925e+00  6.30400e+00  6.95236e-01 -1.02492e+02  9.72985e+01  1.42555e+06 -1.51566e+06  1.93852e+03  0.00000e+00 -8.81681e+04 -8.27871e+03 -9.64468e+04  6.95258e-01  1.00000e+00  1.02471e+02  0.00000e+00  1.07170e+02 
 9.62949e-03  8.47996e-03  0.00000e+00  3.47944e+00  3.28225e-04  3.60292e+02  3.60136e+02  6.12932e+00  6.16919e+00  6.98656e-01 -1.38116e+02  1.05849e+02  1.74563e+06 -1.86824e+06  2.06953e+03  0.00000e+00 -1.20540e+05 -1.20779e+04 -1.32618e+05  6.98678e-01  1.00000e+00  1.38093e+02  0.00000e+00  1.33490e+02 
 9.84019e-03  8.71849e-03  0.00000e+00  3.47944e+00  2.96635e-04  3.60328e+02  3.60138e+02  5.73990e+00  5.77227e+00  7.01267e-01 -2.09292e+02  1.17126e+02  2.23012e+06 -2.41483e+06  2.14293e+03  0.00000e+00 -1.82562e+05 -2.01795e+04 -2.02742e+05  7.01285e-01  1.00000e+00  2.09266e+02  0.00000e+00  1.72125e+02 
 1.00521e-02  8.95702e-03  0.00000e+00  3.47944e+00  2.58891e-04  3.60401e+02  3.60139e+02  5.52734e+00  5.55565e+00  7.05886e-01 -3.77127e+02  1.34205e+02  3.10267e+06 -3.38449e+06  2.35396e+03  0.00000e+00 -2.79470e+05 -4.14003e+04 -3.20871e+05  7.05874e-01  1.00000e+00  3.77097e+02  0.00000e+00  2.45432e+02 
 1.02653e-02  9.19555e-03  0.00000e+00  3.47944e+00  2.13315e-04  3.60589e+02  3.60142e+02  4.88304e+00  4.90501e+00  7.08634e-01 -9.17709e+02  1.62887e+02  5.02817e+06 -5.43185e+06  2.49930e+03  0.00000e+00 -4.01184e+05 -1.21799e+05 -5.22984e+05  7.08579e-01  1.00000e+00  9.17670e+02  0.00000e+00  4.07332e+02 
 1.04795e-02  9.43408e-03  0.00000e+00  3.47944e+00  1.59887e-04  3.61311e+02  3.60144e+02  4.17083e+00  4.18674e+00  7.16350e-01 -8.28199e+03  2.17327e+02  1.08629e+07 -9.57323e+06  2.89941e+03  1.05093e+06  2.34353e+06 -2.33924e+06  4.29701e+03  7.16324e-01  1.00000e+00  8.28194e+03  4.39630e+03  1.03975e+03 
