# Code_Saturne plot output (1D profile)
#
# Iteration output: 2553
# Time output:      2.30026e+01
#
#COLUMN_TITLES: Distance | X | Y | Z | diameter_Field2 | temp_Field1 | temp_Field2 | Velocity_Field1[Z] | Velocity_Field2[Z] | vol_f_Field2 | mass_trans_Field1 | Xd_Field2 | BK | COAL | COMP | NUCL | W1 | MT | SMBR | ALPBB | CONDNUM | GAMA | GAMANUC | epsilon_Field1
 4.56474e-03  1.39645e-04  0.00000e+00  3.47944e+00  1.49346e-04  3.59598e+02  3.60053e+02  4.68101e+00  4.71032e+00  8.40432e-02  7.71627e+01  2.33333e+02  3.10567e+04 -5.06001e+05  1.44349e+03  0.00000e+00 -4.73501e+05  4.01323e+04 -4.33369e+05  8.40556e-02  1.00000e+00 -7.71629e+01  0.00000e+00  6.29410e-01 
 4.57812e-03  3.76525e-04  4.25872e-21  3.47944e+00  1.70919e-04  3.59599e+02  3.60053e+02  4.68025e+00  4.71468e+00  8.48327e-02  6.49470e+01  2.03881e+02  5.90923e+04 -4.06053e+05  1.26185e+03  0.00000e+00 -3.45699e+05  2.92399e+04 -3.16459e+05  8.48464e-02  1.00000e+00 -6.49472e+01  0.00000e+00  6.36847e-01 
 4.60371e-03  6.13858e-04  0.00000e+00  3.47944e+00  1.87312e-04  3.59601e+02  3.60053e+02  4.67844e+00  4.71668e+00  8.63649e-02  5.83612e+01  1.86039e+02  8.29086e+04 -3.55277e+05  1.15188e+03  0.00000e+00 -2.71217e+05  2.35499e+04 -2.47667e+05  8.63796e-02  1.00000e+00 -5.83613e+01  0.00000e+00  6.51417e-01 
 4.64138e-03  8.51483e-04  0.00000e+00  3.47944e+00  1.99711e-04  3.59605e+02  3.60053e+02  4.67582e+00  4.71684e+00  8.86150e-02  5.47240e+01  1.74488e+02  1.02483e+05 -3.29550e+05  1.08044e+03  0.00000e+00 -2.25986e+05  2.01853e+04 -2.05801e+05  8.86299e-02  1.00000e+00 -5.47241e+01  0.00000e+00  6.73404e-01 
 4.69084e-03  1.08931e-03  0.00000e+00  3.47944e+00  2.09885e-04  3.59611e+02  3.60053e+02  4.67232e+00  4.71550e+00  9.16074e-02  5.25764e+01  1.66030e+02  1.20257e+05 -3.16698e+05  1.02787e+03  0.00000e+00 -1.95413e+05  1.78506e+04 -1.77562e+05  9.16217e-02  1.00000e+00 -5.25766e+01  0.00000e+00  7.03218e-01 
 4.75174e-03  1.32727e-03  1.05001e-20  3.47944e+00  2.18884e-04  3.59618e+02  3.60053e+02  4.66791e+00  4.71289e+00  9.53618e-02  5.12518e+01  1.59204e+02  1.37620e+05 -3.11457e+05  9.85222e+02  0.00000e+00 -1.72851e+05  1.60288e+04 -1.56823e+05  9.53760e-02  1.00000e+00 -5.12520e+01  0.00000e+00  7.41439e-01 
 4.82366e-03  1.56534e-03  0.00000e+00  3.47944e+00  2.27380e-04  3.59627e+02  3.60053e+02  4.66253e+00  4.70913e+00  9.98959e-02  5.03877e+01  1.53256e+02  1.55208e+05 -3.11124e+05  9.47848e+02  0.00000e+00 -1.54969e+05  1.44815e+04 -1.40487e+05  9.99095e-02  1.00000e+00 -5.03878e+01  0.00000e+00  7.88817e-01 
 4.90611e-03  1.80349e-03  8.81027e-21  3.47944e+00  2.35836e-04  3.59637e+02  3.60053e+02  4.65613e+00  4.70426e+00  1.05233e-01  4.97614e+01  1.47760e+02  1.73173e+05 -3.14115e+05  9.13115e+02  0.00000e+00 -1.40029e+05  1.30891e+04 -1.26940e+05  1.05249e-01  1.00000e+00 -4.97615e+01  0.00000e+00  8.46271e-01 
 4.99859e-03  2.04170e-03  0.00000e+00  3.47944e+00  2.44599e-04  3.59649e+02  3.60053e+02  4.64862e+00  4.69828e+00  1.11383e-01  4.92094e+01  1.42467e+02  1.91347e+05 -3.19299e+05  8.79515e+02  0.00000e+00 -1.27072e+05  1.17910e+04 -1.15281e+05  1.11401e-01  1.00000e+00 -4.92095e+01  0.00000e+00  9.14886e-01 
 5.10055e-03  2.27996e-03  7.58893e-21  3.47944e+00  2.53938e-04  3.59662e+02  3.60053e+02  4.63988e+00  4.69114e+00  1.18343e-01  4.86062e+01  1.37227e+02  2.09340e+05 -3.25773e+05  8.46157e+02  0.00000e+00 -1.15587e+05  1.05587e+04 -1.05028e+05  1.18359e-01  1.00000e+00 -4.86063e+01  0.00000e+00  9.95923e-01 
 5.21143e-03  2.51826e-03  7.09702e-21  3.47944e+00  2.64070e-04  3.59675e+02  3.60053e+02  4.62980e+00  4.68277e+00  1.26102e-01  4.78580e+01  1.31962e+02  2.26618e+05 -3.32793e+05  8.12556e+02  0.00000e+00 -1.05362e+05  9.38257e+03 -9.59792e+04  1.26114e-01  1.00000e+00 -4.78581e+01  0.00000e+00  1.09079e+00 
 5.33068e-03  2.75659e-03  1.33300e-20  3.47944e+00  2.75156e-04  3.59690e+02  3.60053e+02  4.61821e+00  4.67304e+00  1.34623e-01  4.68920e+01  1.26645e+02  2.42603e+05 -3.39675e+05  7.78538e+02  0.00000e+00 -9.62931e+04  8.26487e+03 -8.80282e+04  1.34627e-01  1.00000e+00 -4.68921e+01  0.00000e+00  1.20107e+00 
 5.45775e-03  2.99495e-03  1.25651e-20  3.47944e+00  2.87306e-04  3.59706e+02  3.60053e+02  4.60496e+00  4.66180e+00  1.43861e-01  4.56658e+01  1.21290e+02  2.56739e+05 -3.45871e+05  7.44177e+02  0.00000e+00 -8.83883e+04  7.21378e+03 -8.11745e+04  1.43859e-01  1.00000e+00 -4.56659e+01  0.00000e+00  1.32842e+00 
 5.59212e-03  3.23333e-03  0.00000e+00  3.47944e+00  3.00554e-04  3.59723e+02  3.60053e+02  4.58987e+00  4.64888e+00  1.53722e-01  4.41558e+01  1.15944e+02  2.68598e+05 -3.50885e+05  7.09750e+02  0.00000e+00 -8.15779e+04  6.24030e+03 -7.53376e+04  1.53714e-01  1.00000e+00 -4.41559e+01  0.00000e+00  1.47464e+00 
 5.73326e-03  3.47172e-03  0.00000e+00  3.47944e+00  3.14858e-04  3.59740e+02  3.60053e+02  4.57276e+00  4.63408e+00  1.64125e-01  4.23736e+01  1.10677e+02  2.77911e+05 -3.54450e+05  6.75686e+02  0.00000e+00 -7.58633e+04  5.35415e+03 -7.05092e+04  1.64115e-01  1.00000e+00 -4.23737e+01  0.00000e+00  1.64152e+00 
 5.88069e-03  3.71014e-03 -5.35987e-21  3.47944e+00  3.30072e-04  3.59758e+02  3.60053e+02  4.55348e+00  4.61722e+00  1.74922e-01  4.03449e+01  1.05575e+02  2.84669e+05 -3.56391e+05  6.42521e+02  0.00000e+00 -7.10794e+04  4.56267e+03 -6.65168e+04  1.74912e-01  1.00000e+00 -4.03451e+01  0.00000e+00  1.83098e+00 
 6.03395e-03  3.94857e-03  5.10973e-21  3.47944e+00  3.45950e-04  3.59776e+02  3.60053e+02  4.53190e+00  4.59811e+00  1.86022e-01  3.81258e+01  1.00730e+02  2.89060e+05 -3.56858e+05  6.10828e+02  0.00000e+00 -6.71878e+04  3.86832e+03 -6.33194e+04  1.86013e-01  1.00000e+00 -3.81260e+01  0.00000e+00  2.04482e+00 
 6.19261e-03  4.18701e-03  0.00000e+00  3.47944e+00  3.62127e-04  3.59794e+02  3.60053e+02  4.50792e+00  4.57657e+00  1.97226e-01  3.57668e+01  9.62301e+01  2.91560e+05 -3.56032e+05  5.81140e+02  0.00000e+00 -6.38910e+04  3.26991e+03 -6.06211e+04  1.97217e-01  1.00000e+00 -3.57669e+01  0.00000e+00  2.28515e+00 
 6.35626e-03  4.42546e-03  0.00000e+00  3.47944e+00  3.78169e-04  3.59813e+02  3.60053e+02  4.48147e+00  4.55241e+00  2.08490e-01  3.33394e+01  9.21482e+01  2.92707e+05 -3.54498e+05  5.53884e+02  0.00000e+00 -6.12372e+04  2.76101e+03 -5.84762e+04  2.08481e-01  1.00000e+00 -3.33396e+01  0.00000e+00  2.55384e+00 
 6.52453e-03  4.66392e-03 -8.96437e-21  3.47944e+00  3.93562e-04  3.59832e+02  3.60053e+02  4.45282e+00  4.52551e+00  2.19622e-01  3.08672e+01  8.85441e+01  2.93268e+05 -3.52731e+05  5.29346e+02  0.00000e+00 -5.89339e+04  2.33178e+03 -5.66021e+04  2.19613e-01  1.00000e+00 -3.08674e+01  0.00000e+00  2.85411e+00 
 6.69707e-03  4.90238e-03  1.72236e-20  3.47944e+00  4.07821e-04  3.59852e+02  3.60053e+02  4.42196e+00  4.49466e+00  2.30636e-01  2.83266e+01  8.54486e+01  2.93898e+05 -3.51490e+05  5.07752e+02  0.00000e+00 -5.70838e+04  1.96641e+03 -5.51173e+04  2.30629e-01  1.00000e+00 -2.83267e+01  0.00000e+00  3.18983e+00 
 6.87356e-03  5.14086e-03  8.28595e-21  3.47944e+00  4.20478e-04  3.59871e+02  3.60053e+02  4.38834e+00  4.46029e+00  2.41404e-01  2.58591e+01  8.28766e+01  2.95270e+05 -3.51280e+05  4.89046e+02  0.00000e+00 -5.55206e+04  1.66342e+03 -5.38572e+04  2.41397e-01  1.00000e+00 -2.58592e+01  0.00000e+00  3.56595e+00 
 7.05370e-03  5.37934e-03 -1.59677e-20  3.47944e+00  4.31204e-04  3.59891e+02  3.60053e+02  4.35162e+00  4.42264e+00  2.52048e-01  2.34688e+01  8.08154e+01  2.97723e+05 -3.52764e+05  4.73193e+02  0.00000e+00 -5.45677e+04  1.40994e+03 -5.31577e+04  2.52042e-01  1.00000e+00 -2.34690e+01  0.00000e+00  3.98595e+00 
 7.23722e-03  5.61783e-03  0.00000e+00  3.47944e+00  4.39685e-04  3.59911e+02  3.60053e+02  4.31182e+00  4.38187e+00  2.62330e-01  2.11183e+01  7.92568e+01  3.01857e+05 -3.56192e+05  4.60081e+02  0.00000e+00 -5.38754e+04  1.19549e+03 -5.26799e+04  2.62325e-01  1.00000e+00 -2.11184e+01  0.00000e+00  4.45740e+00 
 7.42387e-03  5.85632e-03  0.00000e+00  3.47944e+00  4.45796e-04  3.59931e+02  3.60053e+02  4.26861e+00  4.33770e+00  2.72429e-01  1.87756e+01  7.81707e+01  3.07840e+05 -3.62158e+05  4.49509e+02  0.00000e+00 -5.38682e+04  1.00944e+03 -5.28587e+04  2.72425e-01  1.00000e+00 -1.87757e+01  0.00000e+00  4.98567e+00 
 7.61342e-03  6.09482e-03  0.00000e+00  3.47944e+00  4.49389e-04  3.59952e+02  3.60054e+02  4.22207e+00  4.29021e+00  2.82101e-01  1.63846e+01  7.75459e+01  3.16270e+05 -3.70903e+05  4.41293e+02  0.00000e+00 -5.41921e+04  8.43892e+02 -5.33482e+04  2.82096e-01  1.00000e+00 -1.63847e+01  0.00000e+00  5.58370e+00 
 7.80566e-03  6.33332e-03  0.00000e+00  3.47944e+00  4.50522e-04  3.59972e+02  3.60054e+02  4.17149e+00  4.23871e+00  2.91617e-01  1.38916e+01  7.73512e+01  3.27208e+05 -3.83095e+05  4.35196e+02  0.00000e+00 -5.54520e+04  6.90404e+02 -5.47616e+04  2.91613e-01  1.00000e+00 -1.38918e+01  0.00000e+00  6.25971e+00 
 8.00039e-03  6.57182e-03  0.00000e+00  3.47944e+00  4.49116e-04  3.59993e+02  3.60054e+02  4.11722e+00  4.18356e+00  3.00678e-01  1.12217e+01  7.75938e+01  3.41510e+05 -3.99120e+05  4.31082e+02  0.00000e+00 -5.71790e+04  5.42602e+02 -5.66364e+04  3.00674e-01  1.00000e+00 -1.12219e+01  0.00000e+00  7.03771e+00 
 8.19744e-03  6.81033e-03  1.31016e-20  3.47944e+00  4.45318e-04  3.60015e+02  3.60054e+02  4.05763e+00  4.12307e+00  3.09651e-01  8.28978e+00  7.82559e+01  3.59273e+05 -4.19962e+05  4.28759e+02  0.00000e+00 -6.02596e+04  3.92542e+02 -5.98671e+04  3.09648e-01  1.00000e+00 -8.28995e+00  0.00000e+00  7.93109e+00 
 8.39664e-03  7.04884e-03  0.00000e+00  3.47944e+00  4.39012e-04  3.60037e+02  3.60054e+02  3.99411e+00  4.05870e+00  3.18182e-01  4.98199e+00  7.93803e+01  3.81984e+05 -4.46517e+05  4.28220e+02  0.00000e+00 -6.41045e+04  2.32887e+02 -6.38716e+04  3.18179e-01  1.00000e+00 -4.98217e+00  0.00000e+00  8.98741e+00 
 8.59784e-03  7.28736e-03  0.00000e+00  3.47944e+00  4.30367e-04  3.60059e+02  3.60055e+02  3.92246e+00  3.98614e+00  3.26728e-01  1.14148e+00  8.09753e+01  4.09992e+05 -4.80521e+05  4.29274e+02  0.00000e+00 -7.00995e+04  5.30143e+01 -7.00465e+04  3.26725e-01  1.00000e+00 -1.14167e+00  0.00000e+00  1.02308e+01 
 8.80092e-03  7.52587e-03  0.00000e+00  3.47944e+00  4.19143e-04  3.60083e+02  3.60055e+02  3.84706e+00  3.90973e+00  3.34867e-01 -7.90616e+00  8.31442e+01  4.46191e+05 -5.24085e+05  4.32203e+02  0.00000e+00 -7.74616e+04 -3.67783e+02 -7.78293e+04  3.34864e-01  1.00000e+00  7.90576e+00  0.00000e+00  1.17638e+01 
 9.00573e-03  7.76439e-03 -1.17014e-20  3.47944e+00  4.05450e-04  3.60109e+02  3.60055e+02  3.75813e+00  3.81930e+00  3.43126e-01 -2.09563e+01  8.59529e+01  4.91902e+05 -5.80891e+05  4.36770e+02  0.00000e+00 -8.85513e+04 -9.83556e+02 -8.95348e+04  3.43124e-01  1.00000e+00  2.09558e+01  0.00000e+00  1.36436e+01 
 9.21216e-03  8.00291e-03  0.00000e+00  3.47944e+00  3.88728e-04  3.60138e+02  3.60056e+02  3.66902e+00  3.72656e+00  3.51118e-01 -3.81361e+01  8.96509e+01  5.54282e+05 -6.56858e+05  4.43717e+02  0.00000e+00 -1.02132e+05 -1.82440e+03 -1.03957e+05  3.51116e-01  1.00000e+00  3.81357e+01  0.00000e+00  1.61622e+01 
 9.42012e-03  8.24144e-03  0.00000e+00  3.47944e+00  3.69136e-04  3.60173e+02  3.60056e+02  3.54803e+00  3.60120e+00  3.59421e-01 -6.22870e+01  9.44099e+01  6.37350e+05 -7.60894e+05  4.51982e+02  0.00000e+00 -1.23092e+05 -3.06545e+03 -1.26157e+05  3.59420e-01  1.00000e+00  6.22865e+01  0.00000e+00  1.94712e+01 
 9.62949e-03  8.47996e-03  0.00000e+00  3.47944e+00  3.45785e-04  3.60217e+02  3.60056e+02  3.43239e+00  3.48072e+00  3.67672e-01 -9.92576e+01  1.00786e+02  7.59683e+05 -9.10053e+05  4.64735e+02  0.00000e+00 -1.49906e+05 -5.09789e+03 -1.55004e+05  3.67670e-01  1.00000e+00  9.92570e+01  0.00000e+00  2.43963e+01 
 9.84019e-03  8.71849e-03  0.00000e+00  3.47944e+00  3.18767e-04  3.60278e+02  3.60057e+02  3.25176e+00  3.29513e+00  3.76274e-01 -1.61666e+02  1.09330e+02  9.41018e+05 -1.13259e+06  4.77736e+02  0.00000e+00 -1.91097e+05 -8.80107e+03 -1.99898e+05  3.76274e-01  1.00000e+00  1.61665e+02  0.00000e+00  3.17661e+01 
 1.00521e-02  8.95702e-03  0.00000e+00  3.47944e+00  2.86667e-04  3.60377e+02  3.60058e+02  3.07499e+00  3.11346e+00  3.85020e-01 -2.84774e+02  1.21574e+02  1.25729e+06 -1.48949e+06  4.97944e+02  0.00000e+00 -2.31703e+05 -1.68478e+04 -2.48551e+05  3.85018e-01  1.00000e+00  2.84774e+02  0.00000e+00  4.56160e+01 
 1.02653e-02  9.19555e-03  0.00000e+00  3.47944e+00  2.51174e-04  3.60572e+02  3.60058e+02  2.74336e+00  2.77477e+00  3.95117e-01 -5.79592e+02  1.38755e+02  1.84377e+06 -2.05846e+06  5.04099e+02  0.00000e+00 -2.14186e+05 -3.81355e+04 -2.52321e+05  3.95116e-01  1.00000e+00  5.79591e+02  0.00000e+00  7.56284e+01 
 1.04795e-02  9.43408e-03  0.00000e+00  3.47944e+00  2.18933e-04  3.61132e+02  3.60059e+02  2.27777e+00  2.29801e+00  4.05805e-01 -4.88135e+03  1.59191e+02  3.19555e+06 -2.48223e+06  4.96356e+02  5.21543e+05  1.23536e+06 -1.22898e+06  6.38265e+03  4.05800e-01  1.00000e+00  4.88135e+03  3.32735e+03  1.91916e+02 
