# Code_Saturne plot output (1D profile)
#
# Iteration output: 6688
# Time output:      2.30005e+01
#
#COLUMN_TITLES: Distance | X | Y | Z | diameter_Field2 | temp_Field1 | temp_Field2 | Velocity_Field1[Z] | Velocity_Field2[Z] | vol_f_Field2 | mass_trans_Field1 | Xd_Field2 | BK | COAL | COMP | NUCL | W1 | MT | SMBR | ALPBB | CONDNUM | GAMA | GAMANUC | epsilon_Field1
 4.56474e-03  1.39645e-04  0.00000e+00  3.47944e+00  1.19885e-03  3.60266e+02  3.60086e+02  6.90656e+00  7.11699e+00  5.56361e-01 -2.10554e+01  2.90160e+01  4.90951e+04 -5.03860e+04  4.75824e+02  0.00000e+00 -8.15077e+02 -3.94912e+02 -1.20999e+03  5.56359e-01  1.00000e+00  2.10700e+01  0.00000e+00  6.60608e+00 
 4.57812e-03  3.76525e-04  4.25872e-21  3.47944e+00  1.19982e-03  3.60266e+02  3.60086e+02  6.90556e+00  7.11694e+00  5.56342e-01 -2.10490e+01  2.89926e+01  4.91139e+04 -5.00003e+04  4.75464e+02  0.00000e+00 -4.10901e+02 -3.94488e+02 -8.05388e+02  5.56340e-01  1.00000e+00  2.10636e+01  0.00000e+00  6.63647e+00 
 4.60371e-03  6.13858e-04  0.00000e+00  3.47944e+00  1.19853e-03  3.60266e+02  3.60086e+02  6.90194e+00  7.11406e+00  5.56270e-01 -2.10917e+01  2.90238e+01  4.93628e+04 -4.98628e+04  4.75845e+02  0.00000e+00 -2.41338e+01 -3.95764e+02 -4.19898e+02  5.56268e-01  1.00000e+00  2.11063e+01  0.00000e+00  6.69568e+00 
 4.64138e-03  8.51483e-04  0.00000e+00  3.47944e+00  1.19454e-03  3.60265e+02  3.60086e+02  6.89682e+00  7.10880e+00  5.56125e-01 -2.11777e+01  2.91206e+01  4.98754e+04 -5.00636e+04  4.77162e+02  0.00000e+00  2.89012e+02 -3.98809e+02 -1.09796e+02  5.56123e-01  1.00000e+00  2.11924e+01  0.00000e+00  6.78350e+00 
 4.69084e-03  1.08931e-03  0.00000e+00  3.47944e+00  1.18759e-03  3.60265e+02  3.60086e+02  6.88985e+00  7.10106e+00  5.55932e-01 -2.13222e+01  2.92912e+01  5.06763e+04 -5.06719e+04  4.79540e+02  0.00000e+00  4.83900e+02 -4.04023e+02  7.98768e+01  5.55930e-01  1.00000e+00  2.13371e+01  0.00000e+00  6.90061e+00 
 4.75174e-03  1.32727e-03  1.05001e-20  3.47944e+00  1.17757e-03  3.60265e+02  3.60087e+02  6.88117e+00  7.09103e+00  5.55687e-01 -2.15325e+01  2.95403e+01  5.17881e+04 -5.17356e+04  4.83070e+02  0.00000e+00  5.35656e+02 -4.11658e+02  1.23998e+02  5.55686e-01  1.00000e+00  2.15475e+01  0.00000e+00  7.04791e+00 
 4.82366e-03  1.56534e-03  0.00000e+00  3.47944e+00  1.16464e-03  3.60264e+02  3.60087e+02  6.87067e+00  7.07864e+00  5.55415e-01 -2.18103e+01  2.98684e+01  5.32220e+04 -5.32746e+04  4.87746e+02  0.00000e+00  4.35179e+02 -4.21808e+02  1.33713e+01  5.55414e-01  1.00000e+00  2.18256e+01  0.00000e+00  7.22672e+00 
 4.90611e-03  1.80349e-03  8.81027e-21  3.47944e+00  1.14910e-03  3.60264e+02  3.60087e+02  6.85833e+00  7.06391e+00  5.55117e-01 -2.21542e+01  3.02725e+01  5.49851e+04 -5.52883e+04  4.93535e+02  0.00000e+00  1.90245e+02 -4.34490e+02 -2.44244e+02  5.55117e-01  1.00000e+00  2.21698e+01  0.00000e+00  7.43858e+00 
 4.99859e-03  2.04170e-03  0.00000e+00  3.47944e+00  1.13135e-03  3.60264e+02  3.60087e+02  6.84407e+00  7.04679e+00  5.54828e-01 -2.25601e+01  3.07474e+01  5.70766e+04 -5.77610e+04  5.00321e+02  0.00000e+00 -1.84108e+02 -4.49628e+02 -6.33736e+02  5.54827e-01  1.00000e+00  2.25760e+01  0.00000e+00  7.68541e+00 
 5.10055e-03  2.27996e-03  7.58893e-21  3.47944e+00  1.11182e-03  3.60263e+02  3.60087e+02  6.82779e+00  7.02718e+00  5.54568e-01 -2.30236e+01  3.12877e+01  5.94996e+04 -6.06722e+04  5.07976e+02  0.00000e+00 -6.64552e+02 -4.67148e+02 -1.13170e+03  5.54567e-01  1.00000e+00  2.30399e+01  0.00000e+00  7.97019e+00 
 5.21143e-03  2.51826e-03  7.09702e-21  3.47944e+00  1.09091e-03  3.60262e+02  3.60087e+02  6.80924e+00  7.00468e+00  5.54366e-01 -2.35362e+01  3.18874e+01  6.22517e+04 -6.40074e+04  5.16387e+02  0.00000e+00 -1.23927e+03 -4.86880e+02 -1.72615e+03  5.54365e-01  1.00000e+00  2.35529e+01  0.00000e+00  8.29456e+00 
 5.33068e-03  2.75659e-03  1.33300e-20  3.47944e+00  1.06894e-03  3.60262e+02  3.60087e+02  6.78900e+00  6.97965e+00  5.54318e-01 -2.40905e+01  3.25428e+01  6.53370e+04 -6.77552e+04  5.25450e+02  0.00000e+00 -1.89269e+03 -5.08635e+02 -2.40132e+03  5.54317e-01  1.00000e+00  2.41077e+01  0.00000e+00  8.66407e+00 
 5.45775e-03  2.99495e-03  1.25651e-20  3.47944e+00  1.04616e-03  3.60261e+02  3.60087e+02  6.76651e+00  6.95361e+00  5.54361e-01 -2.47421e+01  3.32517e+01  6.87812e+04 -7.19146e+04  5.35215e+02  0.00000e+00 -2.59819e+03 -5.33731e+02 -3.13192e+03  5.54359e-01  1.00000e+00  2.47597e+01  0.00000e+00  9.08233e+00 
 5.59212e-03  3.23333e-03  0.00000e+00  3.47944e+00  1.02282e-03  3.60260e+02  3.60087e+02  6.74131e+00  6.92509e+00  5.54447e-01 -2.54600e+01  3.40104e+01  7.26086e+04 -7.64643e+04  5.45501e+02  0.00000e+00 -3.31019e+03 -5.61664e+02 -3.87185e+03  5.54446e-01  1.00000e+00  2.54783e+01  0.00000e+00  9.55430e+00 
 5.73326e-03  3.47172e-03  0.00000e+00  3.47944e+00  9.99183e-04  3.60259e+02  3.60088e+02  6.71369e+00  6.89344e+00  5.54666e-01 -2.62205e+01  3.48152e+01  7.68107e+04 -8.14233e+04  5.56238e+02  0.00000e+00 -4.05639e+03 -5.91897e+02 -4.64829e+03  5.54666e-01  1.00000e+00  2.62395e+01  0.00000e+00  1.00812e+01 
 5.88069e-03  3.71014e-03 -5.35987e-21  3.47944e+00  9.75337e-04  3.60259e+02  3.60088e+02  6.68352e+00  6.85892e+00  5.55016e-01 -2.70361e+01  3.56665e+01  8.14217e+04 -8.68084e+04  5.67354e+02  0.00000e+00 -4.81933e+03 -6.24837e+02 -5.44417e+03  5.55017e-01  1.00000e+00  2.70557e+01  0.00000e+00  1.06700e+01 
 6.03395e-03  3.94857e-03  5.10973e-21  3.47944e+00  9.51408e-04  3.60258e+02  3.60088e+02  6.65062e+00  6.82143e+00  5.55522e-01 -2.79156e+01  3.65637e+01  8.64626e+04 -9.26464e+04  5.78880e+02  0.00000e+00 -5.60495e+03 -6.60794e+02 -6.26574e+03  5.55522e-01  1.00000e+00  2.79359e+01  0.00000e+00  1.13252e+01 
 6.19261e-03  4.18701e-03  0.00000e+00  3.47944e+00  9.27425e-04  3.60257e+02  3.60088e+02  6.61489e+00  6.78096e+00  5.56194e-01 -2.88673e+01  3.75095e+01  9.19838e+04 -9.89669e+04  5.90828e+02  0.00000e+00 -6.39230e+03 -7.00154e+02 -7.09245e+03  5.56191e-01  1.00000e+00  2.88884e+01  0.00000e+00  1.20573e+01 
 6.35626e-03  4.42546e-03  0.00000e+00  3.47944e+00  9.03468e-04  3.60257e+02  3.60089e+02  6.57606e+00  6.73724e+00  5.57068e-01 -2.99025e+01  3.85043e+01  9.80061e+04 -1.05834e+05  6.03145e+02  0.00000e+00 -7.22501e+03 -7.43334e+02 -7.96834e+03  5.57063e-01  1.00000e+00  2.99244e+01  0.00000e+00  1.28707e+01 
 6.52453e-03  4.66392e-03 -8.96437e-21  3.47944e+00  8.79504e-04  3.60256e+02  3.60089e+02  6.53419e+00  6.69032e+00  5.58123e-01 -3.10326e+01  3.95537e+01  1.04611e+05 -1.13301e+05  6.15890e+02  0.00000e+00 -8.07424e+03 -7.90958e+02 -8.86520e+03  5.58115e-01  1.00000e+00  3.10554e+01  0.00000e+00  1.37802e+01 
 6.69707e-03  4.90238e-03  1.72236e-20  3.47944e+00  8.55584e-04  3.60255e+02  3.60089e+02  6.48875e+00  6.63972e+00  5.59371e-01 -3.22760e+01  4.06597e+01  1.11839e+05 -1.21459e+05  6.29012e+02  0.00000e+00 -8.99101e+03 -8.43767e+02 -9.83477e+03  5.59363e-01  1.00000e+00  3.22997e+01  0.00000e+00  1.47928e+01 
 6.87356e-03  5.14086e-03  8.28595e-21  3.47944e+00  8.31616e-04  3.60255e+02  3.60090e+02  6.44007e+00  6.58579e+00  5.60769e-01 -3.36533e+01  4.18319e+01  1.19818e+05 -1.30402e+05  6.42695e+02  0.00000e+00 -9.94061e+03 -9.02879e+02 -1.08435e+04  5.60762e-01  1.00000e+00  3.36781e+01  0.00000e+00  1.59292e+01 
 7.05370e-03  5.37934e-03 -1.59677e-20  3.47944e+00  8.07628e-04  3.60255e+02  3.60090e+02  6.38712e+00  6.52748e+00  5.62317e-01 -3.51945e+01  4.30747e+01  1.28625e+05 -1.40267e+05  6.56806e+02  0.00000e+00 -1.09850e+04 -9.69601e+02 -1.19546e+04  5.62311e-01  1.00000e+00  3.52204e+01  0.00000e+00  1.72003e+01 
 7.23722e-03  5.61783e-03  0.00000e+00  3.47944e+00  7.83465e-04  3.60255e+02  3.60090e+02  6.33080e+00  6.46573e+00  5.63986e-01 -3.69382e+01  4.44035e+01  1.38455e+05 -1.51240e+05  6.71706e+02  0.00000e+00 -1.21138e+04 -1.04592e+03 -1.31598e+04  5.63982e-01  1.00000e+00  3.69654e+01  0.00000e+00  1.86372e+01 
 7.42387e-03  5.85632e-03  0.00000e+00  3.47944e+00  7.59148e-04  3.60255e+02  3.60091e+02  6.26888e+00  6.39825e+00  5.65827e-01 -3.89347e+01  4.58263e+01  1.49419e+05 -1.63556e+05  6.86834e+02  0.00000e+00 -1.34504e+04 -1.13407e+03 -1.45844e+04  5.65824e-01  1.00000e+00  3.89632e+01  0.00000e+00  2.02580e+01 
 7.61342e-03  6.09482e-03  0.00000e+00  3.47944e+00  7.34427e-04  3.60256e+02  3.60091e+02  6.20397e+00  6.32762e+00  5.67835e-01 -4.12574e+01  4.73693e+01  1.61867e+05 -1.77506e+05  7.02799e+02  0.00000e+00 -1.49356e+04 -1.23779e+03 -1.61734e+04  5.67832e-01  1.00000e+00  4.12874e+01  0.00000e+00  2.21234e+01 
 7.80566e-03  6.33332e-03  0.00000e+00  3.47944e+00  7.09329e-04  3.60257e+02  3.60092e+02  6.13090e+00  6.24864e+00  5.69919e-01 -4.39976e+01  4.90458e+01  1.75994e+05 -1.93614e+05  7.19368e+02  0.00000e+00 -1.69007e+04 -1.36171e+03 -1.82625e+04  5.69916e-01  1.00000e+00  4.40292e+01  0.00000e+00  2.42398e+01 
 8.00039e-03  6.57182e-03  0.00000e+00  3.47944e+00  6.83513e-04  3.60259e+02  3.60092e+02  6.05666e+00  6.16839e+00  5.72069e-01 -4.72975e+01  5.08987e+01  1.92474e+05 -2.12293e+05  7.37638e+02  0.00000e+00 -1.90819e+04 -1.51341e+03 -2.05953e+04  5.72064e-01  1.00000e+00  4.73309e+01  0.00000e+00  2.67313e+01 
 8.19744e-03  6.81033e-03  1.31016e-20  3.47944e+00  6.57152e-04  3.60261e+02  3.60093e+02  5.96794e+00  6.07358e+00  5.74247e-01 -5.13387e+01  5.29411e+01  2.11549e+05 -2.34411e+05  7.56307e+02  0.00000e+00 -2.21062e+04 -1.70213e+03 -2.38083e+04  5.74243e-01  1.00000e+00  5.13742e+01  0.00000e+00  2.95996e+01 
 8.39664e-03  7.04884e-03  0.00000e+00  3.47944e+00  6.29744e-04  3.60265e+02  3.60093e+02  5.88377e+00  5.98319e+00  5.76544e-01 -5.64016e+01  5.52459e+01  2.34458e+05 -2.60728e+05  7.78145e+02  0.00000e+00 -2.54920e+04 -1.94358e+03 -2.74356e+04  5.76538e-01  1.00000e+00  5.64394e+01  0.00000e+00  3.30871e+01 
 8.59784e-03  7.28736e-03  0.00000e+00  3.47944e+00  6.01579e-04  3.60270e+02  3.60094e+02  5.77145e+00  5.86452e+00  5.78829e-01 -6.28919e+01  5.78332e+01  2.61658e+05 -2.92942e+05  7.99426e+02  0.00000e+00 -3.04848e+04 -2.25970e+03 -3.27445e+04  5.78823e-01  1.00000e+00  6.29325e+01  0.00000e+00  3.71808e+01 
 8.80092e-03  7.52587e-03  0.00000e+00  3.47944e+00  5.71819e-04  3.60277e+02  3.60095e+02  5.67734e+00  5.76389e+00  5.81288e-01 -7.14759e+01  6.08439e+01  2.95787e+05 -3.32691e+05  8.27391e+02  0.00000e+00 -3.60767e+04 -2.69028e+03 -3.87670e+04  5.81280e-01  1.00000e+00  7.15196e+01  0.00000e+00  4.24041e+01 
 9.00573e-03  7.76439e-03 -1.17014e-20  3.47944e+00  5.40984e-04  3.60288e+02  3.60096e+02  5.52704e+00  5.60681e+00  5.83713e-01 -8.31893e+01  6.43129e+01  3.37762e+05 -3.83834e+05  8.52643e+02  0.00000e+00 -4.52194e+04 -3.29578e+03 -4.85152e+04  5.83705e-01  1.00000e+00  8.32368e+01  0.00000e+00  4.87032e+01 
 9.21216e-03  8.00291e-03  0.00000e+00  3.47944e+00  5.07576e-04  3.60302e+02  3.60096e+02  5.42192e+00  5.49466e+00  5.86433e-01 -9.99736e+01  6.85469e+01  3.94098e+05 -4.50731e+05  8.91960e+02  0.00000e+00 -5.57411e+04 -4.20169e+03 -5.99428e+04  5.86423e-01  1.00000e+00  1.00026e+02  0.00000e+00  5.73607e+01 
 9.42012e-03  8.24144e-03  0.00000e+00  3.47944e+00  4.72445e-04  3.60323e+02  3.60098e+02  5.20478e+00  5.26956e+00  5.89170e-01 -1.25130e+02  7.36457e+01  4.67752e+05 -5.43669e+05  9.23217e+02  0.00000e+00 -7.49938e+04 -5.62356e+03 -8.06173e+04  5.89160e-01  1.00000e+00  1.25188e+02  0.00000e+00  6.83820e+01 
 9.62949e-03  8.47996e-03  0.00000e+00  3.47944e+00  4.32909e-04  3.60356e+02  3.60098e+02  5.07920e+00  5.13679e+00  5.92267e-01 -1.66381e+02  8.03727e+01  5.78015e+05 -6.79059e+05  9.81730e+02  0.00000e+00 -1.00062e+05 -8.11715e+03 -1.08179e+05  5.92261e-01  1.00000e+00  1.66447e+02  0.00000e+00  8.52446e+01 
 9.84019e-03  8.71849e-03  0.00000e+00  3.47944e+00  3.89867e-04  3.60409e+02  3.60100e+02  4.75736e+00  4.80656e+00  5.95393e-01 -2.40100e+02  8.92484e+01  7.43570e+05 -8.92193e+05  1.02223e+03  0.00000e+00 -1.47601e+05 -1.29374e+04 -1.60538e+05  5.95394e-01  1.00000e+00  2.40176e+02  0.00000e+00  1.09981e+02 
 1.00521e-02  8.95702e-03  0.00000e+00  3.47944e+00  3.38637e-04  3.60505e+02  3.60101e+02  4.56337e+00  4.60599e+00  5.99085e-01 -3.98492e+02  1.02752e+02  1.05061e+06 -1.27066e+06  1.12133e+03  0.00000e+00 -2.18923e+05 -2.45669e+04 -2.43490e+05  5.99095e-01  1.00000e+00  3.98585e+02  0.00000e+00  1.57501e+02 
 1.02653e-02  9.19555e-03  0.00000e+00  3.47944e+00  2.78898e-04  3.60717e+02  3.60103e+02  4.00950e+00  4.04421e+00  6.02658e-01 -8.32913e+02  1.24766e+02  1.70153e+06 -2.05290e+06  1.18940e+03  0.00000e+00 -3.50189e+05 -6.19726e+04 -4.12162e+05  6.02683e-01  1.00000e+00  8.33033e+02  0.00000e+00  2.60473e+02 
 1.04795e-02  9.43408e-03  0.00000e+00  3.47944e+00  2.07521e-04  3.61391e+02  3.60105e+02  3.38707e+00  3.40946e+00  6.08884e-01 -6.92020e+03  1.67685e+02  3.75181e+06 -3.68625e+06  1.37581e+03  1.37655e+06  1.44349e+06 -1.43899e+06  4.49924e+03  6.08915e-01  1.00000e+00  6.92037e+03  4.10748e+03  6.60170e+02 
