# Code_Saturne plot output (1D profile)
#
# Iteration output: 2526
# Time output:      2.30045e+01
#
#COLUMN_TITLES: Distance | X | Y | Z | diameter_Field2 | temp_Field1 | temp_Field2 | Velocity_Field1[Z] | Velocity_Field2[Z] | vol_f_Field2 | mass_trans_Field1 | Xd_Field2 | BK | COAL | COMP | NUCL | W1 | MT | SMBR | ALPBB | CONDNUM | GAMA | GAMANUC | epsilon_Field1
 4.56474e-03  1.39645e-04  0.00000e+00  3.47944e+00  3.66764e-04  3.59981e+02  3.60057e+02  5.11061e+00  5.19132e+00  2.01663e-01  1.16520e+01  9.49902e+01  2.70446e+05 -6.01792e+05  7.25358e+02  0.00000e+00 -3.30620e+05  3.32312e+03 -3.27297e+05  2.01660e-01  1.00000e+00 -1.16514e+01  0.00000e+00  1.34537e+00 
 4.57812e-03  3.76525e-04  4.25872e-21  3.47944e+00  3.94363e-04  3.59981e+02  3.60057e+02  5.10865e+00  5.19633e+00  2.02527e-01  1.05663e+01  8.83423e+01  2.55379e+05 -5.29308e+05  6.75140e+02  0.00000e+00 -2.73254e+05  2.79061e+03 -2.70463e+05  2.02524e-01  1.00000e+00 -1.05658e+01  0.00000e+00  1.35922e+00 
 4.60371e-03  6.13858e-04  0.00000e+00  3.47944e+00  4.13997e-04  3.59982e+02  3.60057e+02  5.10588e+00  5.19704e+00  2.03991e-01  9.82310e+00  8.41528e+01  2.46565e+05 -4.88747e+05  6.43571e+02  0.00000e+00 -2.41538e+05  2.45355e+03 -2.39084e+05  2.03987e-01  1.00000e+00 -9.82261e+00  0.00000e+00  1.38592e+00 
 4.64138e-03  8.51483e-04  0.00000e+00  3.47944e+00  4.31799e-04  3.59984e+02  3.60057e+02  5.10199e+00  5.19446e+00  2.05941e-01  9.16369e+00  8.06834e+01  2.40035e+05 -4.58374e+05  6.17025e+02  0.00000e+00 -2.17721e+05  2.17370e+03 -2.15548e+05  2.05936e-01  1.00000e+00 -9.16322e+00  0.00000e+00  1.42587e+00 
 4.69084e-03  1.08931e-03  0.00000e+00  3.47944e+00  4.50474e-04  3.59986e+02  3.60057e+02  5.09681e+00  5.18967e+00  2.08607e-01  8.51655e+00  7.73385e+01  2.33935e+05 -4.31373e+05  5.91114e+02  0.00000e+00 -1.96847e+05  1.91170e+03 -1.94936e+05  2.08601e-01  1.00000e+00 -8.51610e+00  0.00000e+00  1.47915e+00 
 4.75174e-03  1.32727e-03  1.05001e-20  3.47944e+00  4.70906e-04  3.59989e+02  3.60057e+02  5.09028e+00  5.18296e+00  2.11871e-01  7.85634e+00  7.39829e+01  2.27700e+05 -4.05442e+05  5.64942e+02  0.00000e+00 -1.77177e+05  1.66100e+03 -1.75516e+05  2.11866e-01  1.00000e+00 -7.85591e+00  0.00000e+00  1.54658e+00 
 4.82366e-03  1.56534e-03  0.00000e+00  3.47944e+00  4.93382e-04  3.59992e+02  3.60057e+02  5.08234e+00  5.17451e+00  2.15738e-01  7.18560e+00  7.06126e+01  2.21102e+05 -3.80030e+05  5.38502e+02  0.00000e+00 -1.58390e+05  1.42399e+03 -1.56966e+05  2.15733e-01  1.00000e+00 -7.18519e+00  0.00000e+00  1.62898e+00 
 4.90611e-03  1.80349e-03  8.81027e-21  3.47944e+00  5.17699e-04  3.59996e+02  3.60057e+02  5.07291e+00  5.16436e+00  2.20149e-01  6.51551e+00  6.72959e+01  2.14234e+05 -3.55307e+05  5.12363e+02  0.00000e+00 -1.40560e+05  1.20589e+03 -1.39354e+05  2.20143e-01  1.00000e+00 -6.51512e+00  0.00000e+00  1.72750e+00 
 4.99859e-03  2.04170e-03  0.00000e+00  3.47944e+00  5.43379e-04  3.60000e+02  3.60057e+02  5.06192e+00  5.15250e+00  2.25107e-01  5.85953e+00  6.41154e+01  2.07309e+05 -3.31782e+05  4.87196e+02  0.00000e+00 -1.23985e+05  1.01046e+03 -1.22975e+05  2.25102e-01  1.00000e+00 -5.85915e+00  0.00000e+00  1.84333e+00 
 5.10055e-03  2.27996e-03  7.58893e-21  3.47944e+00  5.69664e-04  3.60005e+02  3.60057e+02  5.04926e+00  5.13889e+00  2.30557e-01  5.22750e+00  6.11571e+01  2.00668e+05 -3.09999e+05  4.63664e+02  0.00000e+00 -1.08867e+05  8.39550e+02 -1.08027e+05  2.30552e-01  1.00000e+00 -5.22715e+00  0.00000e+00  1.97790e+00 
 5.21143e-03  2.51826e-03  7.09702e-21  3.47944e+00  5.95638e-04  3.60011e+02  3.60057e+02  5.03484e+00  5.12344e+00  2.36466e-01  4.62511e+00  5.84904e+01  1.94657e+05 -2.90481e+05  4.42291e+02  0.00000e+00 -9.53815e+04  6.92653e+02 -9.46889e+04  2.36461e-01  1.00000e+00 -4.62476e+00  0.00000e+00  2.13269e+00 
 5.33068e-03  2.75659e-03  1.33300e-20  3.47944e+00  6.20307e-04  3.60017e+02  3.60057e+02  5.01856e+00  5.10608e+00  2.42770e-01  4.05231e+00  5.61643e+01  1.89603e+05 -2.73603e+05  4.23449e+02  0.00000e+00 -8.35759e+04  5.67599e+02 -8.30083e+04  2.42765e-01  1.00000e+00 -4.05197e+00  0.00000e+00  2.30935e+00 
 5.45775e-03  2.99495e-03  1.25651e-20  3.47944e+00  6.42760e-04  3.60024e+02  3.60057e+02  5.00031e+00  5.08672e+00  2.49441e-01  3.50458e+00  5.42025e+01  1.85741e+05 -2.59618e+05  4.07295e+02  0.00000e+00 -7.34697e+04  4.61057e+02 -7.30087e+04  2.49437e-01  1.00000e+00 -3.50425e+00  0.00000e+00  2.50959e+00 
 5.59212e-03  3.23333e-03  0.00000e+00  3.47944e+00  6.62236e-04  3.60031e+02  3.60057e+02  4.98001e+00  5.06527e+00  2.56389e-01  2.97277e+00  5.26085e+01  1.83240e+05 -2.48570e+05  3.93841e+02  0.00000e+00 -6.49360e+04  3.69299e+02 -6.45667e+04  2.56384e-01  1.00000e+00 -2.97244e+00  0.00000e+00  2.73531e+00 
 5.73326e-03  3.47172e-03  0.00000e+00  3.47944e+00  6.78231e-04  3.60038e+02  3.60057e+02  4.95756e+00  5.04164e+00  2.63487e-01  2.44502e+00  5.13678e+01  1.82189e+05 -2.40342e+05  3.82997e+02  0.00000e+00 -5.77692e+04  2.88581e+02 -5.74807e+04  2.63480e-01  1.00000e+00 -2.44470e+00  0.00000e+00  2.98842e+00 
 5.88069e-03  3.71014e-03 -5.35987e-21  3.47944e+00  6.90533e-04  3.60046e+02  3.60057e+02  4.93288e+00  5.01577e+00  2.70828e-01  1.90960e+00  5.04528e+01  1.82556e+05 -2.34908e+05  3.74446e+02  0.00000e+00 -5.19779e+04  2.15363e+02 -5.17626e+04  2.70821e-01  1.00000e+00 -1.90928e+00  0.00000e+00  3.27119e+00 
 6.03395e-03  3.94857e-03  5.10973e-21  3.47944e+00  6.99125e-04  3.60055e+02  3.60057e+02  4.90588e+00  4.98759e+00  2.78153e-01  1.35200e+00  4.98329e+01  1.84363e+05 -2.31910e+05  3.68032e+02  0.00000e+00 -4.71791e+04  1.46626e+02 -4.70325e+04  2.78147e-01  1.00000e+00 -1.35168e+00  0.00000e+00  3.58586e+00 
 6.19261e-03  4.18701e-03  0.00000e+00  3.47944e+00  7.04207e-04  3.60063e+02  3.60057e+02  4.87649e+00  4.95701e+00  2.85622e-01  7.60090e-01  4.94734e+01  1.87508e+05 -2.31296e+05  3.63360e+02  0.00000e+00 -4.34255e+04  7.96820e+01 -4.33458e+04  2.85616e-01  1.00000e+00 -7.59756e-01  0.00000e+00  3.93536e+00 
 6.35626e-03  4.42546e-03  0.00000e+00  3.47944e+00  7.06069e-04  3.60072e+02  3.60057e+02  4.84461e+00  4.92396e+00  2.93110e-01  1.20607e-01  4.93431e+01  1.91955e+05 -2.32809e+05  3.60220e+02  0.00000e+00 -4.04929e+04  1.22584e+01 -4.04807e+04  2.93105e-01  1.00000e+00 -1.20264e-01  0.00000e+00  4.32251e+00 
 6.52453e-03  4.66392e-03 -8.96437e-21  3.47944e+00  7.05032e-04  3.60081e+02  3.60058e+02  4.81020e+00  4.88839e+00  3.00517e-01 -1.41289e+00  4.94158e+01  1.97708e+05 -2.36253e+05  3.58383e+02  0.00000e+00 -3.81866e+04 -1.40748e+02 -3.83273e+04  3.00511e-01  1.00000e+00  1.41365e+00  0.00000e+00  4.75154e+00 
 6.69707e-03  4.90238e-03  1.72236e-20  3.47944e+00  7.01474e-04  3.60091e+02  3.60058e+02  4.77309e+00  4.85014e+00  3.07893e-01 -3.19274e+00  4.96666e+01  2.04709e+05 -2.41556e+05  3.57639e+02  0.00000e+00 -3.64892e+04 -3.11916e+02 -3.68011e+04  3.07887e-01  1.00000e+00  3.19352e+00  0.00000e+00  5.22621e+00 
 6.87356e-03  5.14086e-03  8.28595e-21  3.47944e+00  6.95658e-04  3.60101e+02  3.60058e+02  4.73325e+00  4.80918e+00  3.15110e-01 -5.17725e+00  5.00820e+01  2.13052e+05 -2.48622e+05  3.57843e+02  0.00000e+00 -3.52121e+04 -4.98296e+02 -3.57104e+04  3.15104e-01  1.00000e+00  5.17806e+00  0.00000e+00  5.75313e+00 
 7.05370e-03  5.37934e-03 -1.59677e-20  3.47944e+00  6.87910e-04  3.60111e+02  3.60058e+02  4.69042e+00  4.76525e+00  3.22276e-01 -7.40667e+00  5.06463e+01  2.22716e+05 -2.57514e+05  3.58845e+02  0.00000e+00 -3.44395e+04 -7.04844e+02 -3.51443e+04  3.22270e-01  1.00000e+00  7.40752e+00  0.00000e+00  6.33748e+00 
 7.23722e-03  5.61783e-03  0.00000e+00  3.47944e+00  6.78364e-04  3.60121e+02  3.60058e+02  4.64462e+00  4.71838e+00  3.29225e-01 -9.92765e+00  5.13592e+01  2.33938e+05 -2.68258e+05  3.60584e+02  0.00000e+00 -3.39594e+04 -9.37799e+02 -3.48972e+04  3.29220e-01  1.00000e+00  9.92853e+00  0.00000e+00  6.99031e+00 
 7.42387e-03  5.85632e-03  0.00000e+00  3.47944e+00  6.67271e-04  3.60132e+02  3.60058e+02  4.59532e+00  4.66803e+00  3.36135e-01 -1.28006e+01  5.22133e+01  2.46735e+05 -2.81091e+05  3.62961e+02  0.00000e+00 -3.39933e+04 -1.20400e+03 -3.51973e+04  3.36130e-01  1.00000e+00  1.28015e+01  0.00000e+00  7.71887e+00 
 7.61342e-03  6.09482e-03  0.00000e+00  3.47944e+00  6.54620e-04  3.60143e+02  3.60059e+02  4.54276e+00  4.61446e+00  3.42787e-01 -1.61009e+01  5.32226e+01  2.61571e+05 -2.96202e+05  3.65996e+02  0.00000e+00 -3.42657e+04 -1.51372e+03 -3.57794e+04  3.42783e-01  1.00000e+00  1.61019e+01  0.00000e+00  8.54263e+00 
 7.80566e-03  6.33332e-03  0.00000e+00  3.47944e+00  6.40617e-04  3.60155e+02  3.60059e+02  4.48577e+00  4.55648e+00  3.49439e-01 -1.99316e+01  5.43862e+01  2.78506e+05 -3.14068e+05  3.69607e+02  0.00000e+00 -3.51927e+04 -1.87836e+03 -3.70710e+04  3.49435e-01  1.00000e+00  1.99326e+01  0.00000e+00  9.47182e+00 
 8.00039e-03  6.57182e-03  0.00000e+00  3.47944e+00  6.25102e-04  3.60167e+02  3.60059e+02  4.42533e+00  4.49510e+00  3.55806e-01 -2.44315e+01  5.57364e+01  2.98388e+05 -3.35128e+05  3.73916e+02  0.00000e+00 -3.63667e+04 -2.31734e+03 -3.86841e+04  3.55803e-01  1.00000e+00  2.44326e+01  0.00000e+00  1.05429e+01 
 8.19744e-03  6.81033e-03  1.31016e-20  3.47944e+00  6.08279e-04  3.60181e+02  3.60059e+02  4.35854e+00  4.42736e+00  3.62238e-01 -2.97930e+01  5.72782e+01  3.21347e+05 -3.60241e+05  3.78798e+02  0.00000e+00 -3.85151e+04 -2.85247e+03 -4.13676e+04  3.62234e-01  1.00000e+00  2.97941e+01  0.00000e+00  1.17706e+01 
 8.39664e-03  7.04884e-03  0.00000e+00  3.47944e+00  5.89806e-04  3.60196e+02  3.60060e+02  4.28870e+00  4.35666e+00  3.68381e-01 -3.63009e+01  5.90726e+01  3.48967e+05 -3.90347e+05  3.84574e+02  0.00000e+00 -4.09951e+04 -3.52464e+03 -4.45197e+04  3.68378e-01  1.00000e+00  3.63020e+01  0.00000e+00  1.32283e+01 
 8.59784e-03  7.28736e-03  0.00000e+00  3.47944e+00  5.69908e-04  3.60212e+02  3.60060e+02  4.20818e+00  4.27528e+00  3.74667e-01 -4.43543e+01  6.11355e+01  3.81580e+05 -4.27064e+05  3.90934e+02  0.00000e+00 -4.50930e+04 -4.38218e+03 -4.94752e+04  3.74664e-01  1.00000e+00  4.43555e+01  0.00000e+00  1.49393e+01 
 8.80092e-03  7.52587e-03  0.00000e+00  3.47944e+00  5.47969e-04  3.60232e+02  3.60060e+02  4.12690e+00  4.19322e+00  3.80705e-01 -5.46193e+01  6.35836e+01  4.22388e+05 -4.72553e+05  3.98725e+02  0.00000e+00 -4.97665e+04 -5.52340e+03 -5.52899e+04  3.80703e-01  1.00000e+00  5.46207e+01  0.00000e+00  1.70654e+01 
 9.00573e-03  7.76439e-03 -1.17014e-20  3.47944e+00  5.24261e-04  3.60254e+02  3.60061e+02  4.02505e+00  4.09059e+00  3.86970e-01 -6.80593e+01  6.64596e+01  4.72415e+05 -5.30269e+05  4.07002e+02  0.00000e+00 -5.74469e+04 -7.07732e+03 -6.45242e+04  3.86968e-01  1.00000e+00  6.80607e+01  0.00000e+00  1.96540e+01 
 9.21216e-03  8.00291e-03  0.00000e+00  3.47944e+00  4.97697e-04  3.60282e+02  3.60061e+02  3.92899e+00  3.99380e+00  3.93106e-01 -8.65294e+01  7.00073e+01  5.39055e+05 -6.05816e+05  4.18091e+02  0.00000e+00 -6.63433e+04 -9.33032e+03 -7.56736e+04  3.93104e-01  1.00000e+00  8.65309e+01  0.00000e+00  2.31115e+01 
 9.42012e-03  8.24144e-03  0.00000e+00  3.47944e+00  4.68619e-04  3.60317e+02  3.60062e+02  3.79061e+00  3.85463e+00  3.99568e-01 -1.12966e+02  7.43521e+01  6.26228e+05 -7.08143e+05  4.29086e+02  0.00000e+00 -8.14854e+04 -1.27277e+04 -9.42131e+04  3.99566e-01  1.00000e+00  1.12968e+02  0.00000e+00  2.76000e+01 
 9.62949e-03  8.47996e-03  0.00000e+00  3.47944e+00  4.35093e-04  3.60365e+02  3.60062e+02  3.67057e+00  3.73319e+00  4.06131e-01 -1.54111e+02  8.00820e+01  7.55120e+05 -8.54708e+05  4.46226e+02  0.00000e+00 -9.91412e+04 -1.83992e+04 -1.17540e+05  4.06130e-01  1.00000e+00  1.54113e+02  0.00000e+00  3.43660e+01 
 9.84019e-03  8.71849e-03  0.00000e+00  3.47944e+00  3.97600e-04  3.60435e+02  3.60063e+02  3.46475e+00  3.52322e+00  4.13230e-01 -2.22812e+02  8.76347e+01  9.46318e+05 -1.07438e+06  4.61221e+02  0.00000e+00 -1.27601e+05 -2.86100e+04 -1.56211e+05  4.13229e-01  1.00000e+00  2.22814e+02  0.00000e+00  4.45131e+01 
 1.00521e-02  8.95702e-03  0.00000e+00  3.47944e+00  3.53293e-04  3.60550e+02  3.60063e+02  3.28185e+00  3.33255e+00  4.20629e-01 -3.57190e+02  9.86262e+01  1.28723e+06 -1.42673e+06  4.87517e+02  0.00000e+00 -1.39014e+05 -5.07091e+04 -1.89723e+05  4.20630e-01  1.00000e+00  3.57192e+02  0.00000e+00  6.39726e+01 
 1.02653e-02  9.19555e-03  0.00000e+00  3.47944e+00  3.06536e-04  3.60777e+02  3.60064e+02  2.90080e+00  2.93921e+00  4.29271e-01 -6.64178e+02  1.13672e+02  1.91020e+06 -1.93249e+06  4.93921e+02  0.00000e+00 -2.17911e+04 -1.06489e+05 -1.28280e+05  4.29269e-01  1.00000e+00  6.64180e+02  0.00000e+00  1.05846e+02 
 1.04795e-02  9.43408e-03  0.00000e+00  3.47944e+00  2.77391e-04  3.61406e+02  3.60066e+02  2.40126e+00  2.42276e+00  4.37837e-01 -5.00297e+03  1.25618e+02  2.89181e+06 -1.85157e+06  4.65390e+02  5.33798e+05  1.57450e+06 -1.53817e+06  3.63355e+04  4.37833e-01  1.00000e+00  5.00298e+03  3.49798e+03  2.68827e+02 
