# Code_Saturne plot output (1D profile)
#
# Iteration output: 8421
# Time output:      2.30009e+01
#
#COLUMN_TITLES: Distance | X | Y | Z | diameter_Field2 | temp_Field1 | temp_Field2 | Velocity_Field1[Z] | Velocity_Field2[Z] | vol_f_Field2 | mass_trans_Field1 | Xd_Field2 | BK | COAL | COMP | NUCL | W1 | MT | SMBR | ALPBB | CONDNUM | GAMA | GAMANUC | epsilon_Field1
 4.56474e-03  1.39645e-04  0.00000e+00  3.47944e+00  2.74371e-04  3.60143e+02  3.60081e+02  6.98401e+00  7.03539e+00  5.19305e-01 -2.88592e+01  1.26819e+02  8.85717e+05 -1.03285e+06  1.78299e+03  0.00000e+00 -1.45351e+05 -3.57997e+03 -1.48930e+05  5.19313e-01  1.00000e+00  2.89363e+01  0.00000e+00  3.79422e+00 
 4.57812e-03  3.76525e-04  4.25872e-21  3.47944e+00  2.76042e-04  3.60143e+02  3.60081e+02  6.98141e+00  7.03337e+00  5.19583e-01 -2.85976e+01  1.26052e+02  8.84479e+05 -1.02356e+06  1.77151e+03  0.00000e+00 -1.37312e+05 -3.52416e+03 -1.40836e+05  5.19592e-01  1.00000e+00  2.86743e+01  0.00000e+00  3.82523e+00 
 4.60371e-03  6.13858e-04  0.00000e+00  3.47944e+00  2.75988e-04  3.60143e+02  3.60081e+02  6.97705e+00  7.02887e+00  5.19979e-01 -2.85230e+01  1.26076e+02  8.92483e+05 -1.02860e+06  1.77085e+03  0.00000e+00 -1.34341e+05 -3.51300e+03 -1.37854e+05  5.19988e-01  1.00000e+00  2.85998e+01  0.00000e+00  3.88587e+00 
 4.64138e-03  8.51483e-04  0.00000e+00  3.47944e+00  2.74700e-04  3.60143e+02  3.60081e+02  6.97065e+00  7.02188e+00  5.20596e-01 -2.85708e+01  1.26667e+02  9.08199e+05 -1.04481e+06  1.77760e+03  0.00000e+00 -1.34838e+05 -3.53128e+03 -1.38370e+05  5.20605e-01  1.00000e+00  2.86482e+01  0.00000e+00  3.97710e+00 
 4.69084e-03  1.08931e-03  0.00000e+00  3.47944e+00  2.72616e-04  3.60142e+02  3.60081e+02  6.96211e+00  7.01242e+00  5.21397e-01 -2.86840e+01  1.27636e+02  9.30492e+05 -1.06943e+06  1.78908e+03  0.00000e+00 -1.37148e+05 -3.56699e+03 -1.40715e+05  5.21408e-01  1.00000e+00  2.87625e+01  0.00000e+00  4.09950e+00 
 4.75174e-03  1.32727e-03  1.05001e-20  3.47944e+00  2.70022e-04  3.60142e+02  3.60081e+02  6.95137e+00  7.00054e+00  5.22376e-01 -2.88273e+01  1.28862e+02  9.58703e+05 -1.10081e+06  1.80359e+03  0.00000e+00 -1.40305e+05 -3.61257e+03 -1.43917e+05  5.22390e-01  1.00000e+00  2.89071e+01  0.00000e+00  4.25435e+00 
 4.82366e-03  1.56534e-03  0.00000e+00  3.47944e+00  2.67116e-04  3.60141e+02  3.60081e+02  6.93839e+00  6.98627e+00  5.23537e-01 -2.89776e+01  1.30264e+02  9.92366e+05 -1.13791e+06  1.81997e+03  0.00000e+00 -1.43723e+05 -3.66291e+03 -1.47386e+05  5.23552e-01  1.00000e+00  2.90588e+01  0.00000e+00  4.44292e+00 
 4.90611e-03  1.80349e-03  8.81027e-21  3.47944e+00  2.64016e-04  3.60141e+02  3.60081e+02  6.92319e+00  6.96967e+00  5.24882e-01 -2.91212e+01  1.31793e+02  1.03125e+06 -1.18017e+06  1.83752e+03  0.00000e+00 -1.47084e+05 -3.71491e+03 -1.50798e+05  5.24897e-01  1.00000e+00  2.92041e+01  0.00000e+00  4.66691e+00 
 4.99859e-03  2.04170e-03  0.00000e+00  3.47944e+00  2.60817e-04  3.60140e+02  3.60081e+02  6.90575e+00  6.95074e+00  5.26401e-01 -2.92469e+01  1.33410e+02  1.07513e+06 -1.22709e+06  1.85568e+03  0.00000e+00 -1.50109e+05 -3.76603e+03 -1.53875e+05  5.26415e-01  1.00000e+00  2.93316e+01  0.00000e+00  4.92802e+00 
 5.10055e-03  2.27996e-03  7.58893e-21  3.47944e+00  2.57572e-04  3.60140e+02  3.60081e+02  6.88604e+00  6.92950e+00  5.28089e-01 -2.93483e+01  1.35091e+02  1.12390e+06 -1.27844e+06  1.87406e+03  0.00000e+00 -1.52656e+05 -3.81474e+03 -1.56471e+05  5.28102e-01  1.00000e+00  2.94350e+01  0.00000e+00  5.22844e+00 
 5.21143e-03  2.51826e-03  7.09702e-21  3.47944e+00  2.54319e-04  3.60139e+02  3.60081e+02  6.86405e+00  6.90594e+00  5.29939e-01 -2.94206e+01  1.36819e+02  1.17747e+06 -1.33400e+06  1.89247e+03  0.00000e+00 -1.54639e+05 -3.85981e+03 -1.58498e+05  5.29951e-01  1.00000e+00  2.95094e+01  0.00000e+00  5.57037e+00 
 5.33068e-03  2.75659e-03  1.33300e-20  3.47944e+00  2.51082e-04  3.60138e+02  3.60081e+02  6.83973e+00  6.88003e+00  5.31948e-01 -2.94608e+01  1.38584e+02  1.23575e+06 -1.39370e+06  1.91070e+03  0.00000e+00 -1.56044e+05 -3.90043e+03 -1.59944e+05  5.31960e-01  1.00000e+00  2.95517e+01  0.00000e+00  5.95645e+00 
 5.45775e-03  2.99495e-03  1.25651e-20  3.47944e+00  2.47870e-04  3.60137e+02  3.60081e+02  6.81306e+00  6.85175e+00  5.34083e-01 -2.94672e+01  1.40379e+02  1.29881e+06 -1.45746e+06  1.92864e+03  0.00000e+00 -1.56727e+05 -3.93638e+03 -1.60663e+05  5.34091e-01  1.00000e+00  2.95603e+01  0.00000e+00  6.38956e+00 
 5.59212e-03  3.23333e-03  0.00000e+00  3.47944e+00  2.44697e-04  3.60137e+02  3.60081e+02  6.78400e+00  6.82108e+00  5.36378e-01 -2.94376e+01  1.42200e+02  1.36649e+06 -1.52537e+06  1.94614e+03  0.00000e+00 -1.56935e+05 -3.96672e+03 -1.60901e+05  5.36387e-01  1.00000e+00  2.95330e+01  0.00000e+00  6.87307e+00 
 5.73326e-03  3.47172e-03  0.00000e+00  3.47944e+00  2.41550e-04  3.60136e+02  3.60081e+02  6.75227e+00  6.78770e+00  5.38814e-01 -2.93744e+01  1.44053e+02  1.43893e+06 -1.59761e+06  1.96364e+03  0.00000e+00 -1.56725e+05 -3.99202e+03 -1.60717e+05  5.38823e-01  1.00000e+00  2.94722e+01  0.00000e+00  7.41054e+00 
 5.88069e-03  3.71014e-03 -5.35987e-21  3.47944e+00  2.38440e-04  3.60135e+02  3.60081e+02  6.71756e+00  6.75135e+00  5.41350e-01 -2.92971e+01  1.45932e+02  1.51606e+06 -1.67400e+06  1.98107e+03  0.00000e+00 -1.55957e+05 -4.01496e+03 -1.59972e+05  5.41358e-01  1.00000e+00  2.93974e+01  0.00000e+00  8.00469e+00 
 6.03395e-03  3.94857e-03  5.10973e-21  3.47944e+00  2.35343e-04  3.60134e+02  3.60081e+02  6.67997e+00  6.71222e+00  5.43958e-01 -2.92076e+01  1.47854e+02  1.59810e+06 -1.75486e+06  1.99780e+03  0.00000e+00 -1.54755e+05 -4.03638e+03 -1.58792e+05  5.43966e-01  1.00000e+00  2.93106e+01  0.00000e+00  8.65874e+00 
 6.19261e-03  4.18701e-03  0.00000e+00  3.47944e+00  2.32254e-04  3.60133e+02  3.60081e+02  6.63957e+00  6.67041e+00  5.46634e-01 -2.90886e+01  1.49820e+02  1.68520e+06 -1.84041e+06  2.01359e+03  0.00000e+00 -1.53196e+05 -4.05392e+03 -1.57250e+05  5.46642e-01  1.00000e+00  2.91943e+01  0.00000e+00  9.37734e+00 
 6.35626e-03  4.42546e-03  0.00000e+00  3.47944e+00  2.29155e-04  3.60133e+02  3.60082e+02  6.59633e+00  6.62586e+00  5.49364e-01 -2.89421e+01  1.51847e+02  1.77775e+06 -1.93114e+06  2.02889e+03  0.00000e+00 -1.51362e+05 -4.06822e+03 -1.55430e+05  5.49372e-01  1.00000e+00  2.90506e+01  0.00000e+00  1.01661e+01 
 6.52453e-03  4.66392e-03 -8.96437e-21  3.47944e+00  2.26036e-04  3.60132e+02  3.60082e+02  6.55018e+00  6.57849e+00  5.52168e-01 -2.87708e+01  1.53943e+02  1.87600e+06 -2.02760e+06  2.04404e+03  0.00000e+00 -1.49557e+05 -4.07965e+03 -1.53637e+05  5.52175e-01  1.00000e+00  2.88821e+01  0.00000e+00  1.10309e+01 
 6.69707e-03  4.90238e-03  1.72236e-20  3.47944e+00  2.22885e-04  3.60131e+02  3.60082e+02  6.50107e+00  6.52822e+00  5.55060e-01 -2.85767e+01  1.56121e+02  1.98047e+06 -2.13054e+06  2.05919e+03  0.00000e+00 -1.48009e+05 -4.08858e+03 -1.52098e+05  5.55069e-01  1.00000e+00  2.86911e+01  0.00000e+00  1.19806e+01 
 6.87356e-03  5.14086e-03  8.28595e-21  3.47944e+00  2.19690e-04  3.60130e+02  3.60082e+02  6.44885e+00  6.47488e+00  5.58037e-01 -2.83630e+01  1.58392e+02  2.09184e+06 -2.24070e+06  2.07440e+03  0.00000e+00 -1.46785e+05 -4.09563e+03 -1.50881e+05  5.58046e-01  1.00000e+00  2.84804e+01  0.00000e+00  1.30252e+01 
 7.05370e-03  5.37934e-03 -1.59677e-20  3.47944e+00  2.16436e-04  3.60129e+02  3.60083e+02  6.39340e+00  6.41835e+00  5.61096e-01 -2.81327e+01  1.60774e+02  2.21117e+06 -2.35919e+06  2.08965e+03  0.00000e+00 -1.45932e+05 -4.10156e+03 -1.50034e+05  5.61110e-01  1.00000e+00  2.82533e+01  0.00000e+00  1.41793e+01 
 7.23722e-03  5.61783e-03  0.00000e+00  3.47944e+00  2.13110e-04  3.60129e+02  3.60083e+02  6.33442e+00  6.35830e+00  5.64248e-01 -2.78916e+01  1.63284e+02  2.33949e+06 -2.48721e+06  2.10506e+03  0.00000e+00 -1.45617e+05 -4.10740e+03 -1.49724e+05  5.64269e-01  1.00000e+00  2.80155e+01  0.00000e+00  1.54586e+01 
 7.42387e-03  5.85632e-03  0.00000e+00  3.47944e+00  2.09688e-04  3.60128e+02  3.60083e+02  6.27170e+00  6.29451e+00  5.67494e-01 -2.76462e+01  1.65951e+02  2.47871e+06 -2.62664e+06  2.12074e+03  0.00000e+00 -1.45802e+05 -4.11467e+03 -1.49917e+05  5.67525e-01  1.00000e+00  2.77737e+01  0.00000e+00  1.68880e+01 
 7.61342e-03  6.09482e-03  0.00000e+00  3.47944e+00  2.06143e-04  3.60127e+02  3.60084e+02  6.20483e+00  6.22657e+00  5.70829e-01 -2.74083e+01  1.68805e+02  2.63075e+06 -2.77952e+06  2.13688e+03  0.00000e+00 -1.46636e+05 -4.12578e+03 -1.50762e+05  5.70872e-01  1.00000e+00  2.75395e+01  0.00000e+00  1.84920e+01 
 7.80566e-03  6.33332e-03  0.00000e+00  3.47944e+00  2.02438e-04  3.60126e+02  3.60084e+02  6.13335e+00  6.15401e+00  5.74254e-01 -2.71935e+01  1.71897e+02  2.79872e+06 -2.94904e+06  2.15384e+03  0.00000e+00 -1.48161e+05 -4.14417e+03 -1.52305e+05  5.74309e-01  1.00000e+00  2.73285e+01  0.00000e+00  2.03094e+01 
 8.00039e-03  6.57182e-03  0.00000e+00  3.47944e+00  1.98526e-04  3.60125e+02  3.60084e+02  6.05705e+00  6.07662e+00  5.77769e-01 -2.70254e+01  1.75285e+02  2.98649e+06 -3.13922e+06  2.17189e+03  0.00000e+00 -1.50553e+05 -4.17487e+03 -1.54728e+05  5.77832e-01  1.00000e+00  2.71646e+01  0.00000e+00  2.23868e+01 
 8.19744e-03  6.81033e-03  1.31016e-20  3.47944e+00  1.94355e-04  3.60125e+02  3.60085e+02  5.97423e+00  5.99268e+00  5.81411e-01 -2.69500e+01  1.79049e+02  3.19925e+06 -3.35579e+06  2.19156e+03  0.00000e+00 -1.54342e+05 -4.22675e+03 -1.58569e+05  5.81469e-01  1.00000e+00  2.70937e+01  0.00000e+00  2.47902e+01 
 8.39664e-03  7.04884e-03  0.00000e+00  3.47944e+00  1.89852e-04  3.60124e+02  3.60085e+02  5.88652e+00  5.90385e+00  5.85174e-01 -2.70122e+01  1.83298e+02  3.44481e+06 -3.60687e+06  2.21346e+03  0.00000e+00 -1.59850e+05 -4.30995e+03 -1.64160e+05  5.85222e-01  1.00000e+00  2.71609e+01  0.00000e+00  2.76136e+01 
 8.59784e-03  7.28736e-03  0.00000e+00  3.47944e+00  1.84951e-04  3.60124e+02  3.60086e+02  5.78744e+00  5.80356e+00  5.89088e-01 -2.73623e+01  1.88156e+02  3.73201e+06 -3.90269e+06  2.23778e+03  0.00000e+00 -1.68439e+05 -4.45242e+03 -1.72891e+05  5.89127e-01  1.00000e+00  2.75166e+01  0.00000e+00  3.09691e+01 
 8.80092e-03  7.52587e-03  0.00000e+00  3.47944e+00  1.79517e-04  3.60123e+02  3.60086e+02  5.68605e+00  5.70098e+00  5.93162e-01 -2.81067e+01  1.93854e+02  4.07938e+06 -4.26177e+06  2.26680e+03  0.00000e+00 -1.80120e+05 -4.68009e+03 -1.84801e+05  5.93192e-01  1.00000e+00  2.82672e+01  0.00000e+00  3.50844e+01 
 9.00573e-03  7.76439e-03 -1.17014e-20  3.47944e+00  1.73480e-04  3.60123e+02  3.60087e+02  5.56041e+00  5.57400e+00  5.97482e-01 -2.97886e+01  2.00604e+02  4.50445e+06 -4.70535e+06  2.29740e+03  0.00000e+00 -1.98597e+05 -5.09539e+03 -2.03692e+05  5.97499e-01  1.00000e+00  2.99562e+01  0.00000e+00  4.01911e+01 
 9.21216e-03  8.00291e-03  0.00000e+00  3.47944e+00  1.66549e-04  3.60123e+02  3.60088e+02  5.44253e+00  5.45485e+00  6.02003e-01 -3.28872e+01  2.08955e+02  5.05537e+06 -5.28138e+06  2.34068e+03  0.00000e+00 -2.23671e+05 -5.81429e+03 -2.29486e+05  6.01995e-01  1.00000e+00  3.30633e+01  0.00000e+00  4.68687e+01 
 9.42012e-03  8.24144e-03  0.00000e+00  3.47944e+00  1.58685e-04  3.60125e+02  3.60089e+02  5.26464e+00  5.27507e+00  6.06894e-01 -3.96842e+01  2.19313e+02  5.76780e+06 -6.04088e+06  2.38903e+03  0.00000e+00 -2.70696e+05 -7.29974e+03 -2.77996e+05  6.06871e-01  1.00000e+00  3.98705e+01  0.00000e+00  5.55635e+01 
 9.62949e-03  8.47996e-03  0.00000e+00  3.47944e+00  1.49198e-04  3.60127e+02  3.60089e+02  5.12255e+00  5.13186e+00  6.12073e-01 -5.35719e+01  2.33262e+02  6.80311e+06 -7.14483e+06  2.46509e+03  0.00000e+00 -3.39253e+05 -1.03819e+04 -3.49635e+05  6.12055e-01  1.00000e+00  5.37711e+01  0.00000e+00  6.82622e+01 
 9.84019e-03  8.71849e-03  0.00000e+00  3.47944e+00  1.37977e-04  3.60135e+02  3.60091e+02  4.86030e+00  4.86783e+00  6.17947e-01 -8.86127e+01  2.52236e+02  8.33865e+06 -8.81146e+06  2.53686e+03  0.00000e+00 -4.70274e+05 -1.83680e+04 -4.88642e+05  6.17942e-01  1.00000e+00  8.88281e+01  0.00000e+00  8.72761e+01 
 1.00521e-02  8.95702e-03  0.00000e+00  3.47944e+00  1.23560e-04  3.60154e+02  3.60091e+02  4.65276e+00  4.65944e+00  6.24544e-01 -1.90872e+02  2.81672e+02  1.11217e+07 -1.17984e+07  2.68651e+03  0.00000e+00 -6.74085e+05 -4.36587e+04 -7.17744e+05  6.24567e-01  1.00000e+00  1.91111e+02  0.00000e+00  1.22730e+02 
 1.02653e-02  9.19555e-03  0.00000e+00  3.47944e+00  1.05708e-04  3.60221e+02  3.60093e+02  4.18325e+00  4.18840e+00  6.32084e-01 -6.15696e+02  3.29251e+02  1.68395e+07 -1.77705e+07  2.81162e+03  0.00000e+00 -9.28151e+05 -1.62525e+05 -1.09068e+06  6.32141e-01  1.00000e+00  6.15969e+02  0.00000e+00  2.00185e+02 
 1.04795e-02  9.43408e-03  0.00000e+00  3.47944e+00  8.44969e-05  3.60594e+02  3.60095e+02  3.60957e+00  3.61258e+00  6.45269e-01 -7.82537e+03  4.11916e+02  3.32883e+07 -3.21337e+07  3.10888e+03  2.89977e+06  4.05747e+06 -4.23165e+06 -1.74179e+05  6.45302e-01  1.00000e+00  7.82569e+03  3.99810e+03  5.02008e+02 
