# Code_Saturne plot output (1D profile)
#
# Iteration output: 2182
# Time output:      2.30030e+01
#
#COLUMN_TITLES: Distance | X | Y | Z | diameter_Field2 | temp_Field1 | temp_Field2 | Velocity_Field1[Z] | Velocity_Field2[Z] | vol_f_Field2 | mass_trans_Field1 | Xd_Field2 | BK | COAL | COMP | NUCL | W1 | MT | SMBR | ALPBB | CONDNUM | GAMA | GAMANUC | epsilon_Field1
 4.56474e-03  1.39645e-04  0.00000e+00  3.47944e+00  1.00000e-05  3.58894e+02  3.60049e+02  4.17239e+00  4.17243e+00  2.92324e-04  2.40425e+01  3.48552e+03  0.00000e+00 -2.48067e+05  1.00698e+04  0.00000e+00 -2.37997e+05  1.82084e+08  1.81846e+08  2.75194e-04  1.00000e+00 -2.40435e+01  0.00000e+00  3.67347e-01 
 4.57812e-03  3.76525e-04  4.25872e-21  3.47944e+00  1.25343e-05  3.58896e+02  3.60049e+02  4.17205e+00  4.17222e+00  9.56795e-04  8.51186e+01  2.78078e+03 2.30139e-205 -5.82507e+05  9.18332e+03  0.00000e+00 -5.73323e+05  1.52185e+08  1.51612e+08  9.34337e-04  1.00000e+00 -8.51220e+01  0.00000e+00  3.70400e-01 
 4.60371e-03  6.13858e-04  0.00000e+00  3.47944e+00  2.16830e-05  3.58902e+02  3.60049e+02  4.17099e+00  4.17164e+00  2.62356e-03  1.08132e+02  1.60749e+03  5.95158e-75 -6.49093e+05  7.11828e+03  0.00000e+00 -6.41975e+05  3.96036e+07  3.89616e+07  2.62496e-03  1.00000e+00 -1.08136e+02  0.00000e+00  3.76368e-01 
 4.64138e-03  8.51483e-04  0.00000e+00  3.47944e+00  3.26658e-05  3.58911e+02  3.60049e+02  4.16948e+00  4.17118e+00  4.83350e-03  1.06035e+02  1.06702e+03  9.42380e-33 -6.02272e+05  4.98866e+03  0.00000e+00 -5.97283e+05  1.39950e+07  1.33977e+07  4.83366e-03  1.00000e+00 -1.06039e+02  0.00000e+00  3.85300e-01 
 4.69084e-03  1.08931e-03  0.00000e+00  3.47944e+00  4.52634e-05  3.58923e+02  3.60049e+02  4.16741e+00  4.17082e+00  6.84667e-03  8.95239e+01  7.70054e+02  4.52456e-15 -4.95439e+05  3.65917e+03  0.00000e+00 -4.91780e+05  6.01961e+06  5.52783e+06  6.84702e-03  1.00000e+00 -8.95275e+01  0.00000e+00  3.97248e-01 
 4.75174e-03  1.32727e-03  1.05001e-20  3.47944e+00  5.82312e-05  3.58937e+02  3.60049e+02  4.16469e+00  4.17038e+00  8.60831e-03  7.43893e+01  5.98566e+02  6.93987e-07 -4.10602e+05  2.84876e+03  0.00000e+00 -4.07753e+05  3.09245e+06  2.68470e+06  8.60869e-03  1.00000e+00 -7.43924e+01  0.00000e+00  4.12358e-01 
 4.82366e-03  1.56534e-03  0.00000e+00  3.47944e+00  7.05152e-05  3.58955e+02  3.60049e+02  4.16127e+00  4.16954e+00  1.04401e-02  6.51497e+01  4.94293e+02  1.05122e-02 -3.64277e+05  2.35030e+03  0.00000e+00 -3.61926e+05  1.84418e+06  1.48225e+06  1.04404e-02  1.00000e+00 -6.51524e+01  0.00000e+00  4.30926e-01 
 4.90611e-03  1.80349e-03  8.81027e-21  3.47944e+00  8.16909e-05  3.58977e+02  3.60049e+02  4.15711e+00  4.16768e+00  1.25984e-02  6.17868e+01  4.26672e+02  2.45803e+00 -3.47339e+05  2.03136e+03  0.00000e+00 -3.45305e+05  1.25110e+06  9.05791e+05  1.25988e-02  1.00000e+00 -6.17895e+01  0.00000e+00  4.53369e-01 
 4.99859e-03  2.04170e-03  0.00000e+00  3.47944e+00  9.20764e-05  3.59003e+02  3.60049e+02  4.15221e+00  4.16493e+00  1.51186e-02  6.07808e+01  3.78547e+02  7.90937e+01 -3.45739e+05  1.80330e+03  0.00000e+00 -3.43856e+05  9.09899e+05  5.66042e+05  1.51191e-02  1.00000e+00 -6.07835e+01  0.00000e+00  4.80105e-01 
 5.10055e-03  2.27996e-03  7.58893e-21  3.47944e+00  1.01966e-04  3.59032e+02  3.60049e+02  4.14652e+00  4.16129e+00  1.80479e-02  6.10761e+01  3.41831e+02  8.66318e+02 -3.53455e+05  1.62851e+03  0.00000e+00 -3.50960e+05  6.91632e+05  3.40671e+05  1.80485e-02  1.00000e+00 -6.10789e+01  0.00000e+00  5.11709e-01 
 5.21143e-03  2.51826e-03  7.09702e-21  3.47944e+00  1.11431e-04  3.59065e+02  3.60049e+02  4.14001e+00  4.15670e+00  2.14474e-02  6.22738e+01  3.12797e+02  4.86027e+03 -3.68660e+05  1.48975e+03  0.00000e+00 -3.62310e+05  5.43009e+05  1.80699e+05  2.14485e-02  1.00000e+00 -6.22767e+01  0.00000e+00  5.49001e-01 
 5.33068e-03  2.75659e-03  1.33300e-20  3.47944e+00  1.20346e-04  3.59101e+02  3.60049e+02  4.13261e+00  4.15108e+00  2.53835e-02  6.42529e+01  2.89626e+02  1.72814e+04 -3.91501e+05  1.37855e+03  0.00000e+00 -3.72841e+05  4.38341e+05  6.55003e+04  2.53839e-02  1.00000e+00 -6.42560e+01  0.00000e+00  5.92930e-01 
 5.45775e-03  2.99495e-03  1.25651e-20  3.47944e+00  1.28489e-04  3.59140e+02  3.60049e+02  4.12427e+00  4.14429e+00  2.99348e-02  6.70394e+01  2.71271e+02  4.44194e+04 -4.23353e+05  1.28996e+03  0.00000e+00 -3.77643e+05  3.63236e+05 -1.44077e+04  2.99356e-02  1.00000e+00 -6.70427e+01  0.00000e+00  6.44594e-01 
 5.59212e-03  3.23333e-03  0.00000e+00  3.47944e+00  1.35662e-04  3.59183e+02  3.60049e+02  4.11491e+00  4.13624e+00  3.51819e-02  7.06527e+01  2.56927e+02  9.05650e+04 -4.65924e+05  1.22016e+03  0.00000e+00 -3.74139e+05  3.08499e+05 -6.56395e+04  3.51827e-02  1.00000e+00 -7.06564e+01  0.00000e+00  7.05281e-01 
 5.73326e-03  3.47172e-03  0.00000e+00  3.47944e+00  1.41792e-04  3.59227e+02  3.60049e+02  4.10441e+00  4.12681e+00  4.12131e-02  7.50735e+01  2.45819e+02  1.56931e+05 -5.21030e+05  1.16547e+03  0.00000e+00 -3.62933e+05  2.67735e+05 -9.51980e+04  4.12139e-02  1.00000e+00 -7.50776e+01  0.00000e+00  7.76494e-01 
 5.88069e-03  3.71014e-03 -5.35987e-21  3.47944e+00  1.46951e-04  3.59274e+02  3.60049e+02  4.09269e+00  4.11590e+00  4.81168e-02  8.01979e+01  2.37189e+02  2.43027e+05 -5.90250e+05  1.12226e+03  0.00000e+00 -3.46100e+05  2.36376e+05 -1.09724e+05  4.81176e-02  1.00000e+00 -8.02025e+01  0.00000e+00  8.60005e-01 
 6.03395e-03  3.94857e-03  5.10973e-21  3.47944e+00  1.51319e-04  3.59323e+02  3.60049e+02  4.07959e+00  4.10343e+00  5.59843e-02  8.58533e+01  2.30344e+02  3.48248e+05 -6.74924e+05  1.08720e+03  0.00000e+00 -3.25589e+05  2.11210e+05 -1.14379e+05  5.59847e-02  1.00000e+00 -8.58586e+01  0.00000e+00  9.57887e-01 
 6.19261e-03  4.18701e-03  0.00000e+00  3.47944e+00  1.55124e-04  3.59372e+02  3.60049e+02  4.06496e+00  4.08928e+00  6.48953e-02  9.15039e+01  2.24693e+02  4.72424e+05 -7.75968e+05  1.05747e+03  0.00000e+00 -3.02486e+05  1.89438e+05 -1.13049e+05  6.48955e-02  1.00000e+00 -9.15098e+01  0.00000e+00  1.07259e+00 
 6.35626e-03  4.42546e-03  0.00000e+00  3.47944e+00  1.58604e-04  3.59422e+02  3.60049e+02  4.04861e+00  4.07334e+00  7.49253e-02  9.61226e+01  2.19764e+02  6.15417e+05 -8.93903e+05  1.03081e+03  0.00000e+00 -2.77456e+05  1.68580e+05 -1.08876e+05  7.49255e-02  1.00000e+00 -9.61293e+01  0.00000e+00  1.20694e+00 
 6.52453e-03  4.66392e-03 -8.96437e-21  3.47944e+00  1.61942e-04  3.59472e+02  3.60049e+02  4.03031e+00  4.05539e+00  8.61066e-02  1.00098e+02  2.15234e+02  7.76312e+05 -1.02867e+06  1.00569e+03  0.00000e+00 -2.51354e+05  1.49608e+05 -1.01746e+05  8.61070e-02  1.00000e+00 -1.00106e+02  0.00000e+00  1.36431e+00 
 6.69707e-03  4.90238e-03  1.72236e-20  3.47944e+00  1.65326e-04  3.59522e+02  3.60049e+02  4.00981e+00  4.03510e+00  9.84642e-02  1.03085e+02  2.10829e+02  9.53224e+05 -1.17939e+06  9.80750e+02  0.00000e+00 -2.25184e+05  1.31978e+05 -9.32066e+04  9.84654e-02  1.00000e+00 -1.03093e+02  0.00000e+00  1.54846e+00 
 6.87356e-03  5.14086e-03  8.28595e-21  3.47944e+00  1.68924e-04  3.59570e+02  3.60049e+02  3.98680e+00  4.01232e+00  1.11932e-01  1.04721e+02  2.06338e+02  1.14313e+06 -1.34335e+06  9.54921e+02  0.00000e+00 -1.99262e+05  1.15430e+05 -8.38327e+04  1.11934e-01  1.00000e+00 -1.04731e+02  0.00000e+00  1.76391e+00 
 7.05370e-03  5.37934e-03 -1.59677e-20  3.47944e+00  1.72895e-04  3.59618e+02  3.60049e+02  3.96094e+00  3.98672e+00  1.26475e-01  1.04761e+02  2.01600e+02  1.34124e+06 -1.51724e+06  9.27503e+02  0.00000e+00 -1.75076e+05  9.98483e+04 -7.52272e+04  1.26478e-01  1.00000e+00 -1.04771e+02  0.00000e+00  2.01549e+00 
 7.23722e-03  5.61783e-03  0.00000e+00  3.47944e+00  1.77344e-04  3.59663e+02  3.60049e+02  3.93182e+00  3.95789e+00  1.41877e-01  1.02974e+02  1.96542e+02  1.54196e+06 -1.69536e+06  8.98137e+02  0.00000e+00 -1.52498e+05  8.52958e+04 -6.72023e+04  1.41882e-01  1.00000e+00 -1.02985e+02  0.00000e+00  2.30904e+00 
 7.42387e-03  5.85632e-03  0.00000e+00  3.47944e+00  1.82359e-04  3.59706e+02  3.60049e+02  3.89905e+00  3.92544e+00  1.58049e-01  9.93629e+01  1.91138e+02  1.73834e+06 -1.87290e+06  8.66697e+02  0.00000e+00 -1.33687e+05  7.18532e+04 -6.18333e+04  1.58053e-01  1.00000e+00 -9.93745e+01  0.00000e+00  2.65024e+00 
 7.61342e-03  6.09482e-03  0.00000e+00  3.47944e+00  1.87910e-04  3.59747e+02  3.60049e+02  3.86228e+00  3.88900e+00  1.74594e-01  9.39759e+01  1.85492e+02  1.92526e+06 -2.04346e+06  8.33611e+02  0.00000e+00 -1.17363e+05  5.97008e+04 -5.76623e+04  1.74600e-01  1.00000e+00 -9.39882e+01  0.00000e+00  3.04678e+00 
 7.80566e-03  6.33332e-03  0.00000e+00  3.47944e+00  1.93953e-04  3.59786e+02  3.60049e+02  3.82104e+00  3.84811e+00  1.91425e-01  8.71075e+01  1.79713e+02  2.09737e+06 -2.20433e+06  7.99550e+02  0.00000e+00 -1.06156e+05  4.89025e+04 -5.72534e+04  1.91425e-01  1.00000e+00 -8.71203e+01  0.00000e+00  3.50533e+00 
 8.00039e-03  6.57182e-03  0.00000e+00  3.47944e+00  2.00248e-04  3.59823e+02  3.60049e+02  3.77521e+00  3.80263e+00  2.08033e-01  7.90529e+01  1.74064e+02  2.25529e+06 -2.35334e+06  7.65500e+02  0.00000e+00 -9.72876e+04  3.95544e+04 -5.77331e+04  2.08033e-01  1.00000e+00 -7.90662e+01  0.00000e+00  4.03772e+00 
 8.19744e-03  6.81033e-03  1.31016e-20  3.47944e+00  2.06606e-04  3.59857e+02  3.60049e+02  3.72429e+00  3.75203e+00  2.24485e-01  7.02164e+01  1.68708e+02  2.39872e+06 -2.49408e+06  7.32350e+02  0.00000e+00 -9.46298e+04  3.15570e+04 -6.30728e+04  2.24488e-01  1.00000e+00 -7.02301e+01  0.00000e+00  4.65412e+00 
 8.39664e-03  7.04884e-03  0.00000e+00  3.47944e+00  2.12542e-04  3.59890e+02  3.60050e+02  3.66832e+00  3.69631e+00  2.40199e-01  6.08788e+01  1.63997e+02  2.53793e+06 -2.63161e+06  7.01414e+02  0.00000e+00 -9.29873e+04  2.48575e+04 -6.81298e+04  2.40202e-01  1.00000e+00 -6.08929e+01  0.00000e+00  5.37845e+00 
 8.59784e-03  7.28736e-03  0.00000e+00  3.47944e+00  2.17794e-04  3.59922e+02  3.60050e+02  3.60625e+00  3.63438e+00  2.55521e-01  5.12615e+01  1.60043e+02  2.67734e+06 -2.77638e+06  6.73184e+02  0.00000e+00 -9.83744e+04  1.92021e+04 -7.91724e+04  2.55525e-01  1.00000e+00 -5.12760e+01  0.00000e+00  6.23191e+00 
 8.80092e-03  7.52587e-03  0.00000e+00  3.47944e+00  2.21695e-04  3.59952e+02  3.60050e+02  3.53847e+00  3.56655e+00  2.69913e-01  4.14040e+01  1.57227e+02  2.83795e+06 -2.94303e+06  6.48761e+02  0.00000e+00 -1.04437e+05  1.44255e+04 -9.00111e+04  2.69915e-01  1.00000e+00 -4.14188e+01  0.00000e+00  7.27120e+00 
 9.00573e-03  7.76439e-03 -1.17014e-20  3.47944e+00  2.24028e-04  3.59982e+02  3.60050e+02  3.46148e+00  3.48926e+00  2.83966e-01  3.11062e+01  1.55591e+02  3.02754e+06 -3.14815e+06  6.28126e+02  0.00000e+00 -1.19983e+05  1.01955e+04 -1.09787e+05  2.83971e-01  1.00000e+00 -3.11215e+01  0.00000e+00  8.54633e+00 
 9.21216e-03  8.00291e-03  0.00000e+00  3.47944e+00  2.23982e-04  3.60012e+02  3.60050e+02  3.37763e+00  3.40478e+00  2.97199e-01  1.99298e+01  1.55624e+02  3.28462e+06 -3.42325e+06  6.12246e+02  0.00000e+00 -1.38025e+05  6.24466e+03 -1.31781e+05  2.97201e-01  1.00000e+00 -1.99456e+01  0.00000e+00  1.02045e+01 
 9.42012e-03  8.24144e-03  0.00000e+00  3.47944e+00  2.21425e-04  3.60043e+02  3.60051e+02  3.27669e+00  3.30288e+00  3.10335e-01  6.86779e+00  1.57422e+02  3.62883e+06 -3.80127e+06  6.00560e+02  0.00000e+00 -1.71834e+05  2.08801e+03 -1.69746e+05  3.10340e-01  1.00000e+00 -6.88443e+00  0.00000e+00  1.23904e+01 
 9.62949e-03  8.47996e-03  0.00000e+00  3.47944e+00  2.15360e-04  3.60078e+02  3.60051e+02  3.16636e+00  3.19111e+00  3.23039e-01 -2.20239e+01  1.61856e+02  4.15135e+06 -4.36601e+06  5.94787e+02  0.00000e+00 -2.14065e+05 -6.58884e+03 -2.20654e+05  3.23040e-01  1.00000e+00  2.19939e+01  0.00000e+00  1.55757e+01 
 9.84019e-03  8.71849e-03  0.00000e+00  3.47944e+00  2.05417e-04  3.60122e+02  3.60052e+02  3.01877e+00  3.04178e+00  3.35823e-01 -7.85568e+01  1.69692e+02  4.95177e+06 -5.23752e+06  5.93877e+02  0.00000e+00 -2.85154e+05 -2.37241e+04 -3.08878e+05  3.35828e-01  1.00000e+00  7.85251e+01  0.00000e+00  2.03990e+01 
 1.00521e-02  8.95702e-03  0.00000e+00  3.47944e+00  1.89762e-04  3.60189e+02  3.60052e+02  2.84945e+00  2.87024e+00  3.48426e-01 -1.88676e+02  1.83693e+02  6.41865e+06 -6.78424e+06  6.02220e+02  0.00000e+00 -3.64987e+05 -5.94637e+04 -4.24451e+05  3.48428e-01  1.00000e+00  1.88642e+02  0.00000e+00  2.92662e+01 
 1.02653e-02  9.19555e-03  0.00000e+00  3.47944e+00  1.68540e-04  3.60324e+02  3.60053e+02  2.57756e+00  2.59446e+00  3.61931e-01 -4.79675e+02  2.06825e+02  9.36569e+06 -9.72893e+06  6.08612e+02  0.00000e+00 -3.62637e+05 -1.63880e+05 -5.26516e+05  3.61938e-01  1.00000e+00  4.79638e+02  0.00000e+00  4.87655e+01 
 1.04795e-02  9.43408e-03  0.00000e+00  3.47944e+00  1.44639e-04  3.60764e+02  3.60053e+02  2.14942e+00  2.15954e+00  3.77090e-01 -4.82002e+03  2.41006e+02  1.71479e+07 -1.53591e+07  6.16005e+02  1.32919e+06  3.11865e+06 -3.17737e+06 -5.87271e+04  3.77102e-01  1.00000e+00  4.81998e+03  3.13436e+03  1.23676e+02 
