# Code_Saturne plot output (1D profile)
#
# Iteration output: 4827
# Time output:      2.30009e+01
#
#COLUMN_TITLES: Distance | X | Y | Z | diameter_Field2 | temp_Field1 | temp_Field2 | Velocity_Field1[Z] | Velocity_Field2[Z] | vol_f_Field2 | mass_trans_Field1 | Xd_Field2 | BK | COAL | COMP | NUCL | W1 | MT | SMBR | ALPBB | CONDNUM | GAMA | GAMANUC | epsilon_Field1
 4.56474e-03  1.39645e-04  0.00000e+00  3.47944e+00  3.32040e-04  3.59833e+02  3.60056e+02  5.10130e+00  5.17623e+00  1.93884e-01  3.21001e+01  1.04928e+02  2.33368e+05 -5.24279e+05  7.66348e+02  0.00000e+00 -2.90145e+05  5.27553e+03 -2.84870e+05  1.93870e-01  1.00000e+00 -3.21606e+01  0.00000e+00  1.15794e+00 
 4.57812e-03  3.76525e-04  4.25872e-21  3.47944e+00  3.52755e-04  3.59834e+02  3.60056e+02  5.09985e+00  5.18002e+00  1.94897e-01  2.97043e+01  9.87665e+01  2.25676e+05 -4.73553e+05  7.21671e+02  0.00000e+00 -2.47155e+05  4.57120e+03 -2.42584e+05  1.94883e-01  1.00000e+00 -2.97605e+01  0.00000e+00  1.17070e+00 
 4.60371e-03  6.13858e-04  0.00000e+00  3.47944e+00  3.70054e-04  3.59835e+02  3.60056e+02  5.09707e+00  5.18139e+00  1.96503e-01  2.79811e+01  9.41493e+01  2.20533e+05 -4.39808e+05  6.88234e+02  0.00000e+00 -2.18586e+05  4.07118e+03 -2.14515e+05  1.96489e-01  1.00000e+00 -2.80343e+01  0.00000e+00  1.19544e+00 
 4.64138e-03  8.51483e-04  0.00000e+00  3.47944e+00  3.86582e-04  3.59837e+02  3.60056e+02  5.09309e+00  5.18116e+00  1.98786e-01  2.65305e+01  9.01240e+01  2.16635e+05 -4.13679e+05  6.58989e+02  0.00000e+00 -1.96385e+05  3.65268e+03 -1.92733e+05  1.98772e-01  1.00000e+00 -2.65814e+01  0.00000e+00  1.23246e+00 
 4.69084e-03  1.08931e-03  0.00000e+00  3.47944e+00  4.04094e-04  3.59840e+02  3.60056e+02  5.08786e+00  5.17940e+00  2.01773e-01  2.51226e+01  8.62183e+01  2.12976e+05 -3.90450e+05  6.30513e+02  0.00000e+00 -1.76843e+05  3.26002e+03 -1.73583e+05  2.01759e-01  1.00000e+00 -2.51713e+01  0.00000e+00  1.28205e+00 
 4.75174e-03  1.32727e-03  1.05001e-20  3.47944e+00  4.23278e-04  3.59843e+02  3.60056e+02  5.08150e+00  5.17456e+00  2.05395e-01  2.35760e+01  8.23107e+01  2.09090e+05 -3.68387e+05  6.02000e+02  0.00000e+00 -1.58694e+05  2.86924e+03 -1.55825e+05  2.05381e-01  1.00000e+00 -2.36224e+01  0.00000e+00  1.34484e+00 
 4.82366e-03  1.56534e-03  0.00000e+00  3.47944e+00  4.44359e-04  3.59847e+02  3.60056e+02  5.07385e+00  5.16703e+00  2.09656e-01  2.20190e+01  7.84058e+01  2.04719e+05 -3.47010e+05  5.73121e+02  0.00000e+00 -1.41718e+05  2.50082e+03 -1.39217e+05  2.09643e-01  1.00000e+00 -2.20632e+01  0.00000e+00  1.42133e+00 
 4.90611e-03  1.80349e-03  8.81027e-21  3.47944e+00  4.67238e-04  3.59852e+02  3.60056e+02  5.06476e+00  5.15738e+00  2.14524e-01  2.04851e+01  7.45666e+01  1.99847e+05 -3.26343e+05  5.44521e+02  0.00000e+00 -1.25951e+05  2.16254e+03 -1.23789e+05  2.14513e-01  1.00000e+00 -2.05272e+01  0.00000e+00  1.51249e+00 
 4.99859e-03  2.04170e-03  0.00000e+00  3.47944e+00  4.91587e-04  3.59858e+02  3.60056e+02  5.05412e+00  5.14588e+00  2.19980e-01  1.90075e+01  7.08732e+01  1.94605e+05 -3.06640e+05  5.16867e+02  0.00000e+00 -1.11518e+05  1.85995e+03 -1.09658e+05  2.19969e-01  1.00000e+00 -1.90475e+01  0.00000e+00  1.61952e+00 
 5.10055e-03  2.27996e-03  7.58893e-21  3.47944e+00  5.16847e-04  3.59864e+02  3.60056e+02  5.04182e+00  5.13258e+00  2.25945e-01  1.76112e+01  6.74094e+01  1.89260e+05 -2.88213e+05  4.90802e+02  0.00000e+00 -9.84629e+04  1.59591e+03 -9.68670e+04  2.25935e-01  1.00000e+00 -1.76495e+01  0.00000e+00  1.74383e+00 
 5.21143e-03  2.51826e-03  7.09702e-21  3.47944e+00  5.42304e-04  3.59872e+02  3.60056e+02  5.02777e+00  5.11744e+00  2.32410e-01  1.63173e+01  6.42452e+01  1.84096e+05 -2.71445e+05  4.66878e+02  0.00000e+00 -8.68818e+04  1.37017e+03 -8.55117e+04  2.32396e-01  1.00000e+00 -1.63541e+01  0.00000e+00  1.88673e+00 
 5.33068e-03  2.75659e-03  1.33300e-20  3.47944e+00  5.67108e-04  3.59880e+02  3.60056e+02  5.01185e+00  5.10037e+00  2.39223e-01  1.51314e+01  6.14353e+01  1.79466e+05 -2.56559e+05  4.45458e+02  0.00000e+00 -7.66474e+04  1.18055e+03 -7.54669e+04  2.39202e-01  1.00000e+00 -1.51669e+01  0.00000e+00  2.04990e+00 
 5.45775e-03  2.99495e-03  1.25651e-20  3.47944e+00  5.90433e-04  3.59888e+02  3.60056e+02  4.99400e+00  5.08134e+00  2.46442e-01  1.40601e+01  5.90084e+01  1.75595e+05 -2.43893e+05  4.26741e+02  0.00000e+00 -6.78715e+04  1.02291e+03 -6.68486e+04  2.46415e-01  1.00000e+00 -1.40947e+01  0.00000e+00  2.23469e+00 
 5.59212e-03  3.23333e-03  0.00000e+00  3.47944e+00  6.11493e-04  3.59898e+02  3.60056e+02  4.97410e+00  5.06022e+00  2.53954e-01  1.30927e+01  5.69762e+01  1.72742e+05 -2.33547e+05  4.10756e+02  0.00000e+00 -6.03945e+04  8.92631e+02 -5.95019e+04  2.53925e-01  1.00000e+00 -1.31267e+01  0.00000e+00  2.44358e+00 
 5.73326e-03  3.47172e-03  0.00000e+00  3.47944e+00  6.29673e-04  3.59908e+02  3.60056e+02  4.95208e+00  5.03698e+00  2.61655e-01  1.22132e+01  5.53313e+01  1.71022e+05 -2.25517e+05  3.97530e+02  0.00000e+00 -5.40979e+04  7.84934e+02 -5.33130e+04  2.61630e-01  1.00000e+00 -1.22469e+01  0.00000e+00  2.67738e+00 
 5.88069e-03  3.71014e-03 -5.35987e-21  3.47944e+00  6.44545e-04  3.59919e+02  3.60056e+02  4.92783e+00  5.01150e+00  2.69378e-01  1.13976e+01  5.40547e+01  1.70558e+05 -2.19709e+05  3.86828e+02  0.00000e+00 -4.87639e+04  6.95206e+02 -4.80687e+04  2.69358e-01  1.00000e+00 -1.14312e+01  0.00000e+00  2.93840e+00 
 6.03395e-03  3.94857e-03  5.10973e-21  3.47944e+00  6.55958e-04  3.59930e+02  3.60056e+02  4.90132e+00  4.98375e+00  2.77186e-01  1.06297e+01  5.31143e+01  1.71340e+05 -2.16113e+05  3.78481e+02  0.00000e+00 -4.43949e+04  6.19270e+02 -4.37757e+04  2.77171e-01  1.00000e+00 -1.06635e+01  0.00000e+00  3.22888e+00 
 6.19261e-03  4.18701e-03  0.00000e+00  3.47944e+00  6.63908e-04  3.59942e+02  3.60056e+02  4.87244e+00  4.95363e+00  2.85003e-01  9.88365e+00  5.24784e+01  1.73383e+05 -2.14602e+05  3.72134e+02  0.00000e+00 -4.08470e+04  5.53458e+02 -4.02936e+04  2.84991e-01  1.00000e+00 -9.91801e+00  0.00000e+00  3.55189e+00 
 6.35626e-03  4.42546e-03  0.00000e+00  3.47944e+00  6.68571e-04  3.59954e+02  3.60056e+02  4.84111e+00  4.92109e+00  2.92836e-01  9.13862e+00  5.21125e+01  1.76635e+05 -2.15075e+05  3.67594e+02  0.00000e+00 -3.80724e+04  4.94751e+02 -3.75776e+04  2.92826e-01  1.00000e+00 -9.17374e+00  0.00000e+00  3.90966e+00 
 6.52453e-03  4.66392e-03 -8.96437e-21  3.47944e+00  6.70156e-04  3.59967e+02  3.60056e+02  4.80730e+00  4.88607e+00  3.00589e-01  8.36911e+00  5.19894e+01  1.81127e+05 -2.17406e+05  3.64562e+02  0.00000e+00 -3.59140e+04  4.40565e+02 -3.54735e+04  3.00579e-01  1.00000e+00 -8.40522e+00  0.00000e+00  4.30652e+00 
 6.69707e-03  4.90238e-03  1.72236e-20  3.47944e+00  6.68975e-04  3.59980e+02  3.60056e+02  4.77084e+00  4.84844e+00  3.08273e-01  7.55504e+00  5.20814e+01  1.86820e+05 -2.21532e+05  3.62869e+02  0.00000e+00 -3.43488e+04  3.88725e+02 -3.39601e+04  3.08262e-01  1.00000e+00 -7.59237e+00  0.00000e+00  4.74555e+00 
 6.87356e-03  5.14086e-03  8.28595e-21  3.47944e+00  6.65268e-04  3.59993e+02  3.60056e+02  4.73169e+00  4.80813e+00  3.15790e-01  6.67292e+00  5.23718e+01  1.93801e+05 -2.27407e+05  3.62322e+02  0.00000e+00 -3.32436e+04  3.37324e+02 -3.29063e+04  3.15778e-01  1.00000e+00 -6.71169e+00  0.00000e+00  5.23315e+00 
 7.05370e-03  5.37934e-03 -1.59677e-20  3.47944e+00  6.59346e-04  3.60007e+02  3.60057e+02  4.68963e+00  4.76495e+00  3.23204e-01  5.70318e+00  5.28424e+01  2.02062e+05 -2.35077e+05  3.62794e+02  0.00000e+00 -3.26528e+04  2.84580e+02 -3.23682e+04  3.23192e-01  1.00000e+00 -5.74361e+00  0.00000e+00  5.77398e+00 
 7.23722e-03  5.61783e-03  0.00000e+00  3.47944e+00  6.51373e-04  3.60021e+02  3.60057e+02  4.64463e+00  4.71884e+00  3.30395e-01  4.62178e+00  5.34894e+01  2.11805e+05 -2.44600e+05  3.64153e+02  0.00000e+00 -3.24313e+04  2.28828e+02 -3.22024e+04  3.30386e-01  1.00000e+00 -4.66409e+00  0.00000e+00  6.37852e+00 
 7.42387e-03  5.85632e-03  0.00000e+00  3.47944e+00  6.41612e-04  3.60036e+02  3.60057e+02  4.59622e+00  4.66938e+00  3.37495e-01  3.40509e+00  5.43033e+01  2.23064e+05 -2.56173e+05  3.66342e+02  0.00000e+00 -3.27424e+04  1.68199e+02 -3.25742e+04  3.37486e-01  1.00000e+00 -3.44953e+00  0.00000e+00  7.05353e+00 
 7.61342e-03  6.09482e-03  0.00000e+00  3.47944e+00  6.30112e-04  3.60051e+02  3.60057e+02  4.54455e+00  4.61665e+00  3.44342e-01  2.02367e+00  5.52947e+01  2.36225e+05 -2.69995e+05  3.69291e+02  0.00000e+00 -3.34002e+04  1.00756e+02 -3.32994e+04  3.44334e-01  1.00000e+00 -2.07051e+00  0.00000e+00  7.81697e+00 
 7.80566e-03  6.33332e-03  0.00000e+00  3.47944e+00  6.17091e-04  3.60066e+02  3.60057e+02  4.48864e+00  4.55975e+00  3.51139e-01  4.42541e-01  5.64618e+01  2.51385e+05 -2.86468e+05  3.72984e+02  0.00000e+00 -3.47100e+04  2.39776e+01 -3.46860e+04  3.51129e-01  1.00000e+00 -4.92070e-01  0.00000e+00  8.67947e+00 
 8.00039e-03  6.57182e-03  0.00000e+00  3.47944e+00  6.02485e-04  3.60082e+02  3.60058e+02  4.42918e+00  4.49929e+00  3.57695e-01 -3.25451e+00  5.78308e+01  2.69215e+05 -3.06027e+05  3.77427e+02  0.00000e+00 -3.64344e+04 -1.53608e+02 -3.65880e+04  3.57684e-01  1.00000e+00  3.13519e+00  0.00000e+00  9.67294e+00 
 8.19744e-03  6.81033e-03  1.31016e-20  3.47944e+00  5.86474e-04  3.60098e+02  3.60058e+02  4.36374e+00  4.43292e+00  3.64246e-01 -8.15743e+00  5.94100e+01  2.89962e+05 -3.29371e+05  3.82532e+02  0.00000e+00 -3.90263e+04 -3.96925e+02 -3.94232e+04  3.64236e-01  1.00000e+00  8.03048e+00  0.00000e+00  1.08170e+01 
 8.39664e-03  7.04884e-03  0.00000e+00  3.47944e+00  5.68797e-04  3.60115e+02  3.60058e+02  4.29485e+00  4.36310e+00  3.70644e-01 -1.40081e+01  6.12567e+01  3.14827e+05 -3.57597e+05  3.88750e+02  0.00000e+00 -4.23811e+04 -6.94782e+02 -4.30759e+04  3.70635e-01  1.00000e+00  1.38724e+01  0.00000e+00  1.21696e+01 
 8.59784e-03  7.28736e-03  0.00000e+00  3.47944e+00  5.49544e-04  3.60133e+02  3.60059e+02  4.21602e+00  4.28340e+00  3.77102e-01 -2.11575e+01  6.34033e+01  3.44512e+05 -3.92165e+05  3.95561e+02  0.00000e+00 -4.72569e+04 -1.07057e+03 -4.83274e+04  3.77093e-01  1.00000e+00  2.10118e+01  0.00000e+00  1.37695e+01 
 8.80092e-03  7.52587e-03  0.00000e+00  3.47944e+00  5.28220e-04  3.60153e+02  3.60059e+02  4.13564e+00  4.20221e+00  3.83314e-01 -3.01490e+01  6.59632e+01  3.81688e+05 -4.35287e+05  4.03636e+02  0.00000e+00 -5.31947e+04 -1.56401e+03 -5.47587e+04  3.83305e-01  1.00000e+00  2.99914e+01  0.00000e+00  1.57508e+01 
 9.00573e-03  7.76439e-03 -1.17014e-20  3.47944e+00  5.04931e-04  3.60176e+02  3.60059e+02  4.03594e+00  4.10173e+00  3.89671e-01 -4.18467e+01  6.90062e+01  4.27731e+05 -4.90552e+05  4.12766e+02  0.00000e+00 -6.24083e+04 -2.23646e+03 -6.46447e+04  3.89661e-01  1.00000e+00  4.16751e+01  0.00000e+00  1.81717e+01 
 9.21216e-03  8.00291e-03  0.00000e+00  3.47944e+00  4.78786e-04  3.60203e+02  3.60060e+02  3.94067e+00  4.00560e+00  3.95949e-01 -5.78023e+01  7.27750e+01  4.89162e+05 -5.63627e+05  4.24561e+02  0.00000e+00 -7.40398e+04 -3.20891e+03 -7.72487e+04  3.95939e-01  1.00000e+00  5.76133e+01  0.00000e+00  2.13987e+01 
 9.42012e-03  8.24144e-03  0.00000e+00  3.47944e+00  4.49835e-04  3.60235e+02  3.60060e+02  3.80540e+00  3.86942e+00  4.02523e-01 -8.07185e+01  7.74595e+01  5.70640e+05 -6.64318e+05  4.37206e+02  0.00000e+00 -9.32408e+04 -4.69476e+03 -9.79356e+04  4.02508e-01  1.00000e+00  8.05077e+01  0.00000e+00  2.56131e+01 
 9.62949e-03  8.47996e-03  0.00000e+00  3.47944e+00  4.16464e-04  3.60278e+02  3.60061e+02  3.68424e+00  3.74526e+00  4.09225e-01 -1.16395e+02  8.36672e+01  6.91386e+05 -8.11136e+05  4.56277e+02  0.00000e+00 -1.19294e+05 -7.19644e+03 -1.26491e+05  4.09208e-01  1.00000e+00  1.16155e+02  0.00000e+00  3.19242e+01 
 9.84019e-03  8.71849e-03  0.00000e+00  3.47944e+00  3.78573e-04  3.60340e+02  3.60061e+02  3.48223e+00  3.53665e+00  4.16254e-01 -1.76736e+02  9.20424e+01  8.74011e+05 -1.03976e+06  4.75417e+02  0.00000e+00 -1.65272e+05 -1.18235e+04 -1.77096e+05  4.16234e-01  1.00000e+00  1.76457e+02  0.00000e+00  4.13555e+01 
 1.00521e-02  8.95702e-03  0.00000e+00  3.47944e+00  3.33358e-04  3.60439e+02  3.60062e+02  3.29888e+00  3.34633e+00  4.23609e-01 -2.98052e+02  1.04528e+02  1.20421e+06 -1.43372e+06  5.06314e+02  0.00000e+00 -2.29004e+05 -2.22605e+04 -2.51265e+05  4.23597e-01  1.00000e+00  2.97713e+02  0.00000e+00  5.91936e+01 
 1.02653e-02  9.19555e-03  0.00000e+00  3.47944e+00  2.81256e-04  3.60636e+02  3.60063e+02  2.93338e+00  2.97298e+00  4.31964e-01 -6.00132e+02  1.23894e+02  1.86903e+06 -2.17145e+06  5.30044e+02  0.00000e+00 -3.01895e+05 -5.21157e+04 -3.54011e+05  4.31977e-01  1.00000e+00  5.99696e+02  0.00000e+00  9.80649e+01 
 1.04795e-02  9.43408e-03  0.00000e+00  3.47944e+00  2.23794e-04  3.61197e+02  3.60064e+02  2.44024e+00  2.46627e+00  4.42905e-01 -5.10328e+03  1.55708e+02  3.70572e+06 -3.33774e+06  5.68937e+02  9.62256e+05  1.33081e+06 -1.33255e+06 -1.74171e+03  4.42956e-01  1.00000e+00  5.10267e+03  3.36674e+03  2.48412e+02 
