# Code_Saturne plot output (1D profile)
#
# Iteration output: 4634
# Time output:      2.30006e+01
#
#COLUMN_TITLES: Distance | X | Y | Z | diameter_Field2 | temp_Field1 | temp_Field2 | Velocity_Field1[Z] | Velocity_Field2[Z] | vol_f_Field2 | mass_trans_Field1 | Xd_Field2 | BK | COAL | COMP | NUCL | W1 | MT | SMBR | ALPBB | CONDNUM | GAMA | GAMANUC | epsilon_Field1
 4.56474e-03  1.39645e-04  0.00000e+00  3.47944e+00  1.61419e-04  3.59760e+02  3.60055e+02  4.89330e+00  4.92815e+00  1.23752e-01  6.84761e+01  2.15857e+02  8.71887e+04 -9.31078e+05  1.43834e+03  0.00000e+00 -8.42451e+05  5.72398e+04 -7.85211e+05  1.23786e-01  1.00000e+00 -6.82542e+01  0.00000e+00  7.12715e-01 
 4.57812e-03  3.76525e-04  4.25872e-21  3.47944e+00  2.00043e-04  3.59761e+02  3.60055e+02  4.89217e+00  4.93685e+00  1.24825e-01  5.18458e+01  1.74180e+02  1.61026e+05 -6.50450e+05  1.16233e+03  0.00000e+00 -4.88261e+05  3.46741e+04 -4.53587e+05  1.24858e-01  1.00000e+00 -5.16771e+01  0.00000e+00  7.22005e-01 
 4.60371e-03  6.13858e-04  0.00000e+00  3.47944e+00  2.24647e-04  3.59762e+02  3.60055e+02  4.89015e+00  4.94100e+00  1.26766e-01  4.50389e+01  1.55103e+02  1.96657e+05 -5.44076e+05  1.03611e+03  0.00000e+00 -3.46384e+05  2.64133e+04 -3.19970e+05  1.26799e-01  1.00000e+00 -4.48915e+01  0.00000e+00  7.39987e-01 
 4.64138e-03  8.51483e-04  0.00000e+00  3.47944e+00  2.41486e-04  3.59765e+02  3.60055e+02  4.88731e+00  4.94221e+00  1.29528e-01  4.16342e+01  1.44288e+02  2.18275e+05 -4.95473e+05  9.64404e+02  0.00000e+00 -2.76234e+05  2.22299e+04 -2.54004e+05  1.29562e-01  1.00000e+00 -4.14968e+01  0.00000e+00  7.66994e-01 
 4.69084e-03  1.08931e-03  0.00000e+00  3.47944e+00  2.54610e-04  3.59768e+02  3.60055e+02  4.88351e+00  4.94137e+00  1.33184e-01  3.96316e+01  1.36850e+02  2.35647e+05 -4.70962e+05  9.14924e+02  0.00000e+00 -2.34399e+05  1.95186e+04 -2.14881e+05  1.33218e-01  1.00000e+00 -3.94993e+01  0.00000e+00  8.03445e-01 
 4.75174e-03  1.32727e-03  1.05001e-20  3.47944e+00  2.66100e-04  3.59773e+02  3.60055e+02  4.87868e+00  4.93896e+00  1.37706e-01  3.82665e+01  1.30941e+02  2.51830e+05 -4.58326e+05  8.75450e+02  0.00000e+00 -2.05621e+05  1.74398e+04 -1.88181e+05  1.37741e-01  1.00000e+00 -3.81368e+01  0.00000e+00  8.50077e-01 
 4.82366e-03  1.56534e-03  0.00000e+00  3.47944e+00  2.77149e-04  3.59779e+02  3.60055e+02  4.87275e+00  4.93521e+00  1.43122e-01  3.71886e+01  1.25721e+02  2.67609e+05 -4.52110e+05  8.40440e+02  0.00000e+00 -1.83660e+05  1.56565e+04 -1.68003e+05  1.43156e-01  1.00000e+00 -3.70600e+01  0.00000e+00  9.07747e-01 
 4.90611e-03  1.80349e-03  8.81027e-21  3.47944e+00  2.88478e-04  3.59785e+02  3.60055e+02  4.86561e+00  4.93019e+00  1.49381e-01  3.61969e+01  1.20784e+02  2.82930e+05 -4.49230e+05  8.07228e+02  0.00000e+00 -1.65492e+05  1.40265e+04 -1.51466e+05  1.49412e-01  1.00000e+00 -3.60690e+01  0.00000e+00  9.77532e-01 
 4.99859e-03  2.04170e-03  0.00000e+00  3.47944e+00  3.00558e-04  3.59793e+02  3.60055e+02  4.85713e+00  4.92391e+00  1.56504e-01  3.51858e+01  1.15929e+02  2.97302e+05 -4.47961e+05  7.74444e+02  0.00000e+00 -1.49885e+05  1.24901e+04 -1.37395e+05  1.56535e-01  1.00000e+00 -3.50581e+01  0.00000e+00  1.06054e+00 
 5.10055e-03  2.27996e-03  7.58893e-21  3.47944e+00  3.13679e-04  3.59801e+02  3.60055e+02  4.84717e+00  4.91627e+00  1.64391e-01  3.40746e+01  1.11080e+02  3.10215e+05 -4.46929e+05  7.41500e+02  0.00000e+00 -1.35972e+05  1.10328e+04 -1.24940e+05  1.64421e-01  1.00000e+00 -3.39471e+01  0.00000e+00  1.15833e+00 
 5.21143e-03  2.51826e-03  7.09702e-21  3.47944e+00  3.28017e-04  3.59810e+02  3.60055e+02  4.83559e+00  4.90718e+00  1.72998e-01  3.28316e+01  1.06225e+02  3.21058e+05 -4.45282e+05  7.08474e+02  0.00000e+00 -1.23515e+05  9.65943e+03 -1.13856e+05  1.73019e-01  1.00000e+00 -3.27045e+01  0.00000e+00  1.27211e+00 
 5.33068e-03  2.75659e-03  1.33300e-20  3.47944e+00  3.43607e-04  3.59820e+02  3.60055e+02  4.82222e+00  4.89647e+00  1.82189e-01  3.14337e+01  1.01405e+02  3.29446e+05 -4.42348e+05  6.75523e+02  0.00000e+00 -1.12226e+05  8.38302e+03 -1.03843e+05  1.82188e-01  1.00000e+00 -3.13071e+01  0.00000e+00  1.40337e+00 
 5.45775e-03  2.99495e-03  1.25651e-20  3.47944e+00  3.60385e-04  3.59831e+02  3.60055e+02  4.80691e+00  4.88397e+00  1.91877e-01  2.99009e+01  9.66842e+01  3.35197e+05 -4.37920e+05  6.43161e+02  0.00000e+00 -1.02080e+05  7.21893e+03 -9.48610e+04  1.91849e-01  1.00000e+00 -2.97752e+01  0.00000e+00  1.55371e+00 
 5.59212e-03  3.23333e-03  0.00000e+00  3.47944e+00  3.78138e-04  3.59842e+02  3.60055e+02  4.78953e+00  4.86946e+00  2.01946e-01  2.82585e+01  9.21450e+01  3.38375e+05 -4.32041e+05  6.11936e+02  0.00000e+00 -9.30541e+04  6.17751e+03 -8.68766e+04  2.01890e-01  1.00000e+00 -2.81338e+01  0.00000e+00  1.72438e+00 
 5.73326e-03  3.47172e-03  0.00000e+00  3.47944e+00  3.96509e-04  3.59854e+02  3.60055e+02  4.77022e+00  4.85278e+00  2.12300e-01  2.65454e+01  8.78759e+01  3.39359e+05 -4.25050e+05  5.82217e+02  0.00000e+00 -8.51088e+04  5.26379e+03 -7.98450e+04  2.12209e-01  1.00000e+00 -2.64220e+01  0.00000e+00  1.91688e+00 
 5.88069e-03  3.71014e-03 -5.35987e-21  3.47944e+00  4.15001e-04  3.59867e+02  3.60055e+02  4.74914e+00  4.83225e+00  2.22781e-01  2.46694e+01  8.39604e+01  3.38892e+05 -4.17457e+05  5.54635e+02  0.00000e+00 -7.80104e+04  4.45308e+03 -7.35573e+04  2.22656e-01  1.00000e+00 -2.45478e+01  0.00000e+00  2.13405e+00 
 6.03395e-03  3.94857e-03  5.10973e-21  3.47944e+00  4.33084e-04  3.59880e+02  3.60055e+02  4.72587e+00  4.80827e+00  2.33317e-01  2.28294e+01  8.04547e+01  3.37581e+05 -4.09938e+05  5.29534e+02  0.00000e+00 -7.18273e+04  3.76932e+03 -6.80579e+04  2.33179e-01  1.00000e+00 -2.27094e+01  0.00000e+00  2.37689e+00 
 6.19261e-03  4.18701e-03  0.00000e+00  3.47944e+00  4.50153e-04  3.59893e+02  3.60055e+02  4.70016e+00  4.78145e+00  2.43738e-01  2.10588e+01  7.74042e+01  3.36288e+05 -4.03087e+05  5.07237e+02  0.00000e+00 -6.62922e+04  3.20068e+03 -6.30916e+04  2.43608e-01  1.00000e+00 -2.09399e+01  0.00000e+00  2.64821e+00 
 6.35626e-03  4.42546e-03  0.00000e+00  3.47944e+00  4.65663e-04  3.59906e+02  3.60055e+02  4.67186e+00  4.75196e+00  2.54065e-01  1.93797e+01  7.48263e+01  3.35610e+05 -3.97629e+05  4.87992e+02  0.00000e+00 -6.15317e+04  2.73009e+03 -5.88016e+04  2.53956e-01  1.00000e+00 -1.92614e+01  0.00000e+00  2.95012e+00 
 6.52453e-03  4.66392e-03 -8.96437e-21  3.47944e+00  4.79116e-04  3.59920e+02  3.60055e+02  4.64095e+00  4.71986e+00  2.64206e-01  1.77815e+01  7.27254e+01  3.36202e+05 -3.94105e+05  4.71688e+02  0.00000e+00 -5.74314e+04  2.33957e+03 -5.50919e+04  2.64127e-01  1.00000e+00 -1.76631e+01  0.00000e+00  3.28624e+00 
 6.69707e-03  4.90238e-03  1.72236e-20  3.47944e+00  4.90181e-04  3.59934e+02  3.60055e+02  4.60732e+00  4.68505e+00  2.74157e-01  1.62524e+01  7.10839e+01  3.38434e+05 -3.92943e+05  4.58267e+02  0.00000e+00 -5.40506e+04  2.01264e+03 -5.20379e+04  2.74107e-01  1.00000e+00 -1.61331e+01  0.00000e+00  3.65925e+00 
 6.87356e-03  5.14086e-03  8.28595e-21  3.47944e+00  4.98627e-04  3.59949e+02  3.60055e+02  4.57094e+00  4.64749e+00  2.83832e-01  1.47631e+01  6.98801e+01  3.42742e+05 -3.94475e+05  4.47469e+02  0.00000e+00 -5.12864e+04  1.73434e+03 -4.95520e+04  2.83810e-01  1.00000e+00 -1.46421e+01  0.00000e+00  4.07429e+00 
 7.05370e-03  5.37934e-03 -1.59677e-20  3.47944e+00  5.04418e-04  3.59963e+02  3.60055e+02  4.53162e+00  4.60706e+00  2.93267e-01  1.32873e+01  6.90781e+01  3.49264e+05 -3.98940e+05  4.39086e+02  0.00000e+00 -4.92364e+04  1.49165e+03 -4.77447e+04  2.93269e-01  1.00000e+00 -1.31638e+01  0.00000e+00  4.53539e+00 
 7.23722e-03  5.61783e-03  0.00000e+00  3.47944e+00  5.07534e-04  3.59978e+02  3.60055e+02  4.48935e+00  4.56367e+00  3.02363e-01  1.17879e+01  6.86541e+01  3.58382e+05 -4.06537e+05  4.32816e+02  0.00000e+00 -4.77228e+04  1.27370e+03 -4.64491e+04  3.02384e-01  1.00000e+00 -1.16612e+01  0.00000e+00  5.05099e+00 
 7.42387e-03  5.85632e-03  0.00000e+00  3.47944e+00  5.08137e-04  3.59993e+02  3.60056e+02  4.44376e+00  4.51702e+00  3.11240e-01  1.02330e+01  6.85731e+01  3.70124e+05 -4.17551e+05  4.28479e+02  0.00000e+00 -4.69978e+04  1.07063e+03 -4.59271e+04  3.11277e-01  1.00000e+00 -1.01022e+01  0.00000e+00  5.62705e+00 
 7.61342e-03  6.09482e-03  0.00000e+00  3.47944e+00  5.06274e-04  3.60008e+02  3.60056e+02  4.39489e+00  4.46710e+00  3.19745e-01  8.58107e+00  6.88256e+01  3.85063e+05 -4.32251e+05  4.25814e+02  0.00000e+00 -4.67624e+04  8.74414e+02 -4.58880e+04  3.19794e-01  1.00000e+00 -8.44531e+00  0.00000e+00  6.27827e+00 
 7.80566e-03  6.33332e-03  0.00000e+00  3.47944e+00  5.02177e-04  3.60024e+02  3.60056e+02  4.34198e+00  4.41319e+00  3.28081e-01  6.79077e+00  6.93874e+01  4.03239e+05 -4.51137e+05  4.24709e+02  0.00000e+00 -4.74731e+04  6.76408e+02 -4.67967e+04  3.28142e-01  1.00000e+00 -6.64911e+00  0.00000e+00  7.01375e+00 
 8.00039e-03  6.57182e-03  0.00000e+00  3.47944e+00  4.95835e-04  3.60040e+02  3.60056e+02  4.28541e+00  4.35562e+00  3.36050e-01  4.81011e+00  7.02754e+01  4.25665e+05 -4.74816e+05  4.25007e+02  0.00000e+00 -4.87262e+04  4.68883e+02 -4.82573e+04  3.36121e-01  1.00000e+00 -4.66153e+00  0.00000e+00  7.86019e+00 
 8.19744e-03  6.81033e-03  1.31016e-20  3.47944e+00  4.87475e-04  3.60056e+02  3.60056e+02  4.22343e+00  4.29270e+00  3.43898e-01  2.57441e+00  7.14808e+01  4.52573e+05 -5.04193e+05  4.26649e+02  0.00000e+00 -5.11934e+04  2.41712e+02 -5.09517e+04  3.43979e-01  1.00000e+00 -2.41774e+00  0.00000e+00  8.83353e+00 
 8.39664e-03  7.04884e-03  0.00000e+00  3.47944e+00  4.76982e-04  3.60072e+02  3.60057e+02  4.15750e+00  4.22582e+00  3.51461e-01 -7.76600e-02  7.30537e+01  4.85693e+05 -5.40664e+05  4.29688e+02  0.00000e+00 -5.45419e+04 -4.49483e+01 -5.45868e+04  3.51551e-01  1.00000e+00  4.49605e-01  0.00000e+00  9.98297e+00 
 8.59784e-03  7.28736e-03  0.00000e+00  3.47944e+00  4.64563e-04  3.60089e+02  3.60057e+02  4.08305e+00  4.15046e+00  3.58990e-01 -6.99267e+00  7.50072e+01  5.25850e+05 -5.85917e+05  4.33731e+02  0.00000e+00 -5.96342e+04 -7.42507e+02 -6.03767e+04  3.59086e-01  1.00000e+00  7.38873e+00  0.00000e+00  1.13442e+01 
 8.80092e-03  7.52587e-03  0.00000e+00  3.47944e+00  4.49814e-04  3.60108e+02  3.60057e+02  4.00566e+00  4.07211e+00  3.66266e-01 -1.54467e+01  7.74670e+01  5.76793e+05 -6.43369e+05  4.39350e+02  0.00000e+00 -6.61367e+04 -1.61454e+03 -6.77512e+04  3.66365e-01  1.00000e+00  1.58716e+01  0.00000e+00  1.30248e+01 
 9.00573e-03  7.76439e-03 -1.17014e-20  3.47944e+00  4.32790e-04  3.60128e+02  3.60058e+02  3.91160e+00  3.97685e+00  3.73646e-01 -2.62564e+01  8.05149e+01  6.40634e+05 -7.17765e+05  4.46616e+02  0.00000e+00 -7.66839e+04 -2.76880e+03 -7.94527e+04  3.73750e-01  1.00000e+00  2.67158e+01  0.00000e+00  1.50850e+01 
 9.21216e-03  8.00291e-03  0.00000e+00  3.47944e+00  4.12722e-04  3.60151e+02  3.60058e+02  3.81990e+00  3.88310e+00  3.80836e-01 -4.08378e+01  8.44305e+01  7.27023e+05 -8.17739e+05  4.56629e+02  0.00000e+00 -9.02587e+04 -4.40802e+03 -9.46667e+04  3.80944e-01  1.00000e+00  4.13404e+01  0.00000e+00  1.78296e+01 
 9.42012e-03  8.24144e-03  0.00000e+00  3.47944e+00  3.89647e-04  3.60179e+02  3.60059e+02  3.69583e+00  3.75414e+00  3.88313e-01 -6.16485e+01  8.94312e+01  8.43590e+05 -9.56061e+05  4.68099e+02  0.00000e+00 -1.12002e+05 -6.89022e+03 -1.18893e+05  3.88426e-01  1.00000e+00  6.22043e+01  0.00000e+00  2.14898e+01 
 9.62949e-03  8.47996e-03  0.00000e+00  3.47944e+00  3.62471e-04  3.60216e+02  3.60059e+02  3.57303e+00  3.62471e+00  3.95885e-01 -9.41264e+01  9.61371e+01  1.01576e+06 -1.15879e+06  4.85587e+02  0.00000e+00 -1.42549e+05 -1.10669e+04 -1.53615e+05  3.95998e-01  1.00000e+00  9.47538e+01  0.00000e+00  2.69088e+01 
 9.84019e-03  8.71849e-03  0.00000e+00  3.47944e+00  3.31003e-04  3.60269e+02  3.60060e+02  3.38362e+00  3.42954e+00  4.03642e-01 -1.50164e+02  1.05278e+02  1.27491e+06 -1.47374e+06  5.04172e+02  0.00000e+00 -1.98324e+05 -1.89281e+04 -2.17252e+05  4.03757e-01  1.00000e+00  1.50889e+02  0.00000e+00  3.49132e+01 
 1.00521e-02  8.95702e-03  0.00000e+00  3.47944e+00  2.92492e-04  3.60355e+02  3.60060e+02  3.20388e+00  3.24410e+00  4.11576e-01 -2.65437e+02  1.19140e+02  1.74699e+06 -2.02809e+06  5.34606e+02  0.00000e+00 -2.80570e+05 -3.70784e+04 -3.17649e+05  4.11688e-01  1.00000e+00  2.66314e+02  0.00000e+00  4.99520e+01 
 1.02653e-02  9.19555e-03  0.00000e+00  3.47944e+00  2.46466e-04  3.60530e+02  3.60061e+02  2.86247e+00  2.89650e+00  4.20473e-01 -5.66620e+02  1.41392e+02  2.72094e+06 -3.12797e+06  5.62471e+02  0.00000e+00 -4.06470e+05 -9.18255e+04 -4.98295e+05  4.20582e-01  1.00000e+00  5.67747e+02  0.00000e+00  8.28474e+01 
 1.04795e-02  9.43408e-03  0.00000e+00  3.47944e+00  1.91635e-04  3.61053e+02  3.60062e+02  2.38542e+00  2.40579e+00  4.32442e-01 -5.22713e+03  1.81851e+02  5.61263e+06 -5.56133e+06  6.22528e+02  1.94348e+06  1.99540e+06 -2.01100e+06 -1.55998e+04  4.32530e-01  1.00000e+00  5.22873e+03  3.40155e+03  2.10160e+02 
