# Code_Saturne plot output (1D profile)
#
# Iteration output: 2173
# Time output:      2.30001e+01
#
#COLUMN_TITLES: Distance | X | Y | Z | diameter_Field2 | temp_Field1 | temp_Field2 | Velocity_Field1[Z] | Velocity_Field2[Z] | vol_f_Field2 | mass_trans_Field1 | Xd_Field2 | BK | COAL | COMP | NUCL | W1 | MT | SMBR | ALPBB | CONDNUM | GAMA | GAMANUC | epsilon_Field1
 4.56474e-03  1.39645e-04  0.00000e+00  3.47944e+00  1.96997e-05  3.59302e+02  3.60052e+02  4.25979e+00  4.26094e+00  8.18623e-03  2.01769e+02  1.76915e+03  6.91743e-82 -9.26289e+05  9.13428e+03  0.00000e+00 -9.17155e+05  2.00166e+07  1.90995e+07  8.18800e-03  1.00000e+00 -2.01709e+02  0.00000e+00  4.28335e-01 
 4.57812e-03  3.76525e-04  4.25872e-21  3.47944e+00  3.07032e-05  3.59302e+02  3.60052e+02  4.25966e+00  4.26201e+00  9.70354e-03  1.27552e+02  1.13512e+03  2.27452e-34 -5.20336e+05  5.80376e+03  0.00000e+00 -5.14532e+05  6.85304e+06  6.33851e+06  9.70277e-03  1.00000e+00 -1.27513e+02  0.00000e+00  4.32087e-01 
 4.60371e-03  6.13858e-04  0.00000e+00  3.47944e+00  4.12860e-05  3.59304e+02  3.60052e+02  4.25867e+00  4.26238e+00  1.11096e-02  9.65376e+01  8.44155e+02  1.26883e-17 -3.62534e+05  4.31817e+03  0.00000e+00 -3.58216e+05  3.37007e+06  3.01185e+06  1.11070e-02  1.00000e+00 -9.65084e+01  0.00000e+00  4.39336e-01 
 4.64138e-03  8.51483e-04  0.00000e+00  3.47944e+00  5.11403e-05  3.59309e+02  3.60052e+02  4.25703e+00  4.26231e+00  1.24755e-02  7.98387e+01  6.81493e+02  7.96912e-10 -2.85151e+05  3.48672e+03  0.00000e+00 -2.81664e+05  2.00402e+06  1.72235e+06  1.24721e-02  1.00000e+00 -7.98143e+01  0.00000e+00  4.50128e-01 
 4.69084e-03  1.08931e-03  0.00000e+00  3.47944e+00  6.03765e-05  3.59317e+02  3.60052e+02  4.25467e+00  4.26171e+00  1.40107e-02  7.01093e+01  5.77240e+02  1.80816e-05 -2.43802e+05  2.95311e+03  0.00000e+00 -2.40849e+05  1.32738e+06  1.08653e+06  1.40068e-02  1.00000e+00 -7.00876e+01  0.00000e+00  4.64621e-01 
 4.75174e-03  1.32727e-03  1.05001e-20  3.47944e+00  6.90125e-05  3.59327e+02  3.60052e+02  4.25159e+00  4.26028e+00  1.58678e-02  6.51372e+01  5.05006e+02  9.19881e-03 -2.22523e+05  2.58500e+03  0.00000e+00 -2.19938e+05  9.52709e+05  7.32771e+05  1.58635e-02  1.00000e+00 -6.51168e+01  0.00000e+00  4.83073e-01 
 4.82366e-03  1.56534e-03  0.00000e+00  3.47944e+00  7.72153e-05  3.59340e+02  3.60052e+02  4.24780e+00  4.25808e+00  1.80725e-02  6.25287e+01  4.51358e+02  6.26677e-01 -2.12235e+05  2.31109e+03  0.00000e+00 -2.09923e+05  7.17706e+05  5.07783e+05  1.80679e-02  1.00000e+00 -6.25087e+01  0.00000e+00  5.05797e-01 
 4.90611e-03  1.80349e-03  8.81027e-21  3.47944e+00  8.51607e-05  3.59356e+02  3.60052e+02  4.24325e+00  4.25509e+00  2.06638e-02  6.13153e+01  4.09247e+02  1.31992e+01 -2.08663e+05  2.09562e+03  0.00000e+00 -2.06554e+05  5.58107e+05  3.51553e+05  2.06589e-02  1.00000e+00 -6.12952e+01  0.00000e+00  5.33297e-01 
 4.99859e-03  2.04170e-03  0.00000e+00  3.47944e+00  9.29590e-05  3.59375e+02  3.60052e+02  4.23792e+00  4.25129e+00  2.36880e-02  6.09971e+01  3.74916e+02  1.30574e+02 -2.09753e+05  1.91962e+03  0.00000e+00 -2.07703e+05  4.43707e+05  2.36004e+05  2.36827e-02  1.00000e+00 -6.09767e+01  0.00000e+00  5.66178e-01 
 5.10055e-03  2.27996e-03  7.58893e-21  3.47944e+00  1.00647e-04  3.59396e+02  3.60052e+02  4.23178e+00  4.24664e+00  2.71979e-02  6.13148e+01  3.46276e+02  7.63130e+02 -2.14571e+05  1.77249e+03  0.00000e+00 -2.12035e+05  3.58786e+05  1.46751e+05  2.71924e-02  1.00000e+00 -6.12936e+01  0.00000e+00  6.05207e-01 
 5.21143e-03  2.51826e-03  7.09702e-21  3.47944e+00  1.08199e-04  3.59420e+02  3.60052e+02  4.22477e+00  4.24108e+00  3.12545e-02  6.21391e+01  3.22107e+02  3.02561e+03 -2.22813e+05  1.64800e+03  0.00000e+00 -2.18139e+05  2.94332e+05  7.61924e+04  3.12488e-02  1.00000e+00 -6.21168e+01  0.00000e+00  6.51296e-01 
 5.33068e-03  2.75659e-03  1.33300e-20  3.47944e+00  1.15537e-04  3.59446e+02  3.60052e+02  4.21682e+00  4.23451e+00  3.59238e-02  6.34074e+01  3.01650e+02  8.92222e+03 -2.34554e+05  1.54225e+03  0.00000e+00 -2.24089e+05  2.44706e+05  2.06165e+04  3.59180e-02  1.00000e+00 -6.33837e+01  0.00000e+00  7.05526e-01 
 5.45775e-03  2.99495e-03  1.25651e-20  3.47944e+00  1.22557e-04  3.59473e+02  3.60052e+02  4.20786e+00  4.22683e+00  4.12783e-02  6.50903e+01  2.84372e+02  2.09248e+04 -2.50129e+05  1.45256e+03  0.00000e+00 -2.27751e+05  2.06093e+05 -2.16588e+04  4.12724e-02  1.00000e+00 -6.50648e+01  0.00000e+00  7.69172e-01 
 5.59212e-03  3.23333e-03  0.00000e+00  3.47944e+00  1.29163e-04  3.59503e+02  3.60052e+02  4.19779e+00  4.21792e+00  4.73903e-02  6.71523e+01  2.69829e+02  4.11224e+04 -2.69981e+05  1.37659e+03  0.00000e+00 -2.27482e+05  1.75726e+05 -5.17559e+04  4.73844e-02  1.00000e+00 -6.71247e+01  0.00000e+00  8.43768e-01 
 5.73326e-03  3.47172e-03  0.00000e+00  3.47944e+00  1.35302e-04  3.59534e+02  3.60052e+02  4.18650e+00  4.20767e+00  5.43373e-02  6.95388e+01  2.57587e+02  7.05959e+04 -2.94585e+05  1.31211e+03  0.00000e+00 -2.22677e+05  1.51502e+05 -7.11752e+04  5.43320e-02  1.00000e+00 -6.95087e+01  0.00000e+00  9.31077e-01 
 5.88069e-03  3.71014e-03 -5.35987e-21  3.47944e+00  1.40987e-04  3.59566e+02  3.60052e+02  4.17386e+00  4.19596e+00  6.21903e-02  7.21444e+01  2.47200e+02  1.09414e+05 -3.24295e+05  1.25684e+03  0.00000e+00 -2.13624e+05  1.31790e+05 -8.18341e+04  6.21855e-02  1.00000e+00 -7.21112e+01  0.00000e+00  1.03321e+00 
 6.03395e-03  3.94857e-03  5.10973e-21  3.47944e+00  1.46297e-04  3.59599e+02  3.60052e+02  4.15970e+00  4.18264e+00  7.10211e-02  7.39884e+01  2.38227e+02  1.56943e+05 -3.59311e+05  1.20848e+03  0.00000e+00 -2.01159e+05  1.14053e+05 -8.71062e+04  7.10167e-02  1.00000e+00 -7.39519e+01  0.00000e+00  1.15256e+00 
 6.19261e-03  4.18701e-03  0.00000e+00  3.47944e+00  1.51338e-04  3.59632e+02  3.60052e+02  4.14386e+00  4.16758e+00  8.08568e-02  7.55037e+01  2.30293e+02  2.12130e+05 -3.99541e+05  1.16504e+03  0.00000e+00 -1.86246e+05  9.88229e+04 -8.74233e+04  8.08522e-02  1.00000e+00 -7.54637e+01  0.00000e+00  1.29204e+00 
 6.35626e-03  4.42546e-03  0.00000e+00  3.47944e+00  1.56242e-04  3.59666e+02  3.60052e+02  4.12609e+00  4.15053e+00  9.17464e-02  7.65358e+01  2.23064e+02  2.73565e+05 -4.44809e+05  1.12486e+03  0.00000e+00 -1.70119e+05  8.55088e+04 -8.46097e+04  9.17420e-02  1.00000e+00 -7.64919e+01  0.00000e+00  1.45477e+00 
 6.52453e-03  4.66392e-03 -8.96437e-21  3.47944e+00  1.61157e-04  3.59699e+02  3.60052e+02  4.10616e+00  4.13121e+00  1.03652e-01  7.68417e+01  2.16262e+02  3.39684e+05 -4.94319e+05  1.08637e+03  0.00000e+00 -1.53549e+05  7.36680e+04 -7.98807e+04  1.03648e-01  1.00000e+00 -7.67938e+01  0.00000e+00  1.64460e+00 
 6.69707e-03  4.90238e-03  1.72236e-20  3.47944e+00  1.66230e-04  3.59731e+02  3.60052e+02  4.08379e+00  4.10941e+00  1.16587e-01  7.62795e+01  2.09662e+02  4.08509e+05 -5.47273e+05  1.04866e+03  0.00000e+00 -1.37715e+05  6.30270e+04 -7.46883e+04  1.16583e-01  1.00000e+00 -7.62273e+01  0.00000e+00  1.86549e+00 
 6.87356e-03  5.14086e-03  8.28595e-21  3.47944e+00  1.71584e-04  3.59763e+02  3.60052e+02  4.05864e+00  4.08479e+00  1.30425e-01  7.46764e+01  2.03120e+02  4.78081e+05 -6.02171e+05  1.01064e+03  0.00000e+00 -1.23079e+05  5.34301e+04 -6.96491e+04  1.30422e-01  1.00000e+00 -7.46201e+01  0.00000e+00  2.12267e+00 
 7.05370e-03  5.37934e-03 -1.59677e-20  3.47944e+00  1.77312e-04  3.59794e+02  3.60052e+02  4.03036e+00  4.05706e+00  1.45072e-01  7.19899e+01  1.96559e+02  5.46002e+05 -6.57543e+05  9.72213e+02  0.00000e+00 -1.10568e+05  4.48070e+04 -6.57615e+04  1.45070e-01  1.00000e+00 -7.19295e+01  0.00000e+00  2.42063e+00 
 7.23722e-03  5.61783e-03  0.00000e+00  3.47944e+00  1.83447e-04  3.59824e+02  3.60052e+02  3.99861e+00  4.02585e+00  1.60302e-01  6.82002e+01  1.89985e+02  6.10462e+05 -7.11670e+05  9.33170e+02  0.00000e+00 -1.00274e+05  3.71262e+04 -6.31481e+04  1.60301e-01  1.00000e+00 -6.81361e+01  0.00000e+00  2.76571e+00 
 7.42387e-03  5.85632e-03  0.00000e+00  3.47944e+00  1.89969e-04  3.59852e+02  3.60052e+02  3.96302e+00  3.99082e+00  1.75955e-01  6.34312e+01  1.83464e+02  6.69733e+05 -7.63409e+05  8.94070e+02  0.00000e+00 -9.27820e+04  3.03740e+04 -6.24080e+04  1.75954e-01  1.00000e+00 -6.33636e+01  0.00000e+00  3.16333e+00 
 7.61342e-03  6.09482e-03  0.00000e+00  3.47944e+00  1.96765e-04  3.59880e+02  3.60052e+02  3.92335e+00  3.95168e+00  1.91706e-01  5.78090e+01  1.77127e+02  7.23394e+05 -8.11781e+05  8.55309e+02  0.00000e+00 -8.75312e+04  2.45257e+04 -6.30054e+04  1.91705e-01  1.00000e+00 -5.77385e+01  0.00000e+00  3.62190e+00 
 7.80566e-03  6.33332e-03  0.00000e+00  3.47944e+00  2.03670e-04  3.59906e+02  3.60052e+02  3.87924e+00  3.90808e+00  2.07446e-01  5.15593e+01  1.71123e+02  7.71188e+05 -8.57152e+05  8.17889e+02  0.00000e+00 -8.51461e+04  1.95248e+04 -6.56212e+04  2.07446e-01  1.00000e+00 -5.14860e+01  0.00000e+00  4.14816e+00 
 8.00039e-03  6.57182e-03  0.00000e+00  3.47944e+00  2.10407e-04  3.59931e+02  3.60053e+02  3.83066e+00  3.85996e+00  2.22781e-01  4.48362e+01  1.65644e+02  8.14980e+05 -9.00074e+05  7.82385e+02  0.00000e+00 -8.43117e+04  1.52997e+04 -6.90120e+04  2.22780e-01  1.00000e+00 -4.47606e+01  0.00000e+00  4.75658e+00 
 8.19744e-03  6.81033e-03  1.31016e-20  3.47944e+00  2.16700e-04  3.59955e+02  3.60053e+02  3.77704e+00  3.80671e+00  2.37788e-01  3.78157e+01  1.60834e+02  8.55966e+05 -9.42952e+05  7.49757e+02  0.00000e+00 -8.62357e+04  1.17338e+04 -7.45019e+04  2.37789e-01  1.00000e+00 -3.77379e+01  0.00000e+00  5.45847e+00 
 8.39664e-03  7.04884e-03  0.00000e+00  3.47944e+00  2.22157e-04  3.59978e+02  3.60053e+02  3.71858e+00  3.74849e+00  2.52061e-01  3.05399e+01  1.56884e+02  8.98338e+05 -9.88085e+05  7.20372e+02  0.00000e+00 -8.90265e+04  8.71498e+03 -8.03115e+04  2.52061e-01  1.00000e+00 -3.04599e+01  0.00000e+00  6.28427e+00 
 8.59784e-03  7.28736e-03  0.00000e+00  3.47944e+00  2.26501e-04  3.60001e+02  3.60053e+02  3.65367e+00  3.68367e+00  2.65926e-01  2.29906e+01  1.53876e+02  9.44009e+05 -1.03956e+06  6.94798e+02  0.00000e+00 -9.48529e+04  6.09315e+03 -8.87597e+04  2.65932e-01  1.00000e+00 -2.29081e+01  0.00000e+00  7.25767e+00 
 8.80092e-03  7.52587e-03  0.00000e+00  3.47944e+00  2.29317e-04  3.60024e+02  3.60053e+02  3.58333e+00  3.61316e+00  2.79044e-01  1.49913e+01  1.51987e+02  9.99564e+05 -1.10179e+06  6.72974e+02  0.00000e+00 -1.01550e+05  3.73191e+03 -9.78183e+04  2.79046e-01  1.00000e+00 -1.49058e+01  0.00000e+00  8.44848e+00 
 9.00573e-03  7.76439e-03 -1.17014e-20  3.47944e+00  2.30433e-04  3.60047e+02  3.60054e+02  3.50253e+00  3.53197e+00  2.91875e-01  6.19313e+00  1.51252e+02  1.06761e+06 -1.18025e+06  6.54957e+02  0.00000e+00 -1.11989e+05  1.45400e+03 -1.10535e+05  2.91873e-01  1.00000e+00 -6.10413e+00  0.00000e+00  9.91374e+00 
 9.21216e-03  8.00291e-03  0.00000e+00  3.47944e+00  2.29473e-04  3.60071e+02  3.60054e+02  3.41590e+00  3.44463e+00  3.04050e-01 -8.91918e+00  1.51885e+02  1.15921e+06 -1.28285e+06  6.40504e+02  0.00000e+00 -1.22997e+05 -2.09213e+03 -1.25090e+05  3.04034e-01  1.00000e+00  9.11110e+00  0.00000e+00  1.18258e+01 
 9.42012e-03  8.24144e-03  0.00000e+00  3.47944e+00  2.26387e-04  3.60099e+02  3.60054e+02  3.30890e+00  3.33664e+00  3.16126e-01 -3.73449e+01  1.53957e+02  1.28024e+06 -1.41919e+06  6.28900e+02  0.00000e+00 -1.38325e+05 -8.40518e+03 -1.46730e+05  3.16114e-01  1.00000e+00  3.75475e+01  0.00000e+00  1.43496e+01 
 9.62949e-03  8.47996e-03  0.00000e+00  3.47944e+00  2.20615e-04  3.60132e+02  3.60054e+02  3.19388e+00  3.21990e+00  3.27777e-01 -7.78633e+01  1.57986e+02  1.45692e+06 -1.61050e+06  6.21620e+02  0.00000e+00 -1.52958e+05 -1.72985e+04 -1.70256e+05  3.27753e-01  1.00000e+00  7.80799e+01  0.00000e+00  1.80103e+01 
 9.84019e-03  8.71849e-03  0.00000e+00  3.47944e+00  2.12311e-04  3.60180e+02  3.60055e+02  3.03567e+00  3.06027e+00  3.39362e-01 -1.44067e+02  1.64167e+02  1.71180e+06 -1.87853e+06  6.14230e+02  0.00000e+00 -1.66116e+05 -3.20857e+04 -1.98202e+05  3.39333e-01  1.00000e+00  1.44301e+02  0.00000e+00  2.34896e+01 
 1.00521e-02  8.95702e-03  0.00000e+00  3.47944e+00  2.01333e-04  3.60260e+02  3.60055e+02  2.86307e+00  2.88667e+00  3.50652e-01 -2.72028e+02  1.73120e+02  2.13466e+06 -2.27184e+06  6.06405e+02  0.00000e+00 -1.36574e+05 -6.17920e+04 -1.98366e+05  3.50608e-01  1.00000e+00  2.72286e+02  0.00000e+00  3.35325e+01 
 1.02653e-02  9.19555e-03  0.00000e+00  3.47944e+00  1.89800e-04  3.60429e+02  3.60056e+02  2.57376e+00  2.59649e+00  3.62854e-01 -5.73063e+02  1.83641e+02  2.85455e+06 -2.78778e+06  5.74867e+02  0.00000e+00  6.73448e+04 -1.33370e+05 -6.60256e+04  3.62819e-01  1.00000e+00  5.73348e+02  0.00000e+00  5.55317e+01 
 1.04795e-02  9.43408e-03  0.00000e+00  3.47944e+00  1.87168e-04  3.60953e+02  3.60057e+02  2.13893e+00  2.15697e+00  3.76567e-01 -4.66104e+03  1.86227e+02  4.19337e+06 -2.82119e+06  5.01689e+02  7.30851e+05  2.10353e+06 -2.10436e+06 -8.30867e+02  3.76527e-01  1.00000e+00  4.66134e+03  3.17058e+03  1.40558e+02 
