# Code_Saturne plot output (1D profile)
#
# Iteration output: 9849
# Time output:      2.30006e+01
#
#COLUMN_TITLES: Distance | X | Y | Z | diameter_Field2 | temp_Field1 | temp_Field2 | Velocity_Field1[Z] | Velocity_Field2[Z] | vol_f_Field2 | mass_trans_Field1 | Xd_Field2 | BK | COAL | COMP | NUCL | W1 | MT | SMBR | ALPBB | CONDNUM | GAMA | GAMANUC | epsilon_Field1
 4.56474e-03  1.39645e-04  0.00000e+00  3.47944e+00  8.57851e-04  3.60283e+02  3.60114e+02  7.99492e+00  8.15492e+00  6.34823e-01 -3.04603e+01  4.04996e+01  1.67833e+05 -1.69661e+05  9.48679e+02  0.00000e+00 -8.78624e+02 -4.12880e+02 -1.29150e+03  6.34817e-01  1.00000e+00  3.04510e+01  0.00000e+00  8.49487e+00 
 4.57812e-03  3.76525e-04  4.25872e-21  3.47944e+00  8.56279e-04  3.60283e+02  3.60114e+02  7.99396e+00  8.15428e+00  6.34874e-01 -3.05216e+01  4.05739e+01  1.68577e+05 -1.70459e+05  9.50408e+02  0.00000e+00 -9.31252e+02 -4.14437e+02 -1.34569e+03  6.34868e-01  1.00000e+00  3.05123e+01  0.00000e+00  8.53341e+00 
 4.60371e-03  6.13858e-04  0.00000e+00  3.47944e+00  8.53222e-04  3.60283e+02  3.60114e+02  7.98987e+00  8.14985e+00  6.34966e-01 -3.06043e+01  4.07193e+01  1.70040e+05 -1.72026e+05  9.53424e+02  0.00000e+00 -1.03254e+03 -4.16988e+02 -1.44953e+03  6.34960e-01  1.00000e+00  3.05950e+01  0.00000e+00  8.60893e+00 
 4.64138e-03  8.51483e-04  0.00000e+00  3.47944e+00  8.48753e-04  3.60282e+02  3.60114e+02  7.98417e+00  8.14327e+00  6.35132e-01 -3.07097e+01  4.09337e+01  1.72204e+05 -1.74353e+05  9.57834e+02  0.00000e+00 -1.19127e+03 -4.20517e+02 -1.61179e+03  6.35126e-01  1.00000e+00  3.07003e+01  0.00000e+00  8.72194e+00 
 4.69084e-03  1.08931e-03  0.00000e+00  3.47944e+00  8.42875e-04  3.60282e+02  3.60114e+02  7.97633e+00  8.13418e+00  6.35357e-01 -3.08457e+01  4.12191e+01  1.75108e+05 -1.77478e+05  9.63660e+02  0.00000e+00 -1.40699e+03 -4.25172e+02 -1.83216e+03  6.35351e-01  1.00000e+00  3.08362e+01  0.00000e+00  8.87398e+00 
 4.75174e-03  1.32727e-03  1.05001e-20  3.47944e+00  8.35660e-04  3.60281e+02  3.60114e+02  7.96657e+00  8.12285e+00  6.35655e-01 -3.10124e+01  4.15751e+01  1.78764e+05 -1.81420e+05  9.70958e+02  0.00000e+00 -1.68472e+03 -4.30959e+02 -2.11568e+03  6.35649e-01  1.00000e+00  3.10028e+01  0.00000e+00  9.06655e+00 
 4.82366e-03  1.56534e-03  0.00000e+00  3.47944e+00  8.27161e-04  3.60280e+02  3.60114e+02  7.95475e+00  8.10913e+00  6.36023e-01 -3.12101e+01  4.20023e+01  1.83210e+05 -1.86215e+05  9.79694e+02  0.00000e+00 -2.02528e+03 -4.37908e+02 -2.46319e+03  6.36016e-01  1.00000e+00  3.12004e+01  0.00000e+00  9.30175e+00 
 4.90611e-03  1.80349e-03  8.81027e-21  3.47944e+00  8.17468e-04  3.60279e+02  3.60114e+02  7.94088e+00  8.09309e+00  6.36472e-01 -3.14378e+01  4.25004e+01  1.88474e+05 -1.91889e+05  9.89830e+02  0.00000e+00 -2.42530e+03 -4.46017e+02 -2.87132e+03  6.36465e-01  1.00000e+00  3.14279e+01  0.00000e+00  9.58240e+00 
 4.99859e-03  2.04170e-03  0.00000e+00  3.47944e+00  8.06670e-04  3.60277e+02  3.60114e+02  7.92488e+00  8.07464e+00  6.37006e-01 -3.16944e+01  4.30694e+01  1.94592e+05 -1.98485e+05  1.00130e+03  0.00000e+00 -2.89251e+03 -4.55293e+02 -3.34780e+03  6.36999e-01  1.00000e+00  3.16843e+01  0.00000e+00  9.91094e+00 
 5.10055e-03  2.27996e-03  7.58893e-21  3.47944e+00  7.94869e-04  3.60276e+02  3.60114e+02  7.90669e+00  8.05375e+00  6.37658e-01 -3.19786e+01  4.37089e+01  2.01602e+05 -2.06035e+05  1.01391e+03  0.00000e+00 -3.41862e+03 -4.65719e+02 -3.88434e+03  6.37650e-01  1.00000e+00  3.19683e+01  0.00000e+00  1.02926e+01 
 5.21143e-03  2.51826e-03  7.09702e-21  3.47944e+00  7.82158e-04  3.60274e+02  3.60114e+02  7.88625e+00  8.03039e+00  6.38359e-01 -3.22894e+01  4.44193e+01  2.09587e+05 -2.14586e+05  1.02785e+03  0.00000e+00 -3.97027e+03 -4.77363e+02 -4.44763e+03  6.38351e-01  1.00000e+00  3.22789e+01  0.00000e+00  1.07298e+01 
 5.33068e-03  2.75659e-03  1.33300e-20  3.47944e+00  7.68639e-04  3.60273e+02  3.60114e+02  7.86347e+00  8.00449e+00  6.39187e-01 -3.26254e+01  4.52007e+01  2.18574e+05 -2.24198e+05  1.04302e+03  0.00000e+00 -4.58162e+03 -4.90177e+02 -5.07179e+03  6.39180e-01  1.00000e+00  3.26146e+01  0.00000e+00  1.12288e+01 
 5.45775e-03  2.99495e-03  1.25651e-20  3.47944e+00  7.54402e-04  3.60271e+02  3.60114e+02  7.83819e+00  7.97592e+00  6.40083e-01 -3.29867e+01  4.60539e+01  2.28662e+05 -2.34942e+05  1.05946e+03  0.00000e+00 -5.22117e+03 -5.04250e+02 -5.72542e+03  6.40078e-01  1.00000e+00  3.29756e+01  0.00000e+00  1.17939e+01 
 5.59212e-03  3.23333e-03  0.00000e+00  3.47944e+00  7.39535e-04  3.60269e+02  3.60115e+02  7.81038e+00  7.94466e+00  6.41135e-01 -3.33713e+01  4.69799e+01  2.39895e+05 -2.46904e+05  1.07710e+03  0.00000e+00 -5.93239e+03 -5.19530e+02 -6.45192e+03  6.41132e-01  1.00000e+00  3.33599e+01  0.00000e+00  1.24338e+01 
 5.73326e-03  3.47172e-03  0.00000e+00  3.47944e+00  7.24095e-04  3.60267e+02  3.60115e+02  7.77986e+00  7.91054e+00  6.42256e-01 -3.37822e+01  4.79819e+01  2.52421e+05 -2.60215e+05  1.09597e+03  0.00000e+00 -6.69844e+03 -5.36202e+02 -7.23464e+03  6.42255e-01  1.00000e+00  3.37705e+01  0.00000e+00  1.31532e+01 
 5.88069e-03  3.71014e-03 -5.35987e-21  3.47944e+00  7.08149e-04  3.60265e+02  3.60115e+02  7.74662e+00  7.87357e+00  6.43497e-01 -3.42177e+01  4.90626e+01  2.66349e+05 -2.74994e+05  1.11608e+03  0.00000e+00 -7.52911e+03 -5.54269e+02 -8.08338e+03  6.43497e-01  1.00000e+00  3.42055e+01  0.00000e+00  1.39637e+01 
 6.03395e-03  3.94857e-03  5.10973e-21  3.47944e+00  6.91774e-04  3.60262e+02  3.60115e+02  7.71026e+00  7.83337e+00  6.44777e-01 -3.46819e+01  5.02242e+01  2.81839e+05 -2.91387e+05  1.13739e+03  0.00000e+00 -8.41056e+03 -5.73943e+02 -8.98450e+03  6.44779e-01  1.00000e+00  3.46693e+01  0.00000e+00  1.48711e+01 
 6.19261e-03  4.18701e-03  0.00000e+00  3.47944e+00  6.75044e-04  3.60260e+02  3.60116e+02  7.67094e+00  7.79013e+00  6.46197e-01 -3.51718e+01  5.14694e+01  2.98998e+05 -3.09536e+05  1.15991e+03  0.00000e+00 -9.37779e+03 -5.95164e+02 -9.97296e+03  6.46200e-01  1.00000e+00  3.51588e+01  0.00000e+00  1.58920e+01 
 6.35626e-03  4.42546e-03  0.00000e+00  3.47944e+00  6.58008e-04  3.60257e+02  3.60116e+02  7.62800e+00  7.74320e+00  6.47626e-01 -3.56962e+01  5.28023e+01  3.18071e+05 -3.29661e+05  1.18360e+03  0.00000e+00 -1.04065e+04 -6.18306e+02 -1.10248e+04  6.47631e-01  1.00000e+00  3.56827e+01  0.00000e+00  1.70325e+01 
 6.52453e-03  4.66392e-03 -8.96437e-21  3.47944e+00  6.40732e-04  3.60255e+02  3.60116e+02  7.58191e+00  7.69305e+00  6.49224e-01 -3.62513e+01  5.42263e+01  3.39170e+05 -3.51946e+05  1.20852e+03  0.00000e+00 -1.15669e+04 -6.43264e+02 -1.22101e+04  6.49229e-01  1.00000e+00  3.62373e+01  0.00000e+00  1.83165e+01 
 6.69707e-03  4.90238e-03  1.72236e-20  3.47944e+00  6.23241e-04  3.60252e+02  3.60117e+02  7.53148e+00  7.63851e+00  6.50796e-01 -3.68533e+01  5.57487e+01  3.62666e+05 -3.76712e+05  1.23458e+03  0.00000e+00 -1.28115e+04 -6.70677e+02 -1.34822e+04  6.50802e-01  1.00000e+00  3.68387e+01  0.00000e+00  1.97512e+01 
 6.87356e-03  5.14086e-03  8.28595e-21  3.47944e+00  6.05585e-04  3.60250e+02  3.60117e+02  7.47781e+00  7.58068e+00  6.52559e-01 -3.74996e+01  5.73745e+01  3.88715e+05 -4.04205e+05  1.26206e+03  0.00000e+00 -1.42282e+04 -7.00435e+02 -1.49286e+04  6.52565e-01  1.00000e+00  3.74843e+01  0.00000e+00  2.13724e+01 
 7.05370e-03  5.37934e-03 -1.59677e-20  3.47944e+00  5.87760e-04  3.60247e+02  3.60118e+02  7.41866e+00  7.51733e+00  6.54264e-01 -3.82193e+01  5.91151e+01  4.17867e+05 -4.34914e+05  1.29063e+03  0.00000e+00 -1.57564e+04 -7.33615e+02 -1.64900e+04  6.54269e-01  1.00000e+00  3.82034e+01  0.00000e+00  2.31904e+01 
 7.23722e-03  5.61783e-03  0.00000e+00  3.47944e+00  5.69802e-04  3.60245e+02  3.60118e+02  7.35659e+00  7.45103e+00  6.56140e-01 -3.90133e+01  6.09788e+01  4.50378e+05 -4.69235e+05  1.32131e+03  0.00000e+00 -1.75361e+04 -7.70251e+02 -1.83063e+04  6.56144e-01  1.00000e+00  3.89966e+01  0.00000e+00  2.52524e+01 
 7.42387e-03  5.85632e-03  0.00000e+00  3.47944e+00  5.51673e-04  3.60242e+02  3.60119e+02  7.28676e+00  7.37692e+00  6.57934e-01 -3.99330e+01  6.29834e+01  4.87043e+05 -5.07938e+05  1.35267e+03  0.00000e+00 -1.95425e+04 -8.12102e+02 -2.03546e+04  6.57937e-01  1.00000e+00  3.99155e+01  0.00000e+00  2.75780e+01 
 7.61342e-03  6.09482e-03  0.00000e+00  3.47944e+00  5.33378e-04  3.60240e+02  3.60119e+02  7.21556e+00  7.30143e+00  6.60031e-01 -4.09885e+01  6.51445e+01  5.28295e+05 -5.51559e+05  1.38605e+03  0.00000e+00 -2.18781e+04 -8.59426e+02 -2.27375e+04  6.60032e-01  1.00000e+00  4.09702e+01  0.00000e+00  3.02623e+01 
 7.80566e-03  6.33332e-03  0.00000e+00  3.47944e+00  5.14863e-04  3.60238e+02  3.60120e+02  7.13196e+00  7.21345e+00  6.61894e-01 -4.22801e+01  6.74881e+01  5.75454e+05 -6.01560e+05  1.41999e+03  0.00000e+00 -2.46862e+04 -9.15814e+02 -2.56020e+04  6.61892e-01  1.00000e+00  4.22608e+01  0.00000e+00  3.32986e+01 
 8.00039e-03  6.57182e-03  0.00000e+00  3.47944e+00  4.96067e-04  3.60236e+02  3.60121e+02  7.05130e+00  7.12844e+00  6.64162e-01 -4.38373e+01  7.00461e+01  6.29380e+05 -6.58804e+05  1.45789e+03  0.00000e+00 -2.79661e+04 -9.82166e+02 -2.89483e+04  6.64159e-01  1.00000e+00  4.38169e+01  0.00000e+00  3.68774e+01 
 8.19744e-03  6.81033e-03  1.31016e-20  3.47944e+00  4.76947e-04  3.60235e+02  3.60121e+02  6.94824e+00  7.02083e+00  6.66091e-01 -4.58734e+01  7.28552e+01  6.92175e+05 -7.25807e+05  1.49496e+03  0.00000e+00 -3.21362e+04 -1.06591e+03 -3.32021e+04  6.66087e-01  1.00000e+00  4.58518e+01  0.00000e+00  4.09750e+01 
 8.39664e-03  7.04884e-03  0.00000e+00  3.47944e+00  4.57306e-04  3.60234e+02  3.60122e+02  6.85861e+00  6.92677e+00  6.68580e-01 -4.84698e+01  7.59855e+01  7.65945e+05 -8.04413e+05  1.54011e+03  0.00000e+00 -3.69276e+04 -1.17025e+03 -3.80979e+04  6.68577e-01  1.00000e+00  4.84469e+01  0.00000e+00  4.59702e+01 
 8.59784e-03  7.28736e-03  0.00000e+00  3.47944e+00  4.37188e-04  3.60234e+02  3.60123e+02  6.72641e+00  6.78978e+00  6.70557e-01 -5.21123e+01  7.94836e+01  8.54044e+05 -8.99254e+05  1.58132e+03  0.00000e+00 -4.36282e+04 -1.31225e+03 -4.49404e+04  6.70554e-01  1.00000e+00  5.20879e+01  0.00000e+00  5.17774e+01 
 8.80092e-03  7.52587e-03  0.00000e+00  3.47944e+00  4.16102e-04  3.60234e+02  3.60124e+02  6.62863e+00  6.68746e+00  6.73218e-01 -5.70841e+01  8.35126e+01  9.62166e+05 -1.01517e+06  1.64010e+03  0.00000e+00 -5.13690e+04 -1.50436e+03 -5.28733e+04  6.73217e-01  1.00000e+00  5.70579e+01  0.00000e+00  5.91888e+01 
 9.00573e-03  7.76439e-03 -1.17014e-20  3.47944e+00  3.94282e-04  3.60237e+02  3.60125e+02  6.45088e+00  6.50447e+00  6.75312e-01 -6.46076e+01  8.81363e+01  1.09611e+06 -1.16103e+06  1.68584e+03  0.00000e+00 -6.32319e+04 -1.79138e+03 -6.50232e+04  6.75312e-01  1.00000e+00  6.45794e+01  0.00000e+00  6.81051e+01 
 9.21216e-03  8.00291e-03  0.00000e+00  3.47944e+00  3.70691e-04  3.60242e+02  3.60126e+02  6.34427e+00  6.39318e+00  6.78289e-01 -7.59020e+01  9.37471e+01  1.27236e+06 -1.35129e+06  1.76619e+03  0.00000e+00 -7.71665e+04 -2.22877e+03 -7.93952e+04  6.78289e-01  1.00000e+00  7.58714e+01  0.00000e+00  8.03404e+01 
 9.42012e-03  8.24144e-03  0.00000e+00  3.47944e+00  3.45869e-04  3.60252e+02  3.60127e+02  6.09057e+00  6.13318e+00  6.80659e-01 -9.47772e+01  1.00478e+02  1.50397e+06 -1.60898e+06  1.82051e+03  0.00000e+00 -1.03189e+05 -2.97261e+03 -1.06161e+05  6.80655e-01  1.00000e+00  9.47436e+01  0.00000e+00  9.58806e+01 
 9.62949e-03  8.47996e-03  0.00000e+00  3.47944e+00  3.17856e-04  3.60269e+02  3.60128e+02  5.96294e+00  6.00090e+00  6.84145e-01 -1.27808e+02  1.09335e+02  1.84356e+06 -1.98578e+06  1.93977e+03  0.00000e+00 -1.40278e+05 -4.33994e+03 -1.44618e+05  6.84136e-01  1.00000e+00  1.27771e+02  0.00000e+00  1.19556e+02 
 9.84019e-03  8.71849e-03  0.00000e+00  3.47944e+00  2.87108e-04  3.60301e+02  3.60130e+02  5.59284e+00  5.62387e+00  6.86972e-01 -1.94211e+02  1.21049e+02  2.35628e+06 -2.57238e+06  2.01338e+03  0.00000e+00 -2.14095e+05 -7.27183e+03 -2.21366e+05  6.86959e-01  1.00000e+00  1.94169e+02  0.00000e+00  1.54363e+02 
 1.00521e-02  8.95702e-03  0.00000e+00  3.47944e+00  2.50016e-04  3.60368e+02  3.60131e+02  5.38380e+00  5.41114e+00  6.91581e-01 -3.53032e+02  1.39010e+02  3.29556e+06 -3.63899e+06  2.21632e+03  0.00000e+00 -3.41212e+05 -1.50831e+04 -3.56295e+05  6.91574e-01  1.00000e+00  3.52982e+02  0.00000e+00  2.20854e+02 
 1.02653e-02  9.19555e-03  0.00000e+00  3.47944e+00  2.04949e-04  3.60540e+02  3.60134e+02  4.75881e+00  4.77989e+00  6.94506e-01 -8.73949e+02  1.69586e+02  5.39033e+06 -5.97652e+06  2.37339e+03  0.00000e+00 -5.83821e+05 -4.53719e+04 -6.29193e+05  6.94483e-01  1.00000e+00  8.73886e+02  0.00000e+00  3.66846e+02 
 1.04795e-02  9.43408e-03  0.00000e+00  3.47944e+00  1.49721e-04  3.61209e+02  3.60137e+02  4.06395e+00  4.07787e+00  7.02591e-01 -8.32692e+03  2.32151e+02  1.21284e+07 -1.20596e+07  2.82710e+03  1.47522e+06  1.54684e+06 -1.55953e+06 -1.26874e+04  7.02577e-01  1.00000e+00  8.32683e+03  4.42547e+03  9.33332e+02 
