# Code_Saturne plot output (1D profile)
#
# Iteration output: 5183
# Time output:      2.30008e+01
#
#COLUMN_TITLES: Distance | X | Y | Z | diameter_Field2 | temp_Field1 | temp_Field2 | Velocity_Field1[Z] | Velocity_Field2[Z] | vol_f_Field2 | mass_trans_Field1 | Xd_Field2 | BK | COAL | COMP | NUCL | W1 | MT | SMBR | ALPBB | CONDNUM | GAMA | GAMANUC | epsilon_Field1
 4.56474e-03  1.39645e-04  0.00000e+00  3.47944e+00  4.72690e-04  3.60103e+02  3.60061e+02  5.49141e+00  5.59050e+00  2.96324e-01 -6.31629e+00  7.36885e+01  2.21386e+05 -4.42519e+05  6.38882e+02  0.00000e+00 -2.20494e+05 -9.90388e+02 -2.21484e+05  2.96347e-01  1.00000e+00  6.37415e+00  0.00000e+00  1.87298e+00 
 4.57812e-03  3.76525e-04  4.25872e-21  3.47944e+00  4.97858e-04  3.60103e+02  3.60060e+02  5.48975e+00  5.58987e+00  2.97018e-01 -5.92689e+00  6.99633e+01  2.08951e+05 -3.99553e+05  6.06526e+02  0.00000e+00 -1.89996e+05 -8.80233e+02 -1.90876e+05  2.97041e-01  1.00000e+00  5.98070e+00  0.00000e+00  1.88958e+00 
 4.60371e-03  6.13858e-04  0.00000e+00  3.47944e+00  5.15901e-04  3.60104e+02  3.60060e+02  5.48663e+00  5.58683e+00  2.97982e-01 -5.76321e+00  6.75165e+01  2.01568e+05 -3.73322e+05  5.85149e+02  0.00000e+00 -1.71169e+05 -8.23182e+02 -1.71992e+05  2.98004e-01  1.00000e+00  5.81450e+00  0.00000e+00  1.92189e+00 
 4.64138e-03  8.51483e-04  0.00000e+00  3.47944e+00  5.32197e-04  3.60105e+02  3.60060e+02  5.48178e+00  5.58171e+00  2.99442e-01 -5.70646e+00  6.54491e+01  1.95966e+05 -3.52696e+05  5.66916e+02  0.00000e+00 -1.56163e+05 -7.86068e+02 -1.56949e+05  2.99464e-01  1.00000e+00  5.75578e+00  0.00000e+00  1.97032e+00 
 4.69084e-03  1.08931e-03  0.00000e+00  3.47944e+00  5.48823e-04  3.60105e+02  3.60060e+02  5.47523e+00  5.57468e+00  3.01348e-01 -5.71088e+00  6.34663e+01  1.91001e+05 -3.33839e+05  5.49300e+02  0.00000e+00 -1.42288e+05 -7.57784e+02 -1.43046e+05  3.01369e-01  1.00000e+00  5.75841e+00  0.00000e+00  2.03538e+00 
 4.75174e-03  1.32727e-03  1.05001e-20  3.47944e+00  5.66353e-04  3.60107e+02  3.60060e+02  5.46698e+00  5.56580e+00  3.03690e-01 -5.76072e+00  6.15020e+01  1.86329e+05 -3.15724e+05  5.31744e+02  0.00000e+00 -1.28864e+05 -7.34764e+02 -1.29598e+05  3.03711e-01  1.00000e+00  5.80656e+00  0.00000e+00  2.11782e+00 
 4.82366e-03  1.56534e-03  0.00000e+00  3.47944e+00  5.84762e-04  3.60108e+02  3.60060e+02  5.45701e+00  5.55505e+00  3.06470e-01 -5.85070e+00  5.95658e+01  1.81882e+05 -2.98233e+05  5.14341e+02  0.00000e+00 -1.15836e+05 -7.15917e+02 -1.16552e+05  3.06490e-01  1.00000e+00  5.89495e+00  0.00000e+00  2.21843e+00 
 4.90611e-03  1.80349e-03  8.81027e-21  3.47944e+00  6.03588e-04  3.60109e+02  3.60060e+02  5.44527e+00  5.54243e+00  3.09636e-01 -5.98161e+00  5.77080e+01  1.77798e+05 -2.81675e+05  4.97533e+02  0.00000e+00 -1.03379e+05 -7.01579e+02 -1.04081e+05  3.09656e-01  1.00000e+00  6.02442e+00  0.00000e+00  2.33829e+00 
 4.99859e-03  2.04170e-03  0.00000e+00  3.47944e+00  6.22214e-04  3.60111e+02  3.60060e+02  5.43173e+00  5.52791e+00  3.13195e-01 -6.15764e+00  5.59806e+01  1.74231e+05 -2.66468e+05  4.81771e+02  0.00000e+00 -9.17550e+04 -6.92370e+02 -9.24474e+04  3.13214e-01  1.00000e+00  6.19918e+00  0.00000e+00  2.47843e+00 
 5.10055e-03  2.27996e-03  7.58893e-21  3.47944e+00  6.39879e-04  3.60113e+02  3.60060e+02  5.41632e+00  5.51145e+00  3.17083e-01 -6.38458e+00  5.44351e+01  1.71392e+05 -2.53000e+05  4.67495e+02  0.00000e+00 -8.11404e+04 -6.89241e+02 -8.18297e+04  3.17101e-01  1.00000e+00  6.42509e+00  0.00000e+00  2.64021e+00 
 5.21143e-03  2.51826e-03  7.09702e-21  3.47944e+00  6.55875e-04  3.60115e+02  3.60060e+02  5.39901e+00  5.49301e+00  3.21297e-01 -6.66970e+00  5.31076e+01  1.69437e+05 -2.41585e+05  4.55018e+02  0.00000e+00 -7.16921e+04 -6.92992e+02 -7.23851e+04  3.21313e-01  1.00000e+00  6.70945e+00  0.00000e+00  2.82487e+00 
 5.33068e-03  2.75659e-03  1.33300e-20  3.47944e+00  6.69565e-04  3.60117e+02  3.60061e+02  5.37971e+00  5.47255e+00  3.25766e-01 -7.02007e+00  5.20218e+01  1.68516e+05 -2.32394e+05  4.44519e+02  0.00000e+00 -6.34332e+04 -7.04433e+02 -6.41377e+04  3.25781e-01  1.00000e+00  7.05934e+00  0.00000e+00  3.03404e+00 
 5.45775e-03  2.99495e-03  1.25651e-20  3.47944e+00  6.80523e-04  3.60120e+02  3.60061e+02  5.35840e+00  5.45003e+00  3.30489e-01 -7.44332e+00  5.11842e+01  1.68695e+05 -2.25508e+05  4.36064e+02  0.00000e+00 -5.63773e+04 -7.24134e+02 -5.71014e+04  3.30504e-01  1.00000e+00  7.48239e+00  0.00000e+00  3.26916e+00 
 5.59212e-03  3.23333e-03  0.00000e+00  3.47944e+00  6.88496e-04  3.60122e+02  3.60061e+02  5.33500e+00  5.42540e+00  3.35389e-01 -7.94579e+00  5.05916e+01  1.70037e+05 -2.20884e+05  4.29559e+02  0.00000e+00 -5.04171e+04 -7.52669e+02 -5.11698e+04  3.35404e-01  1.00000e+00  7.98495e+00  0.00000e+00  3.53224e+00 
 5.73326e-03  3.47172e-03  0.00000e+00  3.47944e+00  6.93463e-04  3.60125e+02  3.60061e+02  5.30945e+00  5.39859e+00  3.40498e-01 -8.53504e+00  5.02294e+01  1.72521e+05 -2.18452e+05  4.24896e+02  0.00000e+00 -4.55061e+04 -7.90425e+02 -4.62966e+04  3.40513e-01  1.00000e+00  8.57457e+00  0.00000e+00  3.82504e+00 
 5.88069e-03  3.71014e-03 -5.35987e-21  3.47944e+00  6.95523e-04  3.60128e+02  3.60061e+02  5.28167e+00  5.36954e+00  3.45726e-01 -9.21663e+00  5.00807e+01  1.76165e+05 -2.18062e+05  4.21890e+02  0.00000e+00 -4.14747e+04 -8.37934e+02 -4.23126e+04  3.45738e-01  1.00000e+00  9.25679e+00  0.00000e+00  4.15029e+00 
 6.03395e-03  3.94857e-03  5.10973e-21  3.47944e+00  6.94920e-04  3.60131e+02  3.60061e+02  5.25152e+00  5.33811e+00  3.51086e-01 -9.99870e+00  5.01243e+01  1.80911e+05 -2.19594e+05  4.20395e+02  0.00000e+00 -3.82625e+04 -8.95720e+02 -3.91583e+04  3.51097e-01  1.00000e+00  1.00397e+01  0.00000e+00  4.50953e+00 
 6.19261e-03  4.18701e-03  0.00000e+00  3.47944e+00  6.91908e-04  3.60133e+02  3.60061e+02  5.21893e+00  5.30446e+00  3.56458e-01 -1.08966e+01  5.03426e+01  1.86793e+05 -2.22887e+05  4.20095e+02  0.00000e+00 -3.56738e+04 -9.65410e+02 -3.66392e+04  3.56469e-01  1.00000e+00  1.09387e+01  0.00000e+00  4.90671e+00 
 6.35626e-03  4.42546e-03  0.00000e+00  3.47944e+00  6.86805e-04  3.60136e+02  3.60061e+02  5.18398e+00  5.26861e+00  3.61856e-01 -1.19103e+01  5.07169e+01  1.93764e+05 -2.27862e+05  4.20892e+02  0.00000e+00 -3.36775e+04 -1.04698e+03 -3.47245e+04  3.61867e-01  1.00000e+00  1.19538e+01  0.00000e+00  5.34353e+00 
 6.52453e-03  4.66392e-03 -8.96437e-21  3.47944e+00  6.79849e-04  3.60140e+02  3.60061e+02  5.14667e+00  5.23041e+00  3.67168e-01 -1.30477e+01  5.12360e+01  2.01921e+05 -2.34423e+05  4.22563e+02  0.00000e+00 -3.20793e+04 -1.14173e+03 -3.32210e+04  3.67179e-01  1.00000e+00  1.30928e+01  0.00000e+00  5.82665e+00 
 6.69707e-03  4.90238e-03  1.72236e-20  3.47944e+00  6.71324e-04  3.60143e+02  3.60061e+02  5.10675e+00  5.18964e+00  3.72494e-01 -1.43275e+01  5.18868e+01  2.11231e+05 -2.42604e+05  4.25110e+02  0.00000e+00 -3.09478e+04 -1.25126e+03 -3.21990e+04  3.72503e-01  1.00000e+00  1.43744e+01  0.00000e+00  6.35936e+00 
 6.87356e-03  5.14086e-03  8.28595e-21  3.47944e+00  6.61383e-04  3.60146e+02  3.60062e+02  5.06420e+00  5.14620e+00  3.77746e-01 -1.57651e+01  5.26669e+01  2.21853e+05 -2.52430e+05  4.28408e+02  0.00000e+00 -3.01480e+04 -1.37784e+03 -3.15258e+04  3.77754e-01  1.00000e+00  1.58139e+01  0.00000e+00  6.95051e+00 
 7.05370e-03  5.37934e-03 -1.59677e-20  3.47944e+00  6.50235e-04  3.60150e+02  3.60062e+02  5.01875e+00  5.09985e+00  3.83009e-01 -1.73901e+01  5.35701e+01  2.33821e+05 -2.64018e+05  4.32406e+02  0.00000e+00 -2.97644e+04 -1.52443e+03 -3.12888e+04  3.83017e-01  1.00000e+00  1.74411e+01  0.00000e+00  7.60608e+00 
 7.23722e-03  5.61783e-03  0.00000e+00  3.47944e+00  6.37926e-04  3.60153e+02  3.60062e+02  4.97037e+00  5.05049e+00  3.88170e-01 -1.92317e+01  5.46040e+01  2.47418e+05 -2.77521e+05  4.37074e+02  0.00000e+00 -2.96651e+04 -1.69529e+03 -3.13603e+04  3.88178e-01  1.00000e+00  1.92851e+01  0.00000e+00  8.33919e+00 
 7.42387e-03  5.85632e-03  0.00000e+00  3.47944e+00  6.24610e-04  3.60157e+02  3.60062e+02  4.91849e+00  4.99759e+00  3.93342e-01 -2.13395e+01  5.57684e+01  2.62741e+05 -2.93193e+05  4.42369e+02  0.00000e+00 -3.00099e+04 -1.89564e+03 -3.19055e+04  3.93353e-01  1.00000e+00  2.13955e+01  0.00000e+00  9.15901e+00 
 7.61342e-03  6.09482e-03  0.00000e+00  3.47944e+00  6.10231e-04  3.60162e+02  3.60062e+02  4.86331e+00  4.94128e+00  3.98394e-01 -2.37707e+01  5.70828e+01  2.80279e+05 -3.11380e+05  4.48372e+02  0.00000e+00 -3.06529e+04 -2.13364e+03 -3.27865e+04  3.98411e-01  1.00000e+00  2.38297e+01  0.00000e+00  1.00877e+01 
 7.80566e-03  6.33332e-03  0.00000e+00  3.47944e+00  5.94911e-04  3.60167e+02  3.60063e+02  4.80365e+00  4.88046e+00  4.03464e-01 -2.66122e+01  5.85531e+01  3.00240e+05 -3.32528e+05  4.54969e+02  0.00000e+00 -3.18326e+04 -2.41906e+03 -3.42517e+04  4.03484e-01  1.00000e+00  2.66744e+01  0.00000e+00  1.11407e+01 
 8.00039e-03  6.57182e-03  0.00000e+00  3.47944e+00  5.78493e-04  3.60172e+02  3.60063e+02  4.74037e+00  4.81592e+00  4.08384e-01 -2.99778e+01  6.02153e+01  3.23447e+05 -3.57311e+05  4.62466e+02  0.00000e+00 -3.34016e+04 -2.76823e+03 -3.61698e+04  4.08403e-01  1.00000e+00  3.00438e+01  0.00000e+00  1.23536e+01 
 8.19744e-03  6.81033e-03  1.31016e-20  3.47944e+00  5.61089e-04  3.60178e+02  3.60063e+02  4.67055e+00  4.74480e+00  4.13389e-01 -3.40347e+01  6.20835e+01  3.50299e+05 -3.86562e+05  4.70399e+02  0.00000e+00 -3.57927e+04 -3.20073e+03 -3.89934e+04  4.13402e-01  1.00000e+00  3.41047e+01  0.00000e+00  1.37553e+01 
 8.39664e-03  7.04884e-03  0.00000e+00  3.47944e+00  5.42394e-04  3.60185e+02  3.60064e+02  4.59743e+00  4.67036e+00  4.18244e-01 -3.90330e+01  6.42237e+01  3.82431e+05 -4.21540e+05  4.79280e+02  0.00000e+00 -3.86300e+04 -3.75273e+03 -4.23828e+04  4.18255e-01  1.00000e+00  3.91077e+01  0.00000e+00  1.54246e+01 
 8.59784e-03  7.28736e-03  0.00000e+00  3.47944e+00  5.22545e-04  3.60193e+02  3.60064e+02  4.51301e+00  4.58461e+00  4.23268e-01 -4.53273e+01  6.66639e+01  4.20439e+05 -4.64049e+05  4.88973e+02  0.00000e+00 -4.31208e+04 -4.46912e+03 -4.75899e+04  4.23276e-01  1.00000e+00  4.54072e+01  0.00000e+00  1.73936e+01 
 8.80092e-03  7.52587e-03  0.00000e+00  3.47944e+00  5.01000e-04  3.60204e+02  3.60064e+02  4.42737e+00  4.49771e+00  4.28194e-01 -5.35175e+01  6.95312e+01  4.67796e+05 -5.16791e+05  5.00501e+02  0.00000e+00 -4.84950e+04 -5.43945e+03 -5.39345e+04  4.28202e-01  1.00000e+00  5.36037e+01  0.00000e+00  1.98445e+01 
 9.00573e-03  7.76439e-03 -1.17014e-20  3.47944e+00  4.77884e-04  3.60217e+02  3.60065e+02  4.31992e+00  4.38923e+00  4.33316e-01 -6.45375e+01  7.28953e+01  5.26162e+05 -5.83872e+05  5.13052e+02  0.00000e+00 -5.71973e+04 -6.79446e+03 -6.39917e+04  4.33324e-01  1.00000e+00  6.46312e+01  0.00000e+00  2.28402e+01 
 9.21216e-03  8.00291e-03  0.00000e+00  3.47944e+00  4.52236e-04  3.60234e+02  3.60065e+02  4.21946e+00  4.28735e+00  4.38445e-01 -8.00897e+01  7.70302e+01  6.03953e+05 -6.72273e+05  5.28958e+02  0.00000e+00 -6.77909e+04 -8.80429e+03 -7.65952e+04  4.38454e-01  1.00000e+00  8.01926e+01  0.00000e+00  2.68576e+01 
 9.42012e-03  8.24144e-03  0.00000e+00  3.47944e+00  4.24194e-04  3.60257e+02  3.60066e+02  4.07067e+00  4.13512e+00  4.43835e-01 -1.02974e+02  8.21233e+01  7.06661e+05 -7.93487e+05  5.46453e+02  0.00000e+00 -8.62791e+04 -1.19197e+04 -9.81988e+04  4.43843e-01  1.00000e+00  1.03088e+02  0.00000e+00  3.20844e+01 
 9.62949e-03  8.47996e-03  0.00000e+00  3.47944e+00  3.92061e-04  3.60290e+02  3.60067e+02  3.94774e+00  4.00555e+00  4.49356e-01 -1.39527e+02  8.88550e+01  8.59788e+05 -9.69355e+05  5.70792e+02  0.00000e+00 -1.08996e+05 -1.72566e+04 -1.26253e+05  4.49366e-01  1.00000e+00  1.39657e+02  0.00000e+00  4.00356e+01 
 9.84019e-03  8.71849e-03  0.00000e+00  3.47944e+00  3.56322e-04  3.60342e+02  3.60067e+02  3.72211e+00  3.77290e+00  4.55159e-01 -2.03235e+02  9.77687e+01  1.08793e+06 -1.23821e+06  5.94084e+02  0.00000e+00 -1.49684e+05 -2.72987e+04 -1.76983e+05  4.55168e-01  1.00000e+00  2.03384e+02  0.00000e+00  5.18068e+01 
 1.00521e-02  8.95702e-03  0.00000e+00  3.47944e+00  3.13832e-04  3.60432e+02  3.60068e+02  3.53658e+00  3.58110e+00  4.61174e-01 -3.34914e+02  1.11007e+02  1.50008e+06 -1.69693e+06  6.34727e+02  0.00000e+00 -1.96209e+05 -5.03992e+04 -2.46608e+05  4.61180e-01  1.00000e+00  3.35094e+02  0.00000e+00  7.40372e+01 
 1.02653e-02  9.19555e-03  0.00000e+00  3.47944e+00  2.65528e-04  3.60621e+02  3.60069e+02  3.13346e+00  3.17085e+00  4.68094e-01 -6.70659e+02  1.31204e+02  2.32030e+06 -2.53002e+06  6.62092e+02  0.00000e+00 -2.09060e+05 -1.17514e+05 -3.26574e+05  4.68088e-01  1.00000e+00  6.70888e+02  0.00000e+00  1.22209e+02 
 1.04795e-02  9.43408e-03  0.00000e+00  3.47944e+00  2.14689e-04  3.61190e+02  3.60071e+02  2.61393e+00  2.63869e+00  4.77377e-01 -5.35734e+03  1.62277e+02  4.48660e+06 -3.59519e+06  6.99231e+02  1.02339e+06  1.91550e+06 -1.91218e+06  3.31471e+03  4.77370e-01  1.00000e+00  5.35765e+03  3.41356e+03  3.08534e+02 
