# Code_Saturne plot output (1D profile)
#
# Iteration output: 3941
# Time output:      2.30004e+01
#
#COLUMN_TITLES: Distance | X | Y | Z | diameter_Field2 | temp_Field1 | temp_Field2 | Velocity_Field1[Z] | Velocity_Field2[Z] | vol_f_Field2 | mass_trans_Field1 | Xd_Field2 | BK | COAL | COMP | NUCL | W1 | MT | SMBR | ALPBB | CONDNUM | GAMA | GAMANUC | epsilon_Field1
 4.56474e-03  1.39645e-04  0.00000e+00  3.47944e+00  5.87822e-05  3.58721e+02  3.60046e+02  4.32674e+00  4.33560e+00  8.61992e-03  6.77922e+01  5.92978e+02  2.99334e-12 -1.68950e+05  2.79284e+03  0.00000e+00 -1.66157e+05  8.31008e+05  6.64851e+05  8.61773e-03  1.00000e+00 -6.79255e+01  0.00000e+00  2.54840e-01 
 4.57812e-03  3.76525e-04  4.25872e-21  3.47944e+00  7.03408e-05  3.58726e+02  3.60046e+02  4.32632e+00  4.33769e+00  8.97192e-03  5.52031e+01  4.95538e+02  4.79175e-07 -1.30017e+05  2.32883e+03  0.00000e+00 -1.27688e+05  5.43323e+05  4.15635e+05  8.96956e-03  1.00000e+00 -5.53122e+01  0.00000e+00  2.57796e-01 
 4.60371e-03  6.13858e-04  0.00000e+00  3.47944e+00  7.99652e-05  3.58737e+02  3.60046e+02  4.32500e+00  4.33836e+00  9.61732e-03  4.98507e+01  4.35896e+02  3.86928e-04 -1.12786e+05  2.04731e+03  0.00000e+00 -1.10739e+05  4.02640e+05  2.91901e+05  9.61471e-03  1.00000e+00 -4.99500e+01  0.00000e+00  2.63630e-01 
 4.64138e-03  8.51483e-04  0.00000e+00  3.47944e+00  8.80242e-05  3.58754e+02  3.60046e+02  4.32303e+00  4.33798e+00  1.05589e-02  4.80402e+01  3.95988e+02  2.75087e-02 -1.06195e+05  1.85910e+03  0.00000e+00 -1.04336e+05  3.21070e+05  2.16734e+05  1.05560e-02  1.00000e+00 -4.81371e+01  0.00000e+00  2.72432e-01 
 4.69084e-03  1.08931e-03  0.00000e+00  3.47944e+00  9.51941e-05  3.58777e+02  3.60046e+02  4.32037e+00  4.33672e+00  1.18205e-02  4.81154e+01  3.66163e+02  6.08606e-01 -1.05401e+05  1.71846e+03  0.00000e+00 -1.03682e+05  2.65624e+05  1.61942e+05  1.18173e-02  1.00000e+00 -4.82142e+01  0.00000e+00  2.84355e-01 
 4.75174e-03  1.32727e-03  1.05001e-20  3.47944e+00  1.01825e-04  3.58805e+02  3.60046e+02  4.31704e+00  4.33468e+00  1.34374e-02  4.93956e+01  3.42319e+02  6.84966e+00 -1.08548e+05  1.60601e+03  0.00000e+00 -1.06935e+05  2.24265e+05  1.17329e+05  1.34340e-02  1.00000e+00 -4.94993e+01  0.00000e+00  2.99605e-01 
 4.82366e-03  1.56534e-03  0.00000e+00  3.47944e+00  1.08097e-04  3.58838e+02  3.60046e+02  4.31303e+00  4.33188e+00  1.54555e-02  5.15534e+01  3.22456e+02  4.92191e+01 -1.14886e+05  1.51221e+03  0.00000e+00 -1.13324e+05  1.91698e+05  7.83736e+04  1.54518e-02  1.00000e+00 -5.16646e+01  0.00000e+00  3.18508e-01 
 4.90611e-03  1.80349e-03  8.81027e-21  3.47944e+00  1.14094e-04  3.58877e+02  3.60046e+02  4.30832e+00  4.32832e+00  1.79317e-02  5.44245e+01  3.05508e+02  2.53724e+02 -1.24182e+05  1.43215e+03  0.00000e+00 -1.22496e+05  1.65268e+05  4.27714e+04  1.79278e-02  1.00000e+00 -5.45457e+01  0.00000e+00  3.41407e-01 
 4.99859e-03  2.04170e-03  0.00000e+00  3.47944e+00  1.19827e-04  3.58920e+02  3.60046e+02  4.30289e+00  4.32397e+00  2.09301e-02  5.79058e+01  2.90890e+02  1.00567e+03 -1.36509e+05  1.36286e+03  0.00000e+00 -1.34141e+05  1.43452e+05  9.31095e+03  2.09256e-02  1.00000e+00 -5.80396e+01  0.00000e+00  3.68817e-01 
 5.10055e-03  2.27996e-03  7.58893e-21  3.47944e+00  1.25253e-04  3.58968e+02  3.60046e+02  4.29669e+00  4.31877e+00  2.45216e-02  6.19644e+01  2.78289e+02  3.20061e+03 -1.52172e+05  1.30298e+03  0.00000e+00 -1.47668e+05  1.25364e+05 -2.23049e+04  2.45155e-02  1.00000e+00 -6.21138e+01  0.00000e+00  4.01292e-01 
 5.21143e-03  2.51826e-03  7.09702e-21  3.47944e+00  1.30282e-04  3.59020e+02  3.60046e+02  4.28971e+00  4.31266e+00  2.87911e-02  6.65883e+01  2.67547e+02  8.44956e+03 -1.71772e+05  1.25162e+03  0.00000e+00 -1.62070e+05  1.10329e+05 -5.17417e+04  2.87829e-02  1.00000e+00 -6.67568e+01  0.00000e+00  4.39500e-01 
 5.33068e-03  2.75659e-03  1.33300e-20  3.47944e+00  1.34798e-04  3.59075e+02  3.60046e+02  4.28188e+00  4.30557e+00  3.38175e-02  7.17973e+01  2.58583e+02  1.90310e+04 -1.96112e+05  1.20851e+03  0.00000e+00 -1.75873e+05  9.78965e+04 -7.79760e+04  3.38084e-02  1.00000e+00 -7.19891e+01  0.00000e+00  4.84273e-01 
 5.45775e-03  2.99495e-03  1.25651e-20  3.47944e+00  1.38691e-04  3.59133e+02  3.60046e+02  4.27316e+00  4.29741e+00  3.97021e-02  7.76072e+01  2.51325e+02  3.74958e+04 -2.26348e+05  1.17320e+03  0.00000e+00 -1.87679e+05  8.76119e+04 -1.00067e+05  3.96941e-02  1.00000e+00 -7.78276e+01  0.00000e+00  5.36576e-01 
 5.59212e-03  3.23333e-03  0.00000e+00  3.47944e+00  1.41886e-04  3.59194e+02  3.60046e+02  4.26345e+00  4.28810e+00  4.65354e-02  8.40083e+01  2.45667e+02  6.62211e+04 -2.63805e+05  1.14515e+03  0.00000e+00 -1.96439e+05  7.91033e+04 -1.17335e+05  4.65272e-02  1.00000e+00 -8.42635e+01  0.00000e+00  5.97762e-01 
 5.73326e-03  3.47172e-03  0.00000e+00  3.47944e+00  1.44362e-04  3.59256e+02  3.60046e+02  4.25268e+00  4.27755e+00  5.44099e-02  9.09204e+01  2.41454e+02  1.07077e+05 -3.10020e+05  1.12362e+03  0.00000e+00 -2.01819e+05  7.19846e+04 -1.29835e+05  5.43983e-02  1.00000e+00 -9.12178e+01  0.00000e+00  6.69176e-01 
 5.88069e-03  3.71014e-03 -5.35987e-21  3.47944e+00  1.46158e-04  3.59320e+02  3.60046e+02  4.24075e+00  4.26569e+00  6.34050e-02  9.81017e+01  2.38486e+02  1.61607e+05 -3.66705e+05  1.10773e+03  0.00000e+00 -2.03991e+05  6.58522e+04 -1.38139e+05  6.33892e-02  1.00000e+00 -9.84497e+01  0.00000e+00  7.52479e-01 
 6.03395e-03  3.94857e-03  5.10973e-21  3.47944e+00  1.47358e-04  3.59383e+02  3.60046e+02  4.22752e+00  4.25241e+00  7.35909e-02  1.04160e+02  2.36544e+02  2.31234e+05 -4.35703e+05  1.09640e+03  0.00000e+00 -2.03373e+05  5.97702e+04 -1.43603e+05  7.35722e-02  1.00000e+00 -1.04564e+02  0.00000e+00  8.49676e-01 
 6.19261e-03  4.18701e-03  0.00000e+00  3.47944e+00  1.48053e-04  3.59446e+02  3.60046e+02  4.21286e+00  4.23761e+00  8.49963e-02  1.09710e+02  2.35435e+02  3.17386e+05 -5.18866e+05  1.08861e+03  0.00000e+00 -2.00392e+05  5.42728e+04 -1.46119e+05  8.49747e-02  1.00000e+00 -1.10178e+02  0.00000e+00  9.63264e-01 
 6.35626e-03  4.42546e-03  0.00000e+00  3.47944e+00  1.48344e-04  3.59507e+02  3.60046e+02  4.19654e+00  4.22097e+00  9.76534e-02  1.14414e+02  2.34973e+02  4.21545e+05 -6.18244e+05  1.08345e+03  0.00000e+00 -1.95615e+05  4.91904e+04 -1.46425e+05  9.76280e-02  1.00000e+00 -1.14956e+02  0.00000e+00  1.09617e+00 
 6.52453e-03  4.66392e-03 -8.96437e-21  3.47944e+00  1.48333e-04  3.59567e+02  3.60046e+02  4.17835e+00  4.20239e+00  1.11541e-01  1.17912e+02  2.34990e+02  5.45164e+05 -7.35666e+05  1.08005e+03  0.00000e+00 -1.89422e+05  4.44109e+04 -1.45011e+05  1.11511e-01  1.00000e+00 -1.18537e+02  0.00000e+00  1.25175e+00 
 6.69707e-03  4.90238e-03  1.72236e-20  3.47944e+00  1.48114e-04  3.59624e+02  3.60046e+02  4.15802e+00  4.18155e+00  1.26595e-01  1.19862e+02  2.35338e+02  6.89542e+05 -8.72741e+05  1.07769e+03  0.00000e+00 -1.82122e+05  3.98625e+04 -1.42259e+05  1.26563e-01  1.00000e+00 -1.20580e+02  0.00000e+00  1.43393e+00 
 6.87356e-03  5.14086e-03  8.28595e-21  3.47944e+00  1.47771e-04  3.59678e+02  3.60046e+02  4.13522e+00  4.15819e+00  1.42747e-01  1.20006e+02  2.35885e+02  8.55516e+05 -1.03088e+06  1.07550e+03  0.00000e+00 -1.74290e+05  3.55060e+04 -1.38784e+05  1.42712e-01  1.00000e+00 -1.20826e+02  0.00000e+00  1.64709e+00 
 7.05370e-03  5.37934e-03 -1.59677e-20  3.47944e+00  1.47368e-04  3.59728e+02  3.60046e+02  4.10961e+00  4.13198e+00  1.59815e-01  1.18147e+02  2.36530e+02  1.04399e+06 -1.21067e+06  1.07279e+03  0.00000e+00 -1.65609e+05  3.13414e+04 -1.34268e+05  1.59770e-01  1.00000e+00 -1.19076e+02  0.00000e+00  1.89705e+00 
 7.23722e-03  5.61783e-03  0.00000e+00  3.47944e+00  1.46965e-04  3.59775e+02  3.60046e+02  4.08082e+00  4.10256e+00  1.77600e-01  1.14214e+02  2.37178e+02  1.25379e+06 -1.41189e+06  1.06936e+03  0.00000e+00 -1.57037e+05  2.73722e+04 -1.29665e+05  1.77557e-01  1.00000e+00 -1.15257e+02  0.00000e+00  2.18844e+00 
 7.42387e-03  5.85632e-03  0.00000e+00  3.47944e+00  1.46596e-04  3.59818e+02  3.60046e+02  4.04848e+00  4.06956e+00  1.95893e-01  1.08297e+02  2.37775e+02  1.48444e+06 -1.63422e+06  1.06456e+03  0.00000e+00 -1.48707e+05  2.36254e+04 -1.25082e+05  1.95861e-01  1.00000e+00 -1.09460e+02  0.00000e+00  2.52827e+00 
 7.61342e-03  6.09482e-03  0.00000e+00  3.47944e+00  1.46282e-04  3.59856e+02  3.60046e+02  4.01215e+00  4.03256e+00  2.14418e-01  1.00611e+02  2.38287e+02  1.73466e+06 -1.87607e+06  1.05840e+03  0.00000e+00 -1.40350e+05  2.01347e+04 -1.20216e+05  2.14394e-01  1.00000e+00 -1.01895e+02  0.00000e+00  2.92412e+00 
 7.80566e-03  6.33332e-03  0.00000e+00  3.47944e+00  1.46024e-04  3.59890e+02  3.60046e+02  3.97148e+00  3.99119e+00  2.33066e-01  9.15201e+01  2.38709e+02  2.00273e+06 -2.13732e+06  1.05070e+03  0.00000e+00 -1.33538e+05  1.69231e+04 -1.16615e+05  2.33041e-01  1.00000e+00 -9.29263e+01  0.00000e+00  3.38487e+00 
 8.00039e-03  6.57182e-03  0.00000e+00  3.47944e+00  1.45793e-04  3.59921e+02  3.60047e+02  3.92608e+00  3.94508e+00  2.51551e-01  8.13922e+01  2.39087e+02  2.28793e+06 -2.41689e+06  1.04147e+03  0.00000e+00 -1.27916e+05  1.40134e+04 -1.13903e+05  2.51521e-01  1.00000e+00 -8.29197e+01  0.00000e+00  3.92164e+00 
 8.19744e-03  6.81033e-03  1.31016e-20  3.47944e+00  1.45542e-04  3.59947e+02  3.60047e+02  3.87564e+00  3.89392e+00  2.69800e-01  7.06655e+01  2.39500e+02  2.59042e+06 -2.71671e+06  1.03094e+03  0.00000e+00 -1.25253e+05  1.14141e+04 -1.13839e+05  2.69766e-01  1.00000e+00 -7.23136e+01  0.00000e+00  4.54912e+00 
 8.39664e-03  7.04884e-03  0.00000e+00  3.47944e+00  1.45183e-04  3.59970e+02  3.60047e+02  3.81956e+00  3.83709e+00  2.87534e-01  5.96825e+01  2.40094e+02  2.91245e+06 -3.03869e+06  1.01960e+03  0.00000e+00 -1.25215e+05  9.12377e+03 -1.16091e+05  2.87497e-01  1.00000e+00 -6.14501e+01  0.00000e+00  5.28554e+00 
 8.59784e-03  7.28736e-03  0.00000e+00  3.47944e+00  1.44609e-04  3.59990e+02  3.60047e+02  3.75762e+00  3.77438e+00  3.04806e-01  4.87768e+01  2.41047e+02  3.26014e+06 -3.39140e+06  1.00792e+03  0.00000e+00 -1.30255e+05  7.12417e+03 -1.23131e+05  3.04776e-01  1.00000e+00 -5.06652e+01  0.00000e+00  6.16044e+00 
 8.80092e-03  7.52587e-03  0.00000e+00  3.47944e+00  1.43654e-04  3.60008e+02  3.60047e+02  3.68852e+00  3.70445e+00  3.21383e-01  3.81152e+01  2.42651e+02  3.64553e+06 -3.78612e+06  9.96721e+02  0.00000e+00 -1.39593e+05  5.38711e+03 -1.34206e+05  3.21353e-01  1.00000e+00 -4.01283e+01  0.00000e+00  7.21555e+00 
 9.00573e-03  7.76439e-03 -1.17014e-20  3.47944e+00  1.42159e-04  3.60023e+02  3.60047e+02  3.61175e+00  3.62680e+00  3.37527e-01  2.77519e+01  2.45204e+02  4.08642e+06 -4.24617e+06  9.86950e+02  0.00000e+00 -1.58766e+05  3.86213e+03 -1.54904e+05  3.37497e-01  1.00000e+00 -2.98994e+01  0.00000e+00  8.51746e+00 
 9.21216e-03  8.00291e-03  0.00000e+00  3.47944e+00  1.39850e-04  3.60036e+02  3.60048e+02  3.52493e+00  3.53900e+00  3.53121e-01  1.75002e+01  2.49254e+02  4.61832e+06 -4.80842e+06  9.79104e+02  0.00000e+00 -1.89116e+05  2.48495e+03 -1.86631e+05  3.53091e-01  1.00000e+00 -1.97996e+01  0.00000e+00  1.01798e+01 
 9.42012e-03  8.24144e-03  0.00000e+00  3.47944e+00  1.36454e-04  3.60048e+02  3.60048e+02  3.42575e+00  3.43877e+00  3.68476e-01  6.83506e+00  2.55459e+02  5.29658e+06 -5.53722e+06  9.73935e+02  0.00000e+00 -2.39663e+05  1.14843e+03 -2.38514e+05  3.68449e-01  1.00000e+00 -9.31668e+00  0.00000e+00  1.23980e+01 
 9.62949e-03  8.47996e-03  0.00000e+00  3.47944e+00  1.31491e-04  3.60059e+02  3.60048e+02  3.30948e+00  3.32101e+00  3.83409e-01 -1.10478e+01  2.65103e+02  6.22770e+06 -6.54836e+06  9.76091e+02  0.00000e+00 -3.19685e+05 -7.26018e+02 -3.20411e+05  3.83369e-01  1.00000e+00  5.90552e+00  0.00000e+00  1.55230e+01 
 9.84019e-03  8.71849e-03  0.00000e+00  3.47944e+00  1.24454e-04  3.60072e+02  3.60049e+02  3.16495e+00  3.17514e+00  3.98451e-01 -4.77889e+01  2.80094e+02  7.60994e+06 -8.07657e+06  9.85397e+02  0.00000e+00 -4.65649e+05 -5.26773e+03 -4.70917e+05  3.98409e-01  1.00000e+00  4.21473e+01  0.00000e+00  2.02627e+01 
 1.00521e-02  8.95702e-03  0.00000e+00  3.47944e+00  1.14204e-04  3.60094e+02  3.60049e+02  2.98911e+00  2.99779e+00  4.13327e-01 -1.26563e+02  3.05236e+02  1.00430e+07 -1.07468e+07  1.00808e+03  0.00000e+00 -7.02815e+05 -1.57809e+04 -7.18596e+05  4.13277e-01  1.00000e+00  1.20190e+02  0.00000e+00  2.87085e+01 
 1.02653e-02  9.19555e-03  0.00000e+00  3.47944e+00  9.99364e-05  3.60151e+02  3.60050e+02  2.73042e+00  2.73755e+00  4.29269e-01 -4.00947e+02  3.48818e+02  1.51850e+07 -1.62526e+07  1.04000e+03  0.00000e+00 -1.06661e+06 -5.68412e+04 -1.12345e+06  4.29220e-01  1.00000e+00  3.93442e+02  0.00000e+00  4.75215e+01 
 1.04795e-02  9.43408e-03  0.00000e+00  3.47944e+00  8.14931e-05  3.60434e+02  3.60051e+02  2.30147e+00  2.30481e+00  4.50659e-01 -5.48659e+03  4.27768e+02  3.09184e+07 -3.11860e+07  1.11914e+03  3.07561e+06  2.80905e+06 -2.96626e+06 -1.57213e+05  4.50580e-01  1.00000e+00  5.47727e+03  3.22667e+03  1.18925e+02 
