# Code_Saturne plot output (1D profile)
#
# Iteration output: 1650
# Time output:      2.30048e+01
#
#COLUMN_TITLES: Distance | X | Y | Z | diameter_Field2 | temp_Field1 | temp_Field2 | Velocity_Field1[Z] | Velocity_Field2[Z] | vol_f_Field2 | mass_trans_Field1 | Xd_Field2 | BK | COAL | COMP | NUCL | W1 | MT | SMBR | ALPBB | CONDNUM | GAMA | GAMANUC | epsilon_Field1
 4.56474e-03  1.39645e-04  0.00000e+00  3.47944e+00  5.97900e-05  3.58407e+02  3.60048e+02  4.15269e+00  4.16049e+00  1.04906e-02  1.07822e+02  5.82962e+02  5.80723e-06 -4.53396e+05  2.79541e+03  0.00000e+00 -4.50601e+05  1.64664e+06  1.19604e+06  1.04908e-02  1.00000e+00 -1.07824e+02  0.00000e+00  4.45677e-01 
 4.57812e-03  3.76525e-04  4.25872e-21  3.47944e+00  7.87400e-05  3.58410e+02  3.60048e+02  4.15212e+00  4.16365e+00  1.08399e-02  7.62463e+01  4.42663e+02  2.89549e-01 -2.93661e+05  2.11987e+03  0.00000e+00 -2.91540e+05  8.55727e+05  5.64186e+05  1.08398e-02  1.00000e+00 -7.62474e+01  0.00000e+00  4.50242e-01 
 4.60371e-03  6.13858e-04  0.00000e+00  3.47944e+00  9.43981e-05  3.58417e+02  3.60048e+02  4.15039e+00  4.16497e+00  1.14471e-02  6.30478e+01  3.69238e+02  3.14677e+01 -2.28716e+05  1.76793e+03  0.00000e+00 -2.26916e+05  5.58934e+05  3.32017e+05  1.14468e-02  1.00000e+00 -6.30488e+01  0.00000e+00  4.59217e-01 
 4.64138e-03  8.51483e-04  0.00000e+00  3.47944e+00  1.07424e-04  3.58429e+02  3.60048e+02  4.14785e+00  4.16493e+00  1.23016e-02  5.69639e+01  3.24466e+02  3.92080e+02 -1.98693e+05  1.55324e+03  0.00000e+00 -1.96747e+05  4.12950e+05  2.16203e+05  1.23012e-02  1.00000e+00 -5.69648e+01  0.00000e+00  4.72730e-01 
 4.69084e-03  1.08931e-03  0.00000e+00  3.47944e+00  1.18865e-04  3.58444e+02  3.60048e+02  4.14443e+00  4.16366e+00  1.34107e-02  5.41551e+01  2.93235e+02  1.95949e+03 -1.84204e+05  1.40329e+03  0.00000e+00 -1.80841e+05  3.25459e+05  1.44618e+05  1.34102e-02  1.00000e+00 -5.41560e+01  0.00000e+00  4.91005e-01 
 4.75174e-03  1.32727e-03  1.05001e-20  3.47944e+00  1.29219e-04  3.58463e+02  3.60048e+02  4.14014e+00  4.16130e+00  1.47947e-02  5.32550e+01  2.69738e+02  6.05671e+03 -1.78584e+05  1.29025e+03  0.00000e+00 -1.71237e+05  2.66867e+05  9.56298e+04  1.47941e-02  1.00000e+00 -5.32559e+01  0.00000e+00  5.14328e-01 
 4.82366e-03  1.56534e-03  0.00000e+00  3.47944e+00  1.38749e-04  3.58487e+02  3.60048e+02  4.13496e+00  4.15785e+00  1.64795e-02  5.36520e+01  2.51212e+02  1.40161e+04 -1.78984e+05  1.20087e+03  0.00000e+00 -1.63767e+05  2.24794e+05  6.10268e+04  1.64788e-02  1.00000e+00 -5.36528e+01  0.00000e+00  5.43079e-01 
 4.90611e-03  1.80349e-03  8.81027e-21  3.47944e+00  1.47624e-04  3.58514e+02  3.60048e+02  4.12888e+00  4.15336e+00  1.84983e-02  5.50322e+01  2.36110e+02  2.68193e+04 -1.84046e+05  1.12774e+03  0.00000e+00 -1.56099e+05  1.93065e+05  3.69657e+04  1.84975e-02  1.00000e+00 -5.50331e+01  0.00000e+00  5.77725e-01 
 4.99859e-03  2.04170e-03  0.00000e+00  3.47944e+00  1.55991e-04  3.58545e+02  3.60048e+02  4.12186e+00  4.14780e+00  2.08898e-02  5.72040e+01  2.23445e+02  4.49689e+04 -1.93050e+05  1.06614e+03  0.00000e+00 -1.47015e+05  1.68178e+05  2.11622e+04  2.08890e-02  1.00000e+00 -5.72049e+01  0.00000e+00  6.18834e-01 
 5.10055e-03  2.27996e-03  7.58893e-21  3.47944e+00  1.64007e-04  3.58580e+02  3.60048e+02  4.11387e+00  4.14117e+00  2.36991e-02  6.00278e+01  2.12524e+02  6.85281e+04 -2.05568e+05  1.01273e+03  0.00000e+00 -1.36028e+05  1.47957e+05  1.19293e+04  2.36981e-02  1.00000e+00 -6.00288e+01  0.00000e+00  6.67079e-01 
 5.21143e-03  2.51826e-03  7.09702e-21  3.47944e+00  1.71853e-04  3.58618e+02  3.60048e+02  4.10484e+00  4.13343e+00  2.69723e-02  6.33696e+01  2.02821e+02  9.72060e+04 -2.21245e+05  9.65085e+02  0.00000e+00 -1.23074e+05  1.30974e+05  7.89949e+03  2.69712e-02  1.00000e+00 -6.33707e+01  0.00000e+00  7.23248e-01 
 5.33068e-03  2.75659e-03  1.33300e-20  3.47944e+00  1.79739e-04  3.58658e+02  3.60049e+02  4.09473e+00  4.12459e+00  3.07659e-02  6.71035e+01  1.93923e+02  1.30409e+05 -2.39765e+05  9.21154e+02  0.00000e+00 -1.08435e+05  1.16255e+05  7.82050e+03  3.07647e-02  1.00000e+00 -6.71047e+01  0.00000e+00  7.88266e-01 
 5.45775e-03  2.99495e-03  1.25651e-20  3.47944e+00  1.87898e-04  3.58702e+02  3.60049e+02  4.08344e+00  4.11460e+00  3.51371e-02  7.10770e+01  1.85502e+02  1.67225e+05 -2.60695e+05  8.79414e+02  0.00000e+00 -9.25906e+04  1.03138e+05  1.05477e+04  3.51359e-02  1.00000e+00 -7.10783e+01  0.00000e+00  8.63203e-01 
 5.59212e-03  3.23333e-03  0.00000e+00  3.47944e+00  1.96588e-04  3.58748e+02  3.60049e+02  4.07093e+00  4.10345e+00  4.01435e-02  7.51118e+01  1.77303e+02  2.06400e+05 -2.83444e+05  8.38652e+02  0.00000e+00 -7.62047e+04  9.11832e+04  1.49785e+04  4.01423e-02  1.00000e+00 -7.51132e+01  0.00000e+00  9.49311e-01 
 5.73326e-03  3.47172e-03  0.00000e+00  3.47944e+00  2.06081e-04  3.58796e+02  3.60049e+02  4.05704e+00  4.09103e+00  4.58460e-02  7.90130e+01  1.69135e+02  2.46332e+05 -3.07264e+05  7.98005e+02  0.00000e+00 -6.01342e+04  8.01192e+04  1.99850e+04  4.58448e-02  1.00000e+00 -7.90145e+01  0.00000e+00  1.04801e+00 
 5.88069e-03  3.71014e-03 -5.35987e-21  3.47944e+00  2.16662e-04  3.58845e+02  3.60049e+02  4.04173e+00  4.07737e+00  5.22964e-02  8.25622e+01  1.60875e+02  2.85156e+05 -3.31194e+05  7.56893e+02  0.00000e+00 -4.52808e+04  6.98080e+04  2.45272e+04  5.22952e-02  1.00000e+00 -8.25638e+01  0.00000e+00  1.16098e+00 
 6.03395e-03  3.94857e-03  5.10973e-21  3.47944e+00  2.28607e-04  3.58896e+02  3.60049e+02  4.02479e+00  4.06230e+00  5.95506e-02  8.55585e+01  1.52470e+02  3.20897e+05 -3.54212e+05  7.15092e+02  0.00000e+00 -3.26003e+04  6.02097e+04  2.76094e+04  5.95496e-02  1.00000e+00 -8.55603e+01  0.00000e+00  1.29010e+00 
 6.19261e-03  4.18701e-03  0.00000e+00  3.47944e+00  2.42168e-04  3.58948e+02  3.60049e+02  4.00614e+00  4.04579e+00  6.76335e-02  8.71633e+01  1.43931e+02  3.51738e+05 -3.75156e+05  6.72677e+02  0.00000e+00 -2.27447e+04  5.09840e+04  2.82394e+04  6.76325e-02  1.00000e+00 -8.71652e+01  0.00000e+00  1.43757e+00 
 6.35626e-03  4.42546e-03  0.00000e+00  3.47944e+00  2.57527e-04  3.59001e+02  3.60049e+02  3.98552e+00  4.02761e+00  7.65789e-02  8.73979e+01  1.35348e+02  3.76232e+05 -3.93159e+05  6.30087e+02  0.00000e+00 -1.62969e+04  4.24569e+04  2.61601e+04  7.65783e-02  1.00000e+00 -8.73999e+01  0.00000e+00  1.60579e+00 
 6.52453e-03  4.66392e-03 -8.96437e-21  3.47944e+00  2.74746e-04  3.59055e+02  3.60049e+02  3.96279e+00  4.00761e+00  8.63415e-02  8.65537e+01  1.26865e+02  3.93626e+05 -4.07382e+05  5.87997e+02  0.00000e+00 -1.31679e+04  3.49557e+04  2.17878e+04  8.63406e-02  1.00000e+00 -8.65557e+01  0.00000e+00  1.79759e+00 
 6.69707e-03  4.90238e-03  1.72236e-20  3.47944e+00  2.93762e-04  3.59108e+02  3.60049e+02  3.93769e+00  3.98534e+00  9.69204e-02  8.47153e+01  1.18653e+02  4.03822e+05 -4.17685e+05  5.47236e+02  0.00000e+00 -1.33163e+04  2.85057e+04  1.51894e+04  9.69203e-02  1.00000e+00 -8.47174e+01  0.00000e+00  2.01581e+00 
 6.87356e-03  5.14086e-03  8.28595e-21  3.47944e+00  3.14314e-04  3.59163e+02  3.60049e+02  3.91005e+00  3.96070e+00  1.08152e-01  8.19598e+01  1.10895e+02  4.07617e+05 -4.23847e+05  5.08578e+02  0.00000e+00 -1.57213e+04  2.30987e+04  7.37739e+03  1.08152e-01  1.00000e+00 -8.19620e+01  0.00000e+00  2.26418e+00 
 7.05370e-03  5.37934e-03 -1.59677e-20  3.47944e+00  3.35936e-04  3.59218e+02  3.60049e+02  3.87959e+00  3.93340e+00  1.20016e-01  7.85484e+01  1.03758e+02  4.06254e+05 -4.26802e+05  4.72862e+02  0.00000e+00 -2.00752e+04  1.86648e+04 -1.41039e+03  1.20017e-01  1.00000e+00 -7.85507e+01  0.00000e+00  2.54603e+00 
 7.23722e-03  5.61783e-03  0.00000e+00  3.47944e+00  3.57890e-04  3.59273e+02  3.60049e+02  3.84630e+00  3.90314e+00  1.32185e-01  7.46010e+01  9.73930e+01  4.01743e+05 -4.26984e+05  4.40679e+02  0.00000e+00 -2.48009e+04  1.51086e+04 -9.69232e+03  1.32179e-01  1.00000e+00 -7.46033e+01  0.00000e+00  2.86661e+00 
 7.42387e-03  5.85632e-03  0.00000e+00  3.47944e+00  3.79339e-04  3.59329e+02  3.60049e+02  3.81013e+00  3.86898e+00  1.44756e-01  7.03153e+01  9.18862e+01  3.95811e+05 -4.26498e+05  4.12369e+02  0.00000e+00 -3.02749e+04  1.22684e+04 -1.80065e+04  1.44754e-01  1.00000e+00 -7.03176e+01  0.00000e+00  3.23094e+00 
 7.61342e-03  6.09482e-03  0.00000e+00  3.47944e+00  3.99261e-04  3.59385e+02  3.60049e+02  3.77124e+00  3.82978e+00  1.57253e-01  6.56173e+01  8.73016e+01  3.90762e+05 -4.25981e+05  3.88050e+02  0.00000e+00 -3.48307e+04  1.00133e+04 -2.48174e+04  1.57247e-01  1.00000e+00 -6.56196e+01  0.00000e+00  3.65008e+00 
 7.80566e-03  6.33332e-03  0.00000e+00  3.47944e+00  4.16864e-04  3.59443e+02  3.60049e+02  3.72829e+00  3.78607e+00  1.69959e-01  6.11295e+01  8.36153e+01  3.87596e+05 -4.27702e+05  3.67661e+02  0.00000e+00 -3.97385e+04  8.26651e+03 -3.14720e+04  1.69956e-01  1.00000e+00 -6.11319e+01  0.00000e+00  4.13112e+00 
 8.00039e-03  6.57182e-03  0.00000e+00  3.47944e+00  4.31306e-04  3.59501e+02  3.60049e+02  3.68144e+00  3.73845e+00  1.82366e-01  5.67324e+01  8.08159e+01  3.87954e+05 -4.32097e+05  3.51017e+02  0.00000e+00 -4.37923e+04  6.91075e+03 -3.68816e+04  1.82359e-01  1.00000e+00 -5.67349e+01  0.00000e+00  4.69004e+00 
 8.19744e-03  6.81033e-03  1.31016e-20  3.47944e+00  4.42219e-04  3.59561e+02  3.60050e+02  3.62953e+00  3.68577e+00  1.94900e-01  5.24255e+01  7.88218e+01  3.92026e+05 -4.41112e+05  3.37726e+02  0.00000e+00 -4.87486e+04  5.82781e+03 -4.29208e+04  1.94899e-01  1.00000e+00 -5.24280e+01  0.00000e+00  5.33662e+00 
 8.39664e-03  7.04884e-03  0.00000e+00  3.47944e+00  4.49028e-04  3.59622e+02  3.60050e+02  3.57337e+00  3.62888e+00  2.06896e-01  4.79667e+01  7.76268e+01  4.01595e+05 -4.55075e+05  3.27497e+02  0.00000e+00 -5.31521e+04  4.94701e+03 -4.82051e+04  2.06890e-01  1.00000e+00 -4.79693e+01  0.00000e+00  6.10342e+00 
 8.59784e-03  7.28736e-03  0.00000e+00  3.47944e+00  4.51817e-04  3.59686e+02  3.60050e+02  3.51016e+00  3.56496e+00  2.19032e-01  4.32221e+01  7.71481e+01  4.16463e+05 -4.76269e+05  3.19911e+02  0.00000e+00 -5.94860e+04  4.18459e+03 -5.53014e+04  2.19034e-01  1.00000e+00 -4.32248e+01  0.00000e+00  7.00770e+00 
 8.80092e-03  7.52587e-03  0.00000e+00  3.47944e+00  4.50109e-04  3.59752e+02  3.60050e+02  3.44257e+00  3.49671e+00  2.30548e-01  3.78453e+01  7.74411e+01  4.39518e+05 -5.05844e+05  3.14813e+02  0.00000e+00 -6.60106e+04  3.49439e+03 -6.25162e+04  2.30544e-01  1.00000e+00 -3.78482e+01  0.00000e+00  8.12186e+00 
 9.00573e-03  7.76439e-03 -1.17014e-20  3.47944e+00  4.44225e-04  3.59822e+02  3.60050e+02  3.36308e+00  3.41661e+00  2.42286e-01  3.14523e+01  7.84672e+01  4.70930e+05 -5.47330e+05  3.11839e+02  0.00000e+00 -7.60887e+04  2.79995e+03 -7.32887e+04  2.42293e-01  1.00000e+00 -3.14554e+01  0.00000e+00  9.48372e+00 
 9.21216e-03  8.00291e-03  0.00000e+00  3.47944e+00  4.33512e-04  3.59898e+02  3.60051e+02  3.28031e+00  3.33326e+00  2.53487e-01  2.33921e+01  8.04068e+01  5.16710e+05 -6.04790e+05  3.11205e+02  0.00000e+00 -8.77693e+04  2.03975e+03 -8.57296e+04  2.53489e-01  1.00000e+00 -2.33954e+01  0.00000e+00  1.12763e+01 
 9.42012e-03  8.24144e-03  0.00000e+00  3.47944e+00  4.18338e-04  3.59981e+02  3.60051e+02  3.17406e+00  3.22653e+00  2.65057e-01  1.25512e+01  8.33239e+01  5.79290e+05 -6.85745e+05  3.12321e+02  0.00000e+00 -1.06143e+05  1.08475e+03 -1.05058e+05  2.65071e-01  1.00000e+00 -1.25549e+01  0.00000e+00  1.36174e+01 
 9.62949e-03  8.47996e-03  0.00000e+00  3.47944e+00  3.97683e-04  3.60075e+02  3.60051e+02  3.06688e+00  3.11856e+00  2.76399e-01 -7.01481e+00  8.76521e+01  6.74116e+05 -8.03056e+05  3.16259e+02  0.00000e+00 -1.28624e+05 -6.10672e+02 -1.29234e+05  2.76408e-01  1.00000e+00  7.00616e+00  0.00000e+00  1.70781e+01 
 9.84019e-03  8.71849e-03  0.00000e+00  3.47944e+00  3.71971e-04  3.60190e+02  3.60052e+02  2.91112e+00  2.96052e+00  2.88398e-01 -6.29809e+01  9.37116e+01  8.15597e+05 -9.77470e+05  3.20938e+02  0.00000e+00 -1.61553e+05 -5.62379e+03 -1.67176e+05  2.88419e-01  1.00000e+00  6.29712e+01  0.00000e+00  2.23066e+01 
 1.00521e-02  8.95702e-03  0.00000e+00  3.47944e+00  3.39360e-04  3.60344e+02  3.60052e+02  2.74650e+00  2.79122e+00  3.00704e-01 -1.64417e+02  1.02718e+02  1.06390e+06 -1.25392e+06  3.28743e+02  0.00000e+00 -1.89692e+05 -1.54359e+04 -2.05128e+05  3.00714e-01  1.00000e+00  1.64406e+02  0.00000e+00  3.21303e+01 
 1.02653e-02  9.19555e-03  0.00000e+00  3.47944e+00  3.02136e-04  3.60598e+02  3.60053e+02  2.45726e+00  2.49390e+00  3.14999e-01 -3.86694e+02  1.15374e+02  1.51883e+06 -1.67460e+06  3.27857e+02  0.00000e+00 -1.55438e+05 -3.89296e+04 -1.94367e+05  3.14994e-01  1.00000e+00  3.86680e+02  0.00000e+00  5.35702e+01 
 1.04795e-02  9.43408e-03  0.00000e+00  3.47944e+00  2.69576e-04  3.61199e+02  3.60054e+02  2.02875e+00  2.05436e+00  3.28934e-01 -4.10907e+03  1.29311e+02  2.38643e+06 -1.97348e+06  3.15047e+02  8.34302e+05  1.24756e+06 -1.25360e+06 -6.03916e+03  3.28870e-01  1.00000e+00  4.10905e+03  3.08785e+03  1.36639e+02 
