# Code_Saturne plot output (1D profile)
#
# Iteration output: 2252
# Time output:      2.30054e+01
#
#COLUMN_TITLES: Distance | X | Y | Z | diameter_Field2 | temp_Field1 | temp_Field2 | Velocity_Field1[Z] | Velocity_Field2[Z] | vol_f_Field2 | mass_trans_Field1 | Xd_Field2 | BK | COAL | COMP | NUCL | W1 | MT | SMBR | ALPBB | CONDNUM | GAMA | GAMANUC | epsilon_Field1
 4.56474e-03  1.39645e-04  0.00000e+00  3.47944e+00  6.10562e-05  3.59125e+02  3.60049e+02  4.40331e+00  4.41216e+00  2.06345e-02  1.14146e+02  5.70835e+02  1.51830e-07 -6.01641e+05  3.00037e+03  0.00000e+00 -5.98640e+05  8.16234e+05  2.17594e+05  2.06342e-02  1.00000e+00 -1.14146e+02  0.00000e+00  3.47788e-01 
 4.57812e-03  3.76525e-04  4.25872e-21  3.47944e+00  7.82967e-05  3.59128e+02  3.60049e+02  4.40286e+00  4.41543e+00  2.11833e-02  8.30077e+01  4.45140e+02  1.73396e-02 -4.05468e+05  2.33776e+03  0.00000e+00 -4.03130e+05  4.50866e+05  4.77362e+04  2.11832e-02  1.00000e+00 -8.30076e+01  0.00000e+00  3.51711e-01 
 4.60371e-03  6.13858e-04  0.00000e+00  3.47944e+00  9.28252e-05  3.59134e+02  3.60049e+02  4.40148e+00  4.41716e+00  2.21927e-02  6.88951e+01  3.75469e+02  4.25020e+00 -3.19651e+05  1.97178e+03  0.00000e+00 -3.17675e+05  3.01283e+05 -1.63918e+04  2.21925e-02  1.00000e+00 -6.88950e+01  0.00000e+00  3.59425e-01 
 4.64138e-03  8.51483e-04  0.00000e+00  3.47944e+00  1.05023e-04  3.59145e+02  3.60049e+02  4.39943e+00  4.41765e+00  2.36442e-02  6.19210e+01  3.31861e+02  9.45674e+01 -2.78382e+05  1.74264e+03  0.00000e+00 -2.76544e+05  2.24641e+05 -5.19036e+04  2.36439e-02  1.00000e+00 -6.19209e+01  0.00000e+00  3.71059e-01 
 4.69084e-03  1.08931e-03  0.00000e+00  3.47944e+00  1.15743e-04  3.59160e+02  3.60049e+02  4.39665e+00  4.41706e+00  2.55519e-02  5.83380e+01  3.01124e+02  7.23518e+02 -2.57960e+05  1.58106e+03  0.00000e+00 -2.55656e+05  1.77711e+05 -7.79443e+04  2.55503e-02  1.00000e+00 -5.83379e+01  0.00000e+00  3.86834e-01 
 4.75174e-03  1.32727e-03  1.05001e-20  3.47944e+00  1.25341e-04  3.59178e+02  3.60049e+02  4.39316e+00  4.41548e+00  2.79478e-02  5.67575e+01  2.78066e+02  3.08282e+03 -2.49972e+05  1.45975e+03  0.00000e+00 -2.45429e+05  1.45996e+05 -9.94327e+04  2.79413e-02  1.00000e+00 -5.67574e+01  0.00000e+00  4.07054e-01 
 4.82366e-03  1.56534e-03  0.00000e+00  3.47944e+00  1.33926e-04  3.59200e+02  3.60049e+02  4.38895e+00  4.41291e+00  3.08742e-02  5.65770e+01  2.60240e+02  9.10101e+03 -2.51017e+05  1.36574e+03  0.00000e+00 -2.40550e+05  1.23314e+05 -1.17236e+05  3.08622e-02  1.00000e+00 -5.65769e+01  0.00000e+00  4.32126e-01 
 4.90611e-03  1.80349e-03  8.81027e-21  3.47944e+00  1.41493e-04  3.59227e+02  3.60049e+02  4.38397e+00  4.40934e+00  3.43834e-02  5.75036e+01  2.46324e+02  2.09313e+04 -2.59755e+05  1.29203e+03  0.00000e+00 -2.37531e+05  1.06533e+05 -1.30998e+05  3.43677e-02  1.00000e+00 -5.75036e+01  0.00000e+00  4.62567e-01 
 4.99859e-03  2.04170e-03  0.00000e+00  3.47944e+00  1.48007e-04  3.59256e+02  3.60049e+02  4.37821e+00  4.40473e+00  3.85325e-02  5.93707e+01  2.35482e+02  4.03199e+04 -2.75818e+05  1.23421e+03  0.00000e+00 -2.34264e+05  9.38271e+04 -1.40437e+05  3.85158e-02  1.00000e+00 -5.93706e+01  0.00000e+00  4.99014e-01 
 5.10055e-03  2.27996e-03  7.58893e-21  3.47944e+00  1.53471e-04  3.59289e+02  3.60049e+02  4.37163e+00  4.39904e+00  4.33846e-02  6.20640e+01  2.27099e+02  6.83423e+04 -2.99379e+05  1.18903e+03  0.00000e+00 -2.29847e+05  8.40069e+04 -1.45841e+05  4.33690e-02  1.00000e+00 -6.20639e+01  0.00000e+00  5.42241e-01 
 5.21143e-03  2.51826e-03  7.09702e-21  3.47944e+00  1.57945e-04  3.59324e+02  3.60049e+02  4.36415e+00  4.39222e+00  4.90039e-02  6.54747e+01  2.20665e+02  1.05593e+05 -3.30893e+05  1.15388e+03  0.00000e+00 -2.24147e+05  7.62342e+04 -1.47912e+05  4.89889e-02  1.00000e+00 -6.54745e+01  0.00000e+00  5.93179e-01 
 5.33068e-03  2.75659e-03  1.33300e-20  3.47944e+00  1.61548e-04  3.59362e+02  3.60049e+02  4.35573e+00  4.38424e+00  5.54508e-02  6.94706e+01  2.15744e+02  1.52539e+05 -3.70924e+05  1.12647e+03  0.00000e+00 -2.17259e+05  6.98979e+04 -1.47361e+05  5.54264e-02  1.00000e+00 -6.94705e+01  0.00000e+00  6.52933e-01 
 5.45775e-03  2.99495e-03  1.25651e-20  3.47944e+00  1.64429e-04  3.59402e+02  3.60049e+02  4.34627e+00  4.37507e+00  6.27966e-02  7.39040e+01  2.11964e+02  2.09758e+05 -4.20271e+05  1.10474e+03  0.00000e+00 -2.09408e+05  6.45280e+04 -1.44880e+05  6.27499e-02  1.00000e+00 -7.39039e+01  0.00000e+00  7.22815e-01 
 5.59212e-03  3.23333e-03  0.00000e+00  3.47944e+00  1.66765e-04  3.59443e+02  3.60049e+02  4.33566e+00  4.36461e+00  7.10748e-02  7.78340e+01  2.08996e+02  2.77983e+05 -4.79882e+05  1.08723e+03  0.00000e+00 -2.00812e+05  5.91872e+04 -1.41625e+05  7.10409e-02  1.00000e+00 -7.78339e+01  0.00000e+00  8.04370e-01 
 5.73326e-03  3.47172e-03  0.00000e+00  3.47944e+00  1.68702e-04  3.59485e+02  3.60049e+02  4.32380e+00  4.35281e+00  8.03588e-02  8.16855e+01  2.06596e+02  3.57913e+05 -5.50573e+05  1.07236e+03  0.00000e+00 -1.91588e+05  5.42922e+04 -1.37295e+05  8.03451e-02  1.00000e+00 -8.16853e+01  0.00000e+00  8.99405e-01 
 5.88069e-03  3.71014e-03 -5.35987e-21  3.47944e+00  1.70380e-04  3.59528e+02  3.60049e+02  4.31053e+00  4.33952e+00  9.06718e-02  8.52159e+01  2.04561e+02  4.50113e+05 -6.32942e+05  1.05736e+03  0.00000e+00 -1.81772e+05  4.96915e+04 -1.32080e+05  9.06769e-02  1.00000e+00 -8.52157e+01  0.00000e+00  1.01003e+00 
 6.03395e-03  3.94857e-03  5.10973e-21  3.47944e+00  1.71924e-04  3.59571e+02  3.60049e+02  4.29567e+00  4.32453e+00  1.02037e-01  8.81825e+01  2.02724e+02  5.54872e+05 -7.27376e+05  1.04598e+03  0.00000e+00 -1.71458e+05  4.52846e+04 -1.26173e+05  1.02040e-01  1.00000e+00 -8.81823e+01  0.00000e+00  1.13866e+00 
 6.19261e-03  4.18701e-03  0.00000e+00  3.47944e+00  1.73456e-04  3.59613e+02  3.60049e+02  4.27903e+00  4.30775e+00  1.14406e-01  9.03563e+01  2.00933e+02  6.72032e+05 -8.33847e+05  1.03325e+03  0.00000e+00 -1.60782e+05  4.10185e+04 -1.19763e+05  1.14409e-01  1.00000e+00 -9.03561e+01  0.00000e+00  1.28812e+00 
 6.35626e-03  4.42546e-03  0.00000e+00  3.47944e+00  1.75084e-04  3.59654e+02  3.60049e+02  4.26036e+00  4.28894e+00  1.27731e-01  9.15315e+01  1.99066e+02  8.00803e+05 -9.51874e+05  1.01916e+03  0.00000e+00 -1.50052e+05  3.68685e+04 -1.13183e+05  1.27745e-01  1.00000e+00 -9.15313e+01  0.00000e+00  1.46157e+00 
 6.52453e-03  4.66392e-03 -8.96437e-21  3.47944e+00  1.76895e-04  3.59693e+02  3.60049e+02  4.23939e+00  4.26783e+00  1.41913e-01  9.15248e+01  1.97028e+02  9.39709e+05 -1.08011e+06  1.00345e+03  0.00000e+00 -1.39395e+05  3.28398e+04 -1.06556e+05  1.41938e-01  1.00000e+00 -9.15246e+01  0.00000e+00  1.66258e+00 
 6.69707e-03  4.90238e-03  1.72236e-20  3.47944e+00  1.78964e-04  3.59731e+02  3.60049e+02  4.21583e+00  4.24414e+00  1.56852e-01  9.02311e+01  1.94750e+02  1.08650e+06 -1.21667e+06  9.87292e+02  0.00000e+00 -1.29188e+05  2.89549e+04 -1.00233e+05  1.56872e-01  1.00000e+00 -9.02308e+01  0.00000e+00  1.89503e+00 
 6.87356e-03  5.14086e-03  8.28595e-21  3.47944e+00  1.81339e-04  3.59768e+02  3.60049e+02  4.18937e+00  4.21755e+00  1.72349e-01  8.76095e+01  1.92200e+02  1.23843e+06 -1.35892e+06  9.69129e+02  0.00000e+00 -1.19529e+05  2.52524e+04 -9.42761e+04  1.72359e-01  1.00000e+00 -8.76092e+01  0.00000e+00  2.16323e+00 
 7.05370e-03  5.37934e-03 -1.59677e-20  3.47944e+00  1.84046e-04  3.59802e+02  3.60049e+02  4.15968e+00  4.18775e+00  1.88257e-01  8.37314e+01  1.89374e+02  1.39222e+06 -1.50433e+06  9.48904e+02  0.00000e+00 -1.11165e+05  2.17710e+04 -8.93937e+04  1.88261e-01  1.00000e+00 -8.37311e+01  0.00000e+00  2.47168e+00 
 7.23722e-03  5.61783e-03  0.00000e+00  3.47944e+00  1.87062e-04  3.59833e+02  3.60049e+02  4.12648e+00  4.15445e+00  2.04300e-01  7.87128e+01  1.86320e+02  1.54508e+06 -1.64979e+06  9.26354e+02  0.00000e+00 -1.03777e+05  1.85546e+04 -8.52223e+04  2.04309e-01  1.00000e+00 -7.87125e+01  0.00000e+00  2.82558e+00 
 7.42387e-03  5.85632e-03  0.00000e+00  3.47944e+00  1.90345e-04  3.59863e+02  3.60050e+02  4.08950e+00  4.11736e+00  2.20359e-01  7.27709e+01  1.83107e+02  1.69430e+06 -1.79345e+06  9.02332e+02  0.00000e+00 -9.82528e+04  1.56295e+04 -8.26233e+04  2.20369e-01  1.00000e+00 -7.27706e+01  0.00000e+00  3.23019e+00 
 7.61342e-03  6.09482e-03  0.00000e+00  3.47944e+00  1.93776e-04  3.59890e+02  3.60050e+02  4.04855e+00  4.07630e+00  2.36137e-01  6.61279e+01  1.79866e+02  1.83917e+06 -1.93374e+06  8.78489e+02  0.00000e+00 -9.36982e+04  1.30196e+04 -8.06786e+04  2.36138e-01  1.00000e+00 -6.61275e+01  0.00000e+00  3.69279e+00 
 7.80566e-03  6.33332e-03  0.00000e+00  3.47944e+00  1.97244e-04  3.59915e+02  3.60050e+02  4.00338e+00  4.03100e+00  2.51605e-01  5.90469e+01  1.76704e+02  1.97906e+06 -2.07160e+06  8.53787e+02  0.00000e+00 -9.16902e+04  1.07191e+04 -8.09711e+04  2.51601e-01  1.00000e+00 -5.90465e+01  0.00000e+00  4.22082e+00 
 8.00039e-03  6.57182e-03  0.00000e+00  3.47944e+00  2.00529e-04  3.59938e+02  3.60050e+02  3.95390e+00  3.98135e+00  2.66449e-01  5.17304e+01  1.73810e+02  2.11731e+06 -2.20863e+06  8.29724e+02  0.00000e+00 -9.04942e+04  8.72255e+03 -8.17716e+04  2.66444e-01  1.00000e+00 -5.17300e+01  0.00000e+00  4.82737e+00 
 8.19744e-03  6.81033e-03  1.31016e-20  3.47944e+00  2.03476e-04  3.59960e+02  3.60050e+02  3.89967e+00  3.92688e+00  2.80810e-01  4.43537e+01  1.71293e+02  2.25594e+06 -2.34942e+06  8.06827e+02  0.00000e+00 -9.26678e+04  6.99314e+03 -8.56747e+04  2.80817e-01  1.00000e+00 -4.43533e+01  0.00000e+00  5.52592e+00 
 8.39664e-03  7.04884e-03  0.00000e+00  3.47944e+00  2.05775e-04  3.59980e+02  3.60050e+02  3.84059e+00  3.86746e+00  2.94402e-01  3.70045e+01  1.69380e+02  2.40364e+06 -2.50007e+06  7.85879e+02  0.00000e+00 -9.56442e+04  5.50284e+03 -9.01414e+04  2.94411e-01  1.00000e+00 -3.70041e+01  0.00000e+00  6.34406e+00 
 8.59784e-03  7.28736e-03  0.00000e+00  3.47944e+00  2.07275e-04  3.59998e+02  3.60050e+02  3.77546e+00  3.80188e+00  3.07549e-01  2.96865e+01  1.68155e+02  2.56482e+06 -2.66919e+06  7.67012e+02  0.00000e+00 -1.03603e+05  4.19527e+03 -9.94076e+04  3.07563e-01  1.00000e+00 -2.96861e+01  0.00000e+00  7.30898e+00 
 8.80092e-03  7.52587e-03  0.00000e+00  3.47944e+00  2.07572e-04  3.60016e+02  3.60051e+02  3.70451e+00  3.73030e+00  3.19932e-01  2.23120e+01  1.67916e+02  2.75625e+06 -2.87017e+06  7.51207e+02  0.00000e+00 -1.13176e+05  3.02666e+03 -1.10150e+05  3.19953e-01  1.00000e+00 -2.23115e+01  0.00000e+00  8.48386e+00 
 9.00573e-03  7.76439e-03 -1.17014e-20  3.47944e+00  2.06540e-04  3.60032e+02  3.60051e+02  3.62413e+00  3.64908e+00  3.32030e-01  1.46319e+01  1.68756e+02  2.98648e+06 -3.11828e+06  7.38718e+02  0.00000e+00 -1.31062e+05  1.92206e+03 -1.29140e+05  3.32053e-01  1.00000e+00 -1.46315e+01  0.00000e+00  9.92892e+00 
 9.21216e-03  8.00291e-03  0.00000e+00  3.47944e+00  2.03650e-04  3.60049e+02  3.60051e+02  3.53671e+00  3.56057e+00  3.43547e-01  6.22848e+00  1.71151e+02  3.29043e+06 -3.44500e+06  7.29954e+02  0.00000e+00 -1.53847e+05  8.01924e+02 -1.53045e+05  3.43579e-01  1.00000e+00 -6.22801e+00  0.00000e+00  1.18076e+01 
 9.42012e-03  8.24144e-03  0.00000e+00  3.47944e+00  1.98765e-04  3.60067e+02  3.60052e+02  3.43118e+00  3.45370e+00  3.55017e-01 -8.26329e+00  1.75359e+02  3.69261e+06 -3.88652e+06  7.25387e+02  0.00000e+00 -1.93185e+05 -1.05502e+03 -1.94241e+05  3.55053e-01  1.00000e+00  8.26408e+00  0.00000e+00  1.42870e+01 
 9.62949e-03  8.47996e-03  0.00000e+00  3.47944e+00  1.91098e-04  3.60086e+02  3.60052e+02  3.31697e+00  3.33781e+00  3.66269e-01 -3.77631e+01  1.82395e+02  4.28764e+06 -4.53581e+06  7.26951e+02  0.00000e+00 -2.47439e+05 -4.86041e+03 -2.52299e+05  3.66313e-01  1.00000e+00  3.77639e+01  0.00000e+00  1.78967e+01 
 9.84019e-03  8.71849e-03  0.00000e+00  3.47944e+00  1.80246e-04  3.60113e+02  3.60052e+02  3.16245e+00  3.18134e+00  3.77623e-01 -8.68548e+01  1.93379e+02  5.19312e+06 -5.53374e+06  7.33832e+02  0.00000e+00 -3.39890e+05 -1.14955e+04 -3.51385e+05  3.77668e-01  1.00000e+00  8.68557e+01  0.00000e+00  2.33653e+01 
 1.00521e-02  8.95702e-03  0.00000e+00  3.47944e+00  1.64880e-04  3.60159e+02  3.60053e+02  2.98816e+00  3.00484e+00  3.89034e-01 -1.92338e+02  2.11402e+02  6.82641e+06 -7.28914e+06  7.52957e+02  0.00000e+00 -4.61971e+05 -2.70134e+04 -4.88984e+05  3.89079e-01  1.00000e+00  1.92339e+02  0.00000e+00  3.34031e+01 
 1.02653e-02  9.19555e-03  0.00000e+00  3.47944e+00  1.45017e-04  3.60266e+02  3.60054e+02  2.70357e+00  2.71677e+00  4.01094e-01 -5.02353e+02  2.40362e+02  1.01168e+07 -1.06548e+07  7.67375e+02  0.00000e+00 -5.37224e+05 -7.78032e+04 -6.15027e+05  4.01145e-01  1.00000e+00  5.02354e+02  0.00000e+00  5.54349e+01 
 1.04795e-02  9.43408e-03  0.00000e+00  3.47944e+00  1.23425e-04  3.60667e+02  3.60055e+02  2.26308e+00  2.26971e+00  4.15706e-01 -5.17620e+03  2.82414e+02  1.88607e+07 -1.74374e+07  7.86178e+02  8.67460e+05  2.29158e+06 -2.36244e+06 -7.08608e+04  4.15736e-01  1.00000e+00  5.17620e+03  3.20975e+03  1.39810e+02 
