# Code_Saturne plot output (1D profile)
#
# Iteration output: 2157
# Time output:      2.30013e+01
#
#COLUMN_TITLES: Distance | X | Y | Z | diameter_Field2 | temp_Field1 | temp_Field2 | Velocity_Field1[Z] | Velocity_Field2[Z] | vol_f_Field2 | mass_trans_Field1 | Xd_Field2 | BK | COAL | COMP | NUCL | W1 | MT | SMBR | ALPBB | CONDNUM | GAMA | GAMANUC | epsilon_Field1
 4.56474e-03  1.39645e-04  0.00000e+00  3.47944e+00  1.03252e-04  3.59447e+02  3.60052e+02  4.56670e+00  4.58447e+00  5.30038e-02  1.00691e+02  3.37518e+02  3.80874e+02 -9.38900e+05  1.94958e+03  0.00000e+00 -9.36569e+05  2.00370e+05 -7.36200e+05  5.30080e-02  1.00000e+00 -1.00696e+02  0.00000e+00  4.70048e-01 
 4.57812e-03  3.76525e-04  4.25872e-21  3.47944e+00  1.31176e-04  3.59449e+02  3.60052e+02  4.56614e+00  4.59021e+00  5.37550e-02  7.38718e+01  2.65670e+02  9.46470e+03 -6.33380e+05  1.53542e+03  0.00000e+00 -6.22380e+05  1.14095e+05 -5.08285e+05  5.37581e-02  1.00000e+00 -7.38758e+01  0.00000e+00  4.75632e-01 
 4.60371e-03  6.13858e-04  0.00000e+00  3.47944e+00  1.53123e-04  3.59453e+02  3.60052e+02  4.56460e+00  4.59359e+00  5.51594e-02  6.15391e+01  2.27592e+02  3.71072e+04 -5.01407e+05  1.31616e+03  0.00000e+00 -4.62984e+05  7.93505e+04 -3.83633e+05  5.51617e-02  1.00000e+00 -6.15425e+01  0.00000e+00  4.86583e-01 
 4.64138e-03  8.51483e-04  0.00000e+00  3.47944e+00  1.69140e-04  3.59459e+02  3.60051e+02  4.56235e+00  4.59485e+00  5.72067e-02  5.57414e+01  2.06039e+02  7.35600e+04 -4.42562e+05  1.19186e+03  0.00000e+00 -3.67810e+05  6.27406e+04 -3.05070e+05  5.72085e-02  1.00000e+00 -5.57445e+01  0.00000e+00  5.03108e-01 
 4.69084e-03  1.08931e-03  0.00000e+00  3.47944e+00  1.80890e-04  3.59467e+02  3.60051e+02  4.55932e+00  4.59429e+00  5.99216e-02  5.31400e+01  1.92655e+02  1.11300e+05 -4.18383e+05  1.11438e+03  0.00000e+00 -3.05969e+05  5.33933e+04 -2.52576e+05  5.99231e-02  1.00000e+00 -5.31430e+01  0.00000e+00  5.25529e-01 
 4.75174e-03  1.32727e-03  1.05001e-20  3.47944e+00  1.89688e-04  3.59479e+02  3.60051e+02  4.55552e+00  4.59222e+00  6.33395e-02  5.22981e+01  1.83720e+02  1.49004e+05 -4.14127e+05  1.06234e+03  0.00000e+00 -2.64060e+05  4.74062e+04 -2.16654e+05  6.33407e-02  1.00000e+00 -5.23012e+01  0.00000e+00  5.54305e-01 
 4.82366e-03  1.56534e-03  0.00000e+00  3.47944e+00  1.96525e-04  3.59492e+02  3.60051e+02  4.55091e+00  4.58884e+00  6.74983e-02  5.23607e+01  1.77328e+02  1.87745e+05 -4.23142e+05  1.02480e+03  0.00000e+00 -2.34372e+05  4.29897e+04 -1.91382e+05  6.74993e-02  1.00000e+00 -5.23638e+01  0.00000e+00  5.90043e-01 
 4.90611e-03  1.80349e-03  8.81027e-21  3.47944e+00  2.02121e-04  3.59508e+02  3.60051e+02  4.54543e+00  4.58427e+00  7.24401e-02  5.31078e+01  1.72419e+02  2.28950e+05 -4.42112e+05  9.95675e+02  0.00000e+00 -2.12166e+05  3.95050e+04 -1.72661e+05  7.24408e-02  1.00000e+00 -5.31110e+01  0.00000e+00  6.33497e-01 
 4.99859e-03  2.04170e-03  0.00000e+00  3.47944e+00  2.06984e-04  3.59525e+02  3.60051e+02  4.53904e+00  4.57860e+00  7.82045e-02  5.42741e+01  1.68368e+02  2.73756e+05 -4.69224e+05  9.71328e+02  0.00000e+00 -1.94497e+05  3.65186e+04 -1.57978e+05  7.82046e-02  1.00000e+00 -5.42775e+01  0.00000e+00  6.85589e-01 
 5.10055e-03  2.27996e-03  7.58893e-21  3.47944e+00  2.11487e-04  3.59545e+02  3.60051e+02  4.53166e+00  4.57183e+00  8.48272e-02  5.56614e+01  1.64783e+02  3.22836e+05 -5.03372e+05  9.49515e+02  0.00000e+00 -1.79587e+05  3.37933e+04 -1.45794e+05  8.48266e-02  1.00000e+00 -5.56650e+01  0.00000e+00  7.47412e-01 
 5.21143e-03  2.51826e-03  7.09702e-21  3.47944e+00  2.15922e-04  3.59566e+02  3.60051e+02  4.52318e+00  4.56394e+00  9.23355e-02  5.70976e+01  1.61399e+02  3.76391e+05 -5.43659e+05  9.28703e+02  0.00000e+00 -1.66339e+05  3.11926e+04 -1.35147e+05  9.23344e-02  1.00000e+00 -5.71015e+01  0.00000e+00  8.20246e-01 
 5.33068e-03  2.75659e-03  1.33300e-20  3.47944e+00  2.20524e-04  3.59588e+02  3.60051e+02  4.51350e+00  4.55481e+00  1.00742e-01  5.84201e+01  1.58030e+02  4.34122e+05 -5.89146e+05  9.07830e+02  0.00000e+00 -1.54115e+05  2.86416e+04 -1.25474e+05  1.00740e-01  1.00000e+00 -5.84242e+01  0.00000e+00  9.05574e-01 
 5.45775e-03  2.99495e-03  1.25651e-20  3.47944e+00  2.25500e-04  3.59612e+02  3.60051e+02  4.50246e+00  4.54436e+00  1.10046e-01  5.94781e+01  1.54543e+02  4.95206e+05 -6.38711e+05  8.86111e+02  0.00000e+00 -1.42619e+05  2.61061e+04 -1.16513e+05  1.10044e-01  1.00000e+00 -5.94825e+01  0.00000e+00  1.00508e+00 
 5.59212e-03  3.23333e-03  0.00000e+00  3.47944e+00  2.31030e-04  3.59636e+02  3.60051e+02  4.48989e+00  4.53243e+00  1.20219e-01  6.01271e+01  1.50844e+02  5.58321e+05 -6.90925e+05  8.63009e+02  0.00000e+00 -1.31741e+05  2.35797e+04 -1.08162e+05  1.20217e-01  1.00000e+00 -6.01318e+01  0.00000e+00  1.12066e+00 
 5.73326e-03  3.47172e-03  0.00000e+00  3.47944e+00  2.37269e-04  3.59661e+02  3.60051e+02  4.47560e+00  4.51887e+00  1.31213e-01  6.02463e+01  1.46878e+02  6.21702e+05 -7.44095e+05  8.38187e+02  0.00000e+00 -1.21555e+05  2.10779e+04 -1.00477e+05  1.31210e-01  1.00000e+00 -6.02513e+01  0.00000e+00  1.25439e+00 
 5.88069e-03  3.71014e-03 -5.35987e-21  3.47944e+00  2.44335e-04  3.59686e+02  3.60051e+02  4.45938e+00  4.50349e+00  1.42933e-01  5.97421e+01  1.42630e+02  6.83333e+05 -7.96288e+05  8.11564e+02  0.00000e+00 -1.12144e+05  1.86329e+04 -9.35110e+04  1.42931e-01  1.00000e+00 -5.97474e+01  0.00000e+00  1.40856e+00 
 6.03395e-03  3.94857e-03  5.10973e-21  3.47944e+00  2.52318e-04  3.59711e+02  3.60051e+02  4.44098e+00  4.48606e+00  1.55275e-01  5.85659e+01  1.38118e+02  7.41104e+05 -8.45561e+05  7.83251e+02  0.00000e+00 -1.03673e+05  1.62825e+04 -8.73908e+04  1.55272e-01  1.00000e+00 -5.85714e+01  0.00000e+00  1.58549e+00 
 6.19261e-03  4.18701e-03  0.00000e+00  3.47944e+00  2.61229e-04  3.59735e+02  3.60051e+02  4.42020e+00  4.46636e+00  1.68078e-01  5.67157e+01  1.33407e+02  7.93216e+05 -8.90117e+05  7.53604e+02  0.00000e+00 -9.61478e+04  1.40702e+04 -8.20776e+04  1.68076e-01  1.00000e+00 -5.67215e+01  0.00000e+00  1.78772e+00 
 6.35626e-03  4.42546e-03  0.00000e+00  3.47944e+00  2.71016e-04  3.59760e+02  3.60052e+02  4.39679e+00  4.44415e+00  1.81199e-01  5.42481e+01  1.28589e+02  8.38273e+05 -9.28742e+05  7.23175e+02  0.00000e+00 -8.97457e+04  1.20327e+04 -7.77130e+04  1.81197e-01  1.00000e+00 -5.42540e+01  0.00000e+00  2.01765e+00 
 6.52453e-03  4.66392e-03 -8.96437e-21  3.47944e+00  2.81534e-04  3.59784e+02  3.60052e+02  4.37062e+00  4.41925e+00  1.94432e-01  5.12544e+01  1.23785e+02  8.75795e+05 -9.60730e+05  6.92639e+02  0.00000e+00 -8.42430e+04  1.01992e+04 -7.40437e+04  1.94429e-01  1.00000e+00 -5.12604e+01  0.00000e+00  2.27802e+00 
 6.69707e-03  4.90238e-03  1.72236e-20  3.47944e+00  2.92555e-04  3.59808e+02  3.60052e+02  4.34153e+00  4.39147e+00  2.07644e-01  4.78655e+01  1.19122e+02  9.05929e+05 -9.86411e+05  6.62740e+02  0.00000e+00 -7.98185e+04  8.58291e+03 -7.12356e+04  2.07642e-01  1.00000e+00 -4.78717e+01  0.00000e+00  2.57129e+00 
 6.87356e-03  5.14086e-03  8.28595e-21  3.47944e+00  3.03739e-04  3.59831e+02  3.60052e+02  4.30947e+00  4.36071e+00  2.20630e-01  4.42124e+01  1.14737e+02  9.30010e+05 -1.00669e+06  6.34222e+02  0.00000e+00 -7.60489e+04  7.18657e+03 -6.88624e+04  2.20629e-01  1.00000e+00 -4.42187e+01  0.00000e+00  2.90095e+00 
 7.05370e-03  5.37934e-03 -1.59677e-20  3.47944e+00  3.14713e-04  3.59854e+02  3.60052e+02  4.27436e+00  4.32681e+00  2.33333e-01  4.04251e+01  1.10736e+02  9.49601e+05 -1.02344e+06  6.07707e+02  0.00000e+00 -7.32306e+04  5.99658e+03 -6.72340e+04  2.33334e-01  1.00000e+00 -4.04314e+01  0.00000e+00  3.27013e+00 
 7.23722e-03  5.61783e-03  0.00000e+00  3.47944e+00  3.25019e-04  3.59876e+02  3.60052e+02  4.23624e+00  4.28976e+00  2.45586e-01  3.65998e+01  1.07225e+02  9.67340e+05 -1.03874e+06  5.83713e+02  0.00000e+00 -7.08170e+04  4.99479e+03 -6.58222e+04  2.45587e-01  1.00000e+00 -3.66062e+01  0.00000e+00  3.68465e+00 
 7.42387e-03  5.85632e-03  0.00000e+00  3.47944e+00  3.34272e-04  3.59898e+02  3.60052e+02  4.19490e+00  4.24926e+00  2.57440e-01  3.28021e+01  1.04257e+02  9.85197e+05 -1.05514e+06  5.62524e+02  0.00000e+00 -6.93843e+04  4.15224e+03 -6.52321e+04  2.57443e-01  1.00000e+00 -3.28086e+01  0.00000e+00  4.14958e+00 
 7.61342e-03  6.09482e-03  0.00000e+00  3.47944e+00  3.42043e-04  3.59919e+02  3.60052e+02  4.15038e+00  4.20532e+00  2.68759e-01  2.90563e+01  1.01889e+02  1.00622e+06 -1.07504e+06  5.44325e+02  0.00000e+00 -6.82763e+04  3.44324e+03 -6.48330e+04  2.68760e-01  1.00000e+00 -2.90629e+01  0.00000e+00  4.67583e+00 
 7.80566e-03  6.33332e-03  0.00000e+00  3.47944e+00  3.48091e-04  3.59940e+02  3.60052e+02  4.10214e+00  4.15729e+00  2.79694e-01  2.53490e+01  1.00119e+02  1.03188e+06 -1.10084e+06  5.29054e+02  0.00000e+00 -6.84350e+04  2.83641e+03 -6.55986e+04  2.79697e-01  1.00000e+00 -2.53557e+01  0.00000e+00  5.27179e+00 
 8.00039e-03  6.57182e-03  0.00000e+00  3.47944e+00  3.52103e-04  3.59961e+02  3.60052e+02  4.05030e+00  4.10532e+00  2.90106e-01  2.16399e+01  9.89785e+01  1.06549e+06 -1.13502e+06  5.16678e+02  0.00000e+00 -6.90118e+04  2.30803e+03 -6.67038e+04  2.90107e-01  1.00000e+00 -2.16468e+01  0.00000e+00  5.95827e+00 
 8.19744e-03  6.81033e-03  1.31016e-20  3.47944e+00  3.54026e-04  3.59982e+02  3.60053e+02  3.99357e+00  4.04803e+00  3.00222e-01  1.78495e+01  9.84412e+01  1.10798e+06 -1.17990e+06  5.06966e+02  0.00000e+00 -7.14198e+04  1.82975e+03 -6.95901e+04  3.00225e-01  1.00000e+00 -1.78566e+01  0.00000e+00  6.74908e+00 
 8.39664e-03  7.04884e-03  0.00000e+00  3.47944e+00  3.53613e-04  3.60002e+02  3.60053e+02  3.93271e+00  3.98623e+00  3.09883e-01  1.38823e+01  9.85566e+01  1.16392e+06 -1.23897e+06  4.99863e+02  0.00000e+00 -7.45448e+04  1.38052e+03 -7.31643e+04  3.09882e-01  1.00000e+00 -1.38896e+01  0.00000e+00  7.68569e+00 
 8.59784e-03  7.28736e-03  0.00000e+00  3.47944e+00  3.50940e-04  3.60023e+02  3.60053e+02  3.86449e+00  3.91662e+00  3.19362e-01  9.58178e+00  9.93077e+01  1.23443e+06 -1.31549e+06  4.95110e+02  0.00000e+00 -8.05643e+04  9.31866e+02 -7.96324e+04  3.19362e-01  1.00000e+00 -9.58944e+00  0.00000e+00  8.79215e+00 
 8.80092e-03  7.52587e-03  0.00000e+00  3.47944e+00  3.45700e-04  3.60045e+02  3.60053e+02  3.79200e+00  3.84236e+00  3.28495e-01  4.75529e+00  1.00814e+02  1.32782e+06 -1.41638e+06  4.92855e+02  0.00000e+00 -8.80637e+04  4.56849e+02 -8.76069e+04  3.28489e-01  1.00000e+00 -4.76336e+00  0.00000e+00  1.01596e+01 
 9.00573e-03  7.76439e-03 -1.17014e-20  3.47944e+00  3.38016e-04  3.60067e+02  3.60054e+02  3.70653e+00  3.75469e+00  3.37562e-01 -2.13709e+00  1.03106e+02  1.44714e+06 -1.54828e+06  4.92788e+02  0.00000e+00 -1.00639e+05 -2.02283e+02 -1.00841e+05  3.37555e-01  1.00000e+00  2.11914e+00  0.00000e+00  1.18383e+01 
 9.21216e-03  8.00291e-03  0.00000e+00  3.47944e+00  3.27372e-04  3.60091e+02  3.60054e+02  3.61804e+00  3.66361e+00  3.46458e-01 -1.79875e+01  1.06459e+02  1.61085e+06 -1.72788e+06  4.95667e+02  0.00000e+00 -1.16533e+05 -1.72552e+03 -1.18258e+05  3.46441e-01  1.00000e+00  1.79684e+01  0.00000e+00  1.40579e+01 
 9.42012e-03  8.24144e-03  0.00000e+00  3.47944e+00  3.13732e-04  3.60119e+02  3.60054e+02  3.50364e+00  3.54630e+00  3.55396e-01 -3.94244e+01  1.11089e+02  1.83151e+06 -1.97538e+06  5.00912e+02  0.00000e+00 -1.43368e+05 -3.84920e+03 -1.47217e+05  3.55375e-01  1.00000e+00  3.94037e+01  0.00000e+00  1.69683e+01 
 9.62949e-03  8.47996e-03  0.00000e+00  3.47944e+00  2.96034e-04  3.60153e+02  3.60055e+02  3.38919e+00  3.42853e+00  3.64439e-01 -7.17042e+01  1.17731e+02  2.16287e+06 -2.34374e+06  5.11342e+02  0.00000e+00 -1.80357e+05 -7.23707e+03 -1.87594e+05  3.64404e-01  1.00000e+00  7.16814e+01  0.00000e+00  2.12847e+01 
 9.84019e-03  8.71849e-03  0.00000e+00  3.47944e+00  2.74034e-04  3.60201e+02  3.60055e+02  3.21923e+00  3.25523e+00  3.73582e-01 -1.26797e+02  1.27184e+02  2.66733e+06 -2.91272e+06  5.24603e+02  0.00000e+00 -2.44861e+05 -1.34883e+04 -2.58349e+05  3.73540e-01  1.00000e+00  1.26772e+02  0.00000e+00  2.77615e+01 
 1.00521e-02  8.95702e-03  0.00000e+00  3.47944e+00  2.45633e-04  3.60279e+02  3.60056e+02  3.04437e+00  3.07674e+00  3.83044e-01 -2.40290e+02  1.41890e+02  3.58498e+06 -3.91820e+06  5.48368e+02  0.00000e+00 -3.32672e+05 -2.78150e+04 -3.60487e+05  3.82993e-01  1.00000e+00  2.40260e+02  0.00000e+00  3.98571e+01 
 1.02653e-02  9.19555e-03  0.00000e+00  3.47944e+00  2.11054e-04  3.60438e+02  3.60057e+02  2.73288e+00  2.76013e+00  3.93551e-01 -5.39386e+02  1.65140e+02  5.43248e+06 -5.84870e+06  5.68596e+02  0.00000e+00 -4.15643e+05 -7.07292e+04 -4.86372e+05  3.93498e-01  1.00000e+00  5.39350e+02  0.00000e+00  6.62238e+01 
 1.04795e-02  9.43408e-03  0.00000e+00  3.47944e+00  1.72848e-04  3.60930e+02  3.60058e+02  2.27832e+00  2.29555e+00  4.05947e-01 -5.02687e+03  2.01646e+02  1.04416e+07 -9.46831e+06  5.99283e+02  8.60523e+05  1.83438e+06 -1.86688e+06 -3.24979e+04  4.05860e-01  1.00000e+00  5.02683e+03  3.27963e+03  1.67932e+02 
