# Code_Saturne plot output (1D profile)
#
# Iteration output: 15375
# Time output:      2.30007e+01
#
#COLUMN_TITLES: Distance | X | Y | Z | diameter_Field2 | temp_Field1 | temp_Field2 | Velocity_Field1[Z] | Velocity_Field2[Z] | vol_f_Field2 | mass_trans_Field1 | Xd_Field2 | BK | COAL | COMP | NUCL | W1 | MT | SMBR | ALPBB | CONDNUM | GAMA | GAMANUC | epsilon_Field1
 4.56474e-03  1.39645e-04  0.00000e+00  3.47944e+00  1.09167e-03  3.60441e+02  3.60167e+02  9.69403e+00  9.90728e+00  7.44378e-01 -4.10780e+01  3.17358e+01  4.48016e+04 -3.76827e+04  1.40013e+03  0.00000e+00  8.51909e+03 -6.33350e+02  7.88574e+03  7.44370e-01  1.00000e+00  4.10785e+01  0.00000e+00  1.77538e+01 
 4.57812e-03  3.76525e-04  4.25872e-21  3.47944e+00  1.08987e-03  3.60441e+02  3.60167e+02  9.69193e+00  9.90524e+00  7.44401e-01 -4.11418e+01  3.17881e+01  4.49735e+04 -3.78676e+04  1.40221e+03  0.00000e+00  8.50807e+03 -6.35360e+02  7.87271e+03  7.44394e-01  1.00000e+00  4.11424e+01  0.00000e+00  1.78170e+01 
 4.60371e-03  6.13858e-04  0.00000e+00  3.47944e+00  1.08590e-03  3.60440e+02  3.60167e+02  9.68776e+00  9.90075e+00  7.44368e-01 -4.12655e+01  3.19044e+01  4.53570e+04 -3.83253e+04  1.40692e+03  0.00000e+00  8.43861e+03 -6.39628e+02  7.79898e+03  7.44361e-01  1.00000e+00  4.12660e+01  0.00000e+00  1.79410e+01 
 4.64138e-03  8.51483e-04  0.00000e+00  3.47944e+00  1.07973e-03  3.60439e+02  3.60167e+02  9.68158e+00  9.89352e+00  7.44314e-01 -4.14296e+01  3.20868e+01  4.59551e+04 -3.90766e+04  1.41429e+03  0.00000e+00  8.29278e+03 -6.45890e+02  7.64689e+03  7.44308e-01  1.00000e+00  4.14302e+01  0.00000e+00  1.81273e+01 
 4.69084e-03  1.08931e-03  0.00000e+00  3.47944e+00  1.07147e-03  3.60439e+02  3.60167e+02  9.67332e+00  9.88353e+00  7.44255e-01 -4.16352e+01  3.23343e+01  4.67682e+04 -4.01226e+04  1.42427e+03  0.00000e+00  8.06983e+03 -6.54153e+02  7.41568e+03  7.44249e-01  1.00000e+00  4.16357e+01  0.00000e+00  1.83782e+01 
 4.75174e-03  1.32727e-03  1.05001e-20  3.47944e+00  1.06128e-03  3.60438e+02  3.60168e+02  9.66291e+00  9.87080e+00  7.44194e-01 -4.18805e+01  3.26448e+01  4.77982e+04 -4.14585e+04  1.43678e+03  0.00000e+00  7.77650e+03 -6.64380e+02  7.11212e+03  7.44189e-01  1.00000e+00  4.18810e+01  0.00000e+00  1.86963e+01 
 4.82366e-03  1.56534e-03  0.00000e+00  3.47944e+00  1.04936e-03  3.60436e+02  3.60168e+02  9.65033e+00  9.85529e+00  7.44152e-01 -4.21571e+01  3.30156e+01  4.90441e+04 -4.30766e+04  1.45172e+03  0.00000e+00  7.41926e+03 -6.76402e+02  6.74286e+03  7.44148e-01  1.00000e+00  4.21577e+01  0.00000e+00  1.90853e+01 
 4.90611e-03  1.80349e-03  8.81027e-21  3.47944e+00  1.03590e-03  3.60435e+02  3.60168e+02  9.63556e+00  9.83699e+00  7.44129e-01 -4.24585e+01  3.34447e+01  5.05122e+04 -4.49738e+04  1.46900e+03  0.00000e+00  7.00739e+03 -6.90112e+02  6.31728e+03  7.44126e-01  1.00000e+00  4.24591e+01  0.00000e+00  1.95495e+01 
 4.99859e-03  2.04170e-03  0.00000e+00  3.47944e+00  1.02106e-03  3.60433e+02  3.60168e+02  9.61848e+00  9.81611e+00  7.44130e-01 -4.27997e+01  3.39312e+01  5.22120e+04 -4.71550e+04  1.48866e+03  0.00000e+00  6.54570e+03 -7.05774e+02  5.83992e+03  7.44127e-01  1.00000e+00  4.28002e+01  0.00000e+00  2.00947e+01 
 5.10055e-03  2.27996e-03  7.58893e-21  3.47944e+00  1.00495e-03  3.60431e+02  3.60169e+02  9.59891e+00  9.79285e+00  7.44149e-01 -4.32031e+01  3.44753e+01  5.41602e+04 -4.96347e+04  1.51082e+03  0.00000e+00  6.03632e+03 -7.23834e+02  5.31248e+03  7.44146e-01  1.00000e+00  4.32036e+01  0.00000e+00  2.07269e+01 
 5.21143e-03  2.51826e-03  7.09702e-21  3.47944e+00  9.87707e-04  3.60429e+02  3.60169e+02  9.57671e+00  9.76701e+00  7.44218e-01 -4.36609e+01  3.50773e+01  5.63658e+04 -5.24309e+04  1.53555e+03  0.00000e+00  5.47048e+03 -7.44207e+02  4.72627e+03  7.44216e-01  1.00000e+00  4.36615e+01  0.00000e+00  2.14532e+01 
 5.33068e-03  2.75659e-03  1.33300e-20  3.47944e+00  9.69486e-04  3.60427e+02  3.60170e+02  9.55185e+00  9.73819e+00  7.44365e-01 -4.41470e+01  3.57368e+01  5.88401e+04 -5.55583e+04  1.56292e+03  0.00000e+00  4.84479e+03 -7.66489e+02  4.07830e+03  7.44364e-01  1.00000e+00  4.41476e+01  0.00000e+00  2.22816e+01 
 5.45775e-03  2.99495e-03  1.25651e-20  3.47944e+00  9.50419e-04  3.60425e+02  3.60170e+02  9.52421e+00  9.70623e+00  7.44600e-01 -4.46534e+01  3.64541e+01  6.15999e+04 -5.90331e+04  1.59312e+03  0.00000e+00  4.15996e+03 -7.90591e+02  3.36937e+03  7.44600e-01  1.00000e+00  4.46540e+01  0.00000e+00  2.32220e+01 
 5.59212e-03  3.23333e-03  0.00000e+00  3.47944e+00  9.30621e-04  3.60422e+02  3.60171e+02  9.49364e+00  9.67102e+00  7.44934e-01 -4.51802e+01  3.72300e+01  6.46668e+04 -6.28777e+04  1.62644e+03  0.00000e+00  3.41559e+03 -8.16576e+02  2.59902e+03  7.44935e-01  1.00000e+00  4.51808e+01  0.00000e+00  2.42857e+01 
 5.73326e-03  3.47172e-03  0.00000e+00  3.47944e+00  9.10194e-04  3.60419e+02  3.60172e+02  9.45995e+00  9.63247e+00  7.45378e-01 -4.57313e+01  3.80660e+01  6.80655e+04 -6.71202e+04  1.66330e+03  0.00000e+00  2.60853e+03 -8.44593e+02  1.76393e+03  7.45379e-01  1.00000e+00  4.57319e+01  0.00000e+00  2.54862e+01 
 5.88069e-03  3.71014e-03 -5.35987e-21  3.47944e+00  8.89226e-04  3.60416e+02  3.60173e+02  9.42298e+00  9.59045e+00  7.45939e-01 -4.63087e+01  3.89642e+01  7.18257e+04 -7.17945e+04  1.70427e+03  0.00000e+00  1.73540e+03 -8.74780e+02  8.60622e+02  7.45941e-01  1.00000e+00  4.63094e+01  0.00000e+00  2.68387e+01 
 6.03395e-03  3.94857e-03  5.10973e-21  3.47944e+00  8.67806e-04  3.60413e+02  3.60174e+02  9.38252e+00  9.54479e+00  7.46628e-01 -4.69132e+01  3.99268e+01  7.59796e+04 -7.69378e+04  1.75006e+03  0.00000e+00  7.91889e+02 -9.07251e+02 -1.15362e+02  7.46631e-01  1.00000e+00  4.69138e+01  0.00000e+00  2.83607e+01 
 6.19261e-03  4.18701e-03  0.00000e+00  3.47944e+00  8.46012e-04  3.60410e+02  3.60175e+02  9.33836e+00  9.49530e+00  7.47451e-01 -4.75467e+01  4.09563e+01  8.05650e+04 -8.25930e+04  1.80158e+03  0.00000e+00 -2.26342e+02 -9.42175e+02 -1.16852e+03  7.47455e-01  1.00000e+00  4.75474e+01  0.00000e+00  3.00727e+01 
 6.35626e-03  4.42546e-03  0.00000e+00  3.47944e+00  8.23914e-04  3.60406e+02  3.60177e+02  9.29027e+00  9.44177e+00  7.48414e-01 -4.82113e+01  4.20561e+01  8.56254e+04 -8.88095e+04  1.85997e+03  0.00000e+00 -1.32414e+03 -9.79734e+02 -2.30387e+03  7.48418e-01  1.00000e+00  4.82121e+01  0.00000e+00  3.19985e+01 
 6.52453e-03  4.66392e-03 -8.96437e-21  3.47944e+00  8.01572e-04  3.60403e+02  3.60179e+02  9.23799e+00  9.38395e+00  7.49518e-01 -4.89113e+01  4.32299e+01  9.12131e+04 -9.56468e+04  1.92664e+03  0.00000e+00 -2.50708e+03 -1.02020e+03 -3.52727e+03  7.49524e-01  1.00000e+00  4.89120e+01  0.00000e+00  3.41657e+01 
 6.69707e-03  4.90238e-03  1.72236e-20  3.47944e+00  7.79029e-04  3.60399e+02  3.60182e+02  9.18124e+00  9.32158e+00  7.50767e-01 -4.96521e+01  4.44830e+01  9.73894e+04 -1.03178e+05  2.00331e+03  0.00000e+00 -3.78531e+03 -1.06389e+03 -4.84921e+03  7.50773e-01  1.00000e+00  4.96528e+01  0.00000e+00  3.66074e+01 
 6.87356e-03  5.14086e-03  8.28595e-21  3.47944e+00  7.56313e-04  3.60395e+02  3.60186e+02  9.11970e+00  9.25435e+00  7.52156e-01 -5.04439e+01  4.58218e+01  1.04232e+05 -1.11496e+05  2.09210e+03  0.00000e+00 -5.17176e+03 -1.11133e+03 -6.28310e+03  7.52164e-01  1.00000e+00  5.04447e+01  0.00000e+00  3.93630e+01 
 7.05370e-03  5.37934e-03 -1.59677e-20  3.47944e+00  7.33428e-04  3.60391e+02  3.60191e+02  9.05307e+00  9.18193e+00  7.53690e-01 -5.12986e+01  4.72552e+01  1.11834e+05 -1.20725e+05  2.19554e+03  0.00000e+00 -6.69497e+03 -1.16314e+03 -7.85812e+03  7.53699e-01  1.00000e+00  5.12994e+01  0.00000e+00  4.24807e+01 
 7.23722e-03  5.61783e-03  0.00000e+00  3.47944e+00  7.10341e-04  3.60388e+02  3.60197e+02  8.98098e+00  9.10396e+00  7.55319e-01 -5.22401e+01  4.87957e+01  1.20346e+05 -1.31036e+05  2.31676e+03  0.00000e+00 -8.37344e+03 -1.22047e+03 -9.59391e+03  7.55329e-01  1.00000e+00  5.22410e+01  0.00000e+00  4.60202e+01 
 7.42387e-03  5.85632e-03  0.00000e+00  3.47944e+00  6.87018e-04  3.60384e+02  3.60205e+02  8.90288e+00  9.01991e+00  7.57006e-01 -5.33011e+01  5.04584e+01  1.29947e+05 -1.42644e+05  2.45947e+03  0.00000e+00 -1.02375e+04 -1.28482e+03 -1.15223e+04  7.57017e-01  1.00000e+00  5.33020e+01  0.00000e+00  5.00555e+01 
 7.61342e-03  6.09482e-03  0.00000e+00  3.47944e+00  6.63446e-04  3.60380e+02  3.60215e+02  8.81817e+00  8.92919e+00  7.58773e-01 -5.45222e+01  5.22591e+01  1.40820e+05 -1.55796e+05  2.62800e+03  0.00000e+00 -1.23473e+04 -1.35799e+03 -1.37053e+04  7.58784e-01  1.00000e+00  5.45232e+01  0.00000e+00  5.46792e+01 
 7.80566e-03  6.33332e-03  0.00000e+00  3.47944e+00  6.39573e-04  3.60376e+02  3.60227e+02  8.72613e+00  8.83108e+00  7.60600e-01 -5.59605e+01  5.42203e+01  1.53239e+05 -1.70839e+05  2.82757e+03  0.00000e+00 -1.47733e+04 -1.44265e+03 -1.62159e+04  7.60613e-01  1.00000e+00  5.59615e+01  0.00000e+00  6.00099e+01 
 8.00039e-03  6.57182e-03  0.00000e+00  3.47944e+00  6.15336e-04  3.60373e+02  3.60243e+02  8.62594e+00  8.72474e+00  7.62505e-01 -5.76968e+01  5.63698e+01  1.67533e+05 -1.88231e+05  3.06436e+03  0.00000e+00 -1.76341e+04 -1.54252e+03 -1.91767e+04  7.62517e-01  1.00000e+00  5.76978e+01  0.00000e+00  6.62033e+01 
 8.19744e-03  6.81033e-03  1.31016e-20  3.47944e+00  5.90632e-04  3.60370e+02  3.60263e+02  8.51662e+00  8.60919e+00  7.64461e-01 -5.98524e+01  5.87457e+01  1.84191e+05 -2.08610e+05  3.34600e+03  0.00000e+00 -2.10733e+04 -1.66334e+03 -2.27366e+04  7.64469e-01  1.00000e+00  5.98535e+01  0.00000e+00  7.34703e+01 
 8.39664e-03  7.04884e-03  0.00000e+00  3.47944e+00  5.65340e-04  3.60367e+02  3.60288e+02  8.39740e+00  8.48366e+00  7.66497e-01 -6.26048e+01  6.13978e+01  2.03841e+05 -2.32840e+05  3.68105e+03  0.00000e+00 -2.53180e+04 -1.81357e+03 -2.71316e+04  7.66499e-01  1.00000e+00  6.26060e+01  0.00000e+00  8.21092e+01 
 8.59784e-03  7.28736e-03  0.00000e+00  3.47944e+00  5.39276e-04  3.60365e+02  3.60320e+02  8.26621e+00  8.34606e+00  7.68563e-01 -6.62412e+01  6.43970e+01  2.27483e+05 -2.62165e+05  4.08173e+03  0.00000e+00 -3.06011e+04 -2.00728e+03 -3.26084e+04  7.68558e-01  1.00000e+00  6.62425e+01  0.00000e+00  9.25522e+01 
 8.80092e-03  7.52587e-03  0.00000e+00  3.47944e+00  5.12232e-04  3.60364e+02  3.60361e+02  8.11951e+00  8.19278e+00  7.70771e-01 -7.11930e+01  6.78392e+01  2.56386e+05 -2.98458e+05  4.56598e+03  0.00000e+00 -3.75065e+04 -2.26618e+03 -3.97726e+04  7.70757e-01  1.00000e+00  7.11943e+01  0.00000e+00  1.05418e+02 
 9.00573e-03  7.76439e-03 -1.17014e-20  3.47944e+00  4.83857e-04  3.60365e+02  3.60413e+02  7.95502e+00  8.02155e+00  7.72888e-01 -7.82595e+01  7.18745e+01  2.92993e+05 -3.44827e+05  5.15708e+03  0.00000e+00 -4.66765e+04 -2.63210e+03 -4.93086e+04  7.72872e-01  1.00000e+00  7.82609e+01  0.00000e+00  1.21649e+02 
 9.21216e-03  8.00291e-03  0.00000e+00  3.47944e+00  4.53821e-04  3.60368e+02  3.60481e+02  7.76754e+00  7.82719e+00  7.75322e-01 -8.87225e+01  7.67092e+01  3.40243e+05 -4.05890e+05  5.89490e+03  0.00000e+00 -5.97528e+04 -3.17468e+03 -6.29275e+04  7.75318e-01  1.00000e+00  8.87241e+01  0.00000e+00  1.42842e+02 
 9.42012e-03  8.24144e-03  0.00000e+00  3.47944e+00  4.21434e-04  3.60376e+02  3.60568e+02  7.54772e+00  7.60021e+00  7.77449e-01 -1.05402e+02  8.27129e+01  4.05230e+05 -4.91022e+05  6.84405e+03  0.00000e+00 -7.89473e+04 -4.05539e+03 -8.30027e+04  7.77471e-01  1.00000e+00  1.05403e+02  0.00000e+00  1.71528e+02 
 9.62949e-03  8.47996e-03  0.00000e+00  3.47944e+00  3.86036e-04  3.60390e+02  3.60684e+02  7.28994e+00  7.33535e+00  7.80888e-01 -1.33664e+02  9.04538e+01  4.96631e+05 -6.14921e+05  8.10596e+03  0.00000e+00 -1.10184e+05 -5.59916e+03 -1.15783e+05  7.80927e-01  1.00000e+00  1.33666e+02  0.00000e+00  2.13256e+02 
 9.84019e-03  8.71849e-03  0.00000e+00  3.47944e+00  3.46348e-04  3.60419e+02  3.60844e+02  6.96800e+00  7.00698e+00  7.82979e-01 -1.88474e+02  1.01058e+02  6.43754e+05 -8.15473e+05  9.95447e+03  0.00000e+00 -1.61764e+05 -8.79712e+03 -1.70562e+05  7.83001e-01  1.00000e+00  1.88476e+02  0.00000e+00  2.77459e+02 
 1.00521e-02  8.95702e-03  0.00000e+00  3.47944e+00  2.99257e-04  3.60481e+02  3.61077e+02  6.58804e+00  6.61959e+00  7.88369e-01 -3.14546e+02  1.17360e+02  9.06226e+05 -1.17732e+06  1.24691e+04  0.00000e+00 -2.58627e+05 -1.69336e+04 -2.75561e+05  7.88375e-01  1.00000e+00  3.14549e+02  0.00000e+00  4.02018e+02 
 1.02653e-02  9.19555e-03  0.00000e+00  3.47944e+00  2.44320e-04  3.60640e+02  3.61459e+02  5.94693e+00  5.97628e+00  7.90270e-01 -7.06034e+02  1.44542e+02  1.48567e+06 -1.99016e+06  1.46904e+04  0.00000e+00 -4.89803e+05 -4.66967e+04 -5.36500e+05  7.90301e-01  1.00000e+00  7.06038e+02  0.00000e+00  6.63148e+02 
 1.04795e-02  9.43408e-03  0.00000e+00  3.47944e+00  1.76444e-04  3.61246e+02  3.62288e+02  5.03610e+00  5.05962e+00  8.01416e-01 -9.75454e+03  2.02472e+02  3.38259e+06 -3.62402e+06  4.67067e+04  2.26379e+06  2.06907e+06 -2.04098e+06  2.80922e+04  8.01494e-01  1.00000e+00  9.75454e+03  6.82631e+03  1.79592e+03 
