# Code_Saturne plot output (1D profile)
#
# Iteration output: 4653
# Time output:      2.30001e+01
#
#COLUMN_TITLES: Distance | X | Y | Z | diameter_Field2 | temp_Field1 | temp_Field2 | Velocity_Field1[Z] | Velocity_Field2[Z] | vol_f_Field2 | mass_trans_Field1 | Xd_Field2 | BK | COAL | COMP | NUCL | W1 | MT | SMBR | ALPBB | CONDNUM | GAMA | GAMANUC | epsilon_Field1
 4.56474e-03  1.39645e-04  0.00000e+00  3.47944e+00  2.25009e-04  3.59853e+02  3.60054e+02  4.97486e+00  5.02614e+00  1.34517e-01  3.24016e+01  1.54853e+02  4.00374e+05 -8.30544e+05  1.03255e+03  0.00000e+00 -4.29138e+05  1.50899e+04 -4.14048e+05  1.34532e-01  1.00000e+00 -3.25302e+01  0.00000e+00  6.74021e-01 
 4.57812e-03  3.76525e-04  4.25872e-21  3.47944e+00  2.43138e-04  3.59854e+02  3.60054e+02  4.97403e+00  5.03024e+00  1.35665e-01  2.93941e+01  1.43306e+02  4.40567e+05 -7.34660e+05  9.55964e+02  0.00000e+00 -2.93137e+05  1.25608e+04 -2.80576e+05  1.35682e-01  1.00000e+00 -2.95114e+01  0.00000e+00  6.82624e-01 
 4.60371e-03  6.13858e-04  0.00000e+00  3.47944e+00  2.52731e-04  3.59856e+02  3.60054e+02  4.97226e+00  5.03094e+00  1.37703e-01  2.81428e+01  1.37867e+02  4.65854e+05 -7.02112e+05  9.19929e+02  0.00000e+00 -2.35338e+05  1.13985e+04 -2.23940e+05  1.37722e-01  1.00000e+00 -2.82562e+01  0.00000e+00  6.99415e-01 
 4.64138e-03  8.51483e-04  0.00000e+00  3.47944e+00  2.58152e-04  3.59859e+02  3.60054e+02  4.96968e+00  5.02953e+00  1.40652e-01  2.76318e+01  1.34972e+02  4.90031e+05 -6.98455e+05  9.00605e+02  0.00000e+00 -2.07523e+05  1.07272e+04 -1.96796e+05  1.40671e-01  1.00000e+00 -2.77448e+01  0.00000e+00  7.24761e-01 
 4.69084e-03  1.08931e-03  0.00000e+00  3.47944e+00  2.61824e-04  3.59864e+02  3.60054e+02  4.96616e+00  5.02660e+00  1.44556e-01  2.74346e+01  1.33079e+02  5.17453e+05 -7.10115e+05  8.87808e+02  0.00000e+00 -1.91774e+05  1.02184e+04 -1.81556e+05  1.44577e-01  1.00000e+00 -2.75491e+01  0.00000e+00  7.59168e-01 
 4.75174e-03  1.32727e-03  1.05001e-20  3.47944e+00  2.64829e-04  3.59869e+02  3.60054e+02  4.96166e+00  5.02239e+00  1.49400e-01  2.73635e+01  1.31569e+02  5.49457e+05 -7.31646e+05  8.77458e+02  0.00000e+00 -1.81312e+05  9.75052e+03 -1.71561e+05  1.49423e-01  1.00000e+00 -2.74806e+01  0.00000e+00  8.03390e-01 
 4.82366e-03  1.56534e-03  0.00000e+00  3.47944e+00  2.67722e-04  3.59875e+02  3.60054e+02  4.95611e+00  5.01699e+00  1.55198e-01  2.73196e+01  1.30147e+02  5.86280e+05 -7.60490e+05  8.67598e+02  0.00000e+00 -1.73343e+05  9.27107e+03 -1.64072e+05  1.55223e-01  1.00000e+00 -2.74402e+01  0.00000e+00  8.58335e-01 
 4.90611e-03  1.80349e-03  8.81027e-21  3.47944e+00  2.70816e-04  3.59882e+02  3.60054e+02  4.94939e+00  5.01039e+00  1.61914e-01  2.72325e+01  1.28660e+02  6.27665e+05 -7.94957e+05  8.57204e+02  0.00000e+00 -1.66435e+05  8.75834e+03 -1.57676e+05  1.61941e-01  1.00000e+00 -2.73571e+01  0.00000e+00  9.25136e-01 
 4.99859e-03  2.04170e-03  0.00000e+00  3.47944e+00  2.74315e-04  3.59889e+02  3.60054e+02  4.94139e+00  5.00251e+00  1.69525e-01  2.70504e+01  1.27019e+02  6.72927e+05 -8.33755e+05  8.45666e+02  0.00000e+00 -1.59982e+05  8.20465e+03 -1.51777e+05  1.69556e-01  1.00000e+00 -2.71794e+01  0.00000e+00  1.00506e+00 
 5.10055e-03  2.27996e-03  7.58893e-21  3.47944e+00  2.78359e-04  3.59898e+02  3.60054e+02  4.93196e+00  4.99324e+00  1.77965e-01  2.67282e+01  1.25174e+02  7.21120e+05 -8.75557e+05  8.32643e+02  0.00000e+00 -1.53605e+05  7.61202e+03 -1.45993e+05  1.78000e-01  1.00000e+00 -2.68619e+01  0.00000e+00  1.09959e+00 
 5.21143e-03  2.51826e-03  7.09702e-21  3.47944e+00  2.83050e-04  3.59907e+02  3.60054e+02  4.92092e+00  4.98245e+00  1.87165e-01  2.62319e+01  1.23099e+02  7.70970e+05 -9.18991e+05  8.18000e+02  0.00000e+00 -1.47203e+05  6.98783e+03 -1.40215e+05  1.87202e-01  1.00000e+00 -2.63703e+01  0.00000e+00  1.21031e+00 
 5.33068e-03  2.75659e-03  1.33300e-20  3.47944e+00  2.88441e-04  3.59916e+02  3.60054e+02  4.90811e+00  4.96996e+00  1.96949e-01  2.55289e+01  1.20799e+02  8.21186e+05 -9.62252e+05  8.01644e+02  0.00000e+00 -1.40265e+05  6.34429e+03 -1.33920e+05  1.96981e-01  1.00000e+00 -2.56719e+01  0.00000e+00  1.33892e+00 
 5.45775e-03  2.99495e-03  1.25651e-20  3.47944e+00  2.94567e-04  3.59926e+02  3.60054e+02  4.89334e+00  4.95560e+00  2.07263e-01  2.46164e+01  1.18287e+02  8.70222e+05 -1.00412e+06  7.83697e+02  0.00000e+00 -1.33119e+05  5.69454e+03 -1.27424e+05  2.07285e-01  1.00000e+00 -2.47636e+01  0.00000e+00  1.48713e+00 
 5.59212e-03  3.23333e-03  0.00000e+00  3.47944e+00  3.01399e-04  3.59936e+02  3.60054e+02  4.87641e+00  4.93917e+00  2.17952e-01  2.34987e+01  1.15605e+02  9.16831e+05 -1.04341e+06  7.64435e+02  0.00000e+00 -1.25814e+05  5.05468e+03 -1.20759e+05  2.17964e-01  1.00000e+00 -2.36497e+01  0.00000e+00  1.65672e+00 
 5.73326e-03  3.47172e-03  0.00000e+00  3.47944e+00  3.08882e-04  3.59946e+02  3.60054e+02  4.85720e+00  4.92051e+00  2.28951e-01  2.21986e+01  1.12805e+02  9.59770e+05 -1.07936e+06  7.44104e+02  0.00000e+00 -1.18849e+05  4.43802e+03 -1.14411e+05  2.28953e-01  1.00000e+00 -2.23530e+01  0.00000e+00  1.84925e+00 
 5.88069e-03  3.71014e-03 -5.35987e-21  3.47944e+00  3.16876e-04  3.59956e+02  3.60054e+02  4.83557e+00  4.89950e+00  2.40074e-01  2.07403e+01  1.09959e+02  9.98720e+05 -1.11140e+06  7.23100e+02  0.00000e+00 -1.11958e+05  3.85708e+03 -1.08101e+05  2.40071e-01  1.00000e+00 -2.08975e+01  0.00000e+00  2.06722e+00 
 6.03395e-03  3.94857e-03  5.10973e-21  3.47944e+00  3.25208e-04  3.59966e+02  3.60054e+02  4.81145e+00  4.87602e+00  2.51210e-01  1.91614e+01  1.07142e+02  1.03319e+06 -1.13938e+06  7.02091e+02  0.00000e+00 -1.05486e+05  3.32075e+03 -1.02165e+05  2.51205e-01  1.00000e+00 -1.93211e+01  0.00000e+00  2.31139e+00 
 6.19261e-03  4.18701e-03  0.00000e+00  3.47944e+00  3.33617e-04  3.59976e+02  3.60054e+02  4.78478e+00  4.84997e+00  2.62129e-01  1.74915e+01  1.04442e+02  1.06400e+06 -1.16353e+06  6.81488e+02  0.00000e+00 -9.88553e+04  2.83442e+03 -9.60209e+04  2.62124e-01  1.00000e+00 -1.76533e+01  0.00000e+00  2.58392e+00 
 6.35626e-03  4.42546e-03  0.00000e+00  3.47944e+00  3.41857e-04  3.59986e+02  3.60054e+02  4.75556e+00  4.82131e+00  2.72820e-01  1.57755e+01  1.01925e+02  1.09184e+06 -1.18507e+06  6.61939e+02  0.00000e+00 -9.25630e+04  2.39967e+03 -9.01633e+04  2.72813e-01  1.00000e+00 -1.59392e+01  0.00000e+00  2.88661e+00 
 6.52453e-03  4.66392e-03 -8.96437e-21  3.47944e+00  3.49629e-04  3.59996e+02  3.60054e+02  4.72379e+00  4.78998e+00  2.83237e-01  1.40399e+01  9.96592e+01  1.11818e+06 -1.20560e+06  6.43751e+02  0.00000e+00 -8.67776e+04  2.01424e+03 -8.47634e+04  2.83226e-01  1.00000e+00 -1.42055e+01  0.00000e+00  3.22255e+00 
 6.69707e-03  4.90238e-03  1.72236e-20  3.47944e+00  3.56670e-04  3.60005e+02  3.60055e+02  4.68944e+00  4.75594e+00  2.93327e-01  1.23075e+01  9.76921e+01  1.14440e+06 -1.22658e+06  6.27313e+02  0.00000e+00 -8.15526e+04  1.67434e+03 -7.98783e+04  2.93313e-01  1.00000e+00 -1.24752e+01  0.00000e+00  3.59438e+00 
 6.87356e-03  5.14086e-03  8.28595e-21  3.47944e+00  3.62699e-04  3.60015e+02  3.60055e+02  4.65250e+00  4.71908e+00  3.03052e-01  1.05859e+01  9.60682e+01  1.17237e+06 -1.24987e+06  6.12798e+02  0.00000e+00 -7.68944e+04  1.37405e+03 -7.55204e+04  3.03036e-01  1.00000e+00 -1.07559e+01  0.00000e+00  4.00685e+00 
 7.05370e-03  5.37934e-03 -1.59677e-20  3.47944e+00  3.67548e-04  3.60024e+02  3.60055e+02  4.61285e+00  4.67929e+00  3.12440e-01  8.87855e+00  9.48013e+01  1.20338e+06 -1.27702e+06  6.00342e+02  0.00000e+00 -7.30398e+04  1.10677e+03 -7.19330e+04  3.12422e-01  1.00000e+00 -9.05143e+00  0.00000e+00  4.46448e+00 
 7.23722e-03  5.61783e-03  0.00000e+00  3.47944e+00  3.71009e-04  3.60033e+02  3.60055e+02  4.57040e+00  4.63641e+00  3.21442e-01  7.17684e+00  9.39172e+01  1.23951e+06 -1.30988e+06  5.89955e+02  0.00000e+00 -6.97765e+04  8.65785e+02 -6.89107e+04  3.21424e-01  1.00000e+00 -7.35317e+00  0.00000e+00  4.97559e+00 
 7.42387e-03  5.85632e-03  0.00000e+00  3.47944e+00  3.73050e-04  3.60042e+02  3.60055e+02  4.52483e+00  4.59014e+00  3.30154e-01  5.46788e+00  9.34038e+01  1.28165e+06 -1.34981e+06  5.81591e+02  0.00000e+00 -6.75751e+04  6.43969e+02 -6.69311e+04  3.30136e-01  1.00000e+00 -5.64840e+00  0.00000e+00  5.54717e+00 
 7.61342e-03  6.09482e-03  0.00000e+00  3.47944e+00  3.73522e-04  3.60050e+02  3.60055e+02  4.47604e+00  4.54034e+00  3.38495e-01  3.73212e+00  9.32861e+01  1.33233e+06 -1.39886e+06  5.75178e+02  0.00000e+00 -6.59594e+04  4.35092e+02 -6.55243e+04  3.38477e-01  1.00000e+00 -3.91767e+00  0.00000e+00  6.19364e+00 
 7.80566e-03  6.33332e-03  0.00000e+00  3.47944e+00  3.72505e-04  3.60059e+02  3.60055e+02  4.42340e+00  4.48640e+00  3.46597e-01  1.94407e+00  9.35413e+01  1.39221e+06 -1.45837e+06  5.70619e+02  0.00000e+00 -6.55909e+04  2.32269e+02 -6.53586e+04  3.46579e-01  1.00000e+00 -2.13562e+00  0.00000e+00  6.92585e+00 
 8.00039e-03  6.57182e-03  0.00000e+00  3.47944e+00  3.69856e-04  3.60067e+02  3.60056e+02  4.36700e+00  4.42838e+00  3.54370e-01  7.39370e-02  9.42118e+01  1.46495e+06 -1.53141e+06  5.67848e+02  0.00000e+00 -6.58907e+04  2.92065e+01 -6.58615e+04  3.54354e-01  1.00000e+00 -2.72613e-01  0.00000e+00  7.76997e+00 
 8.19744e-03  6.81033e-03  1.31016e-20  3.47944e+00  3.65735e-04  3.60075e+02  3.60056e+02  4.30538e+00  4.36489e+00  3.61991e-01 -4.38894e+00  9.52738e+01  1.55140e+06 -1.61979e+06  5.66716e+02  0.00000e+00 -6.78302e+04 -4.17325e+02 -6.82475e+04  3.61973e-01  1.00000e+00  3.93467e+00  0.00000e+00  8.74459e+00 
 8.39664e-03  7.04884e-03  0.00000e+00  3.47944e+00  3.59920e-04  3.60083e+02  3.60056e+02  4.23951e+00  4.29681e+00  3.69335e-01 -9.33299e+00  9.68136e+01  1.65766e+06 -1.72898e+06  5.67454e+02  0.00000e+00 -7.07484e+04 -9.35679e+02 -7.16841e+04  3.69318e-01  1.00000e+00  8.85772e+00  0.00000e+00  9.89755e+00 
 8.59784e-03  7.28736e-03  0.00000e+00  3.47944e+00  3.52565e-04  3.60092e+02  3.60056e+02  4.16555e+00  4.22039e+00  3.76624e-01 -1.50144e+01  9.88338e+01  1.78641e+06 -1.86318e+06  5.69447e+02  0.00000e+00 -7.62005e+04 -1.53492e+03 -7.77354e+04  3.76606e-01  1.00000e+00  1.45145e+01  0.00000e+00  1.12692e+01 
 8.80092e-03  7.52587e-03  0.00000e+00  3.47944e+00  3.43278e-04  3.60101e+02  3.60057e+02  4.08761e+00  4.13971e+00  3.83658e-01 -2.18749e+01  1.01508e+02  1.95010e+06 -2.03371e+06  5.73548e+02  0.00000e+00 -8.30438e+04 -2.27583e+03 -8.53197e+04  3.83643e-01  1.00000e+00  2.13451e+01  0.00000e+00  1.29633e+01 
 9.00573e-03  7.76439e-03 -1.17014e-20  3.47944e+00  3.32253e-04  3.60111e+02  3.60057e+02  3.99470e+00  4.04376e+00  3.90784e-01 -3.06301e+01  1.04878e+02  2.15423e+06 -2.25038e+06  5.79569e+02  0.00000e+00 -9.55738e+04 -3.25147e+03 -9.88252e+04  3.90769e-01  1.00000e+00  3.00644e+01  0.00000e+00  1.50528e+01 
 9.21216e-03  8.00291e-03  0.00000e+00  3.47944e+00  3.18777e-04  3.60123e+02  3.60058e+02  3.90068e+00  3.94631e+00  3.97762e-01 -4.25877e+01  1.09312e+02  2.42962e+06 -2.54117e+06  5.88454e+02  0.00000e+00 -1.10959e+05 -4.64871e+03 -1.15608e+05  3.97749e-01  1.00000e+00  4.19769e+01  0.00000e+00  1.78253e+01 
 9.42012e-03  8.24144e-03  0.00000e+00  3.47944e+00  3.03066e-04  3.60139e+02  3.60058e+02  3.77265e+00  3.81403e+00  4.04908e-01 -6.00977e+01  1.14980e+02  2.79313e+06 -2.93385e+06  6.00637e+02  0.00000e+00 -1.40119e+05 -6.80067e+03 -1.46919e+05  4.04894e-01  1.00000e+00  5.94306e+01  0.00000e+00  2.14423e+01 
 9.62949e-03  8.47996e-03  0.00000e+00  3.47944e+00  2.83802e-04  3.60161e+02  3.60058e+02  3.65206e+00  3.68946e+00  4.12053e-01 -8.84475e+01  1.22785e+02  3.33277e+06 -3.51429e+06  6.18121e+02  0.00000e+00 -1.80905e+05 -1.05314e+04 -1.91437e+05  4.12040e-01  1.00000e+00  8.77041e+01  0.00000e+00  2.67703e+01 
 9.84019e-03  8.71849e-03  0.00000e+00  3.47944e+00  2.60875e-04  3.60195e+02  3.60059e+02  3.46520e+00  3.49853e+00  4.19419e-01 -1.39762e+02  1.33578e+02  4.15052e+06 -4.40858e+06  6.38465e+02  0.00000e+00 -2.57423e+05 -1.78279e+04 -2.75251e+05  4.19403e-01  1.00000e+00  1.38914e+02  0.00000e+00  3.47695e+01 
 1.00521e-02  8.95702e-03  0.00000e+00  3.47944e+00  2.31558e-04  3.60256e+02  3.60060e+02  3.28149e+00  3.31057e+00  4.27004e-01 -2.52232e+02  1.50492e+02  5.65550e+06 -6.03229e+06  6.74837e+02  0.00000e+00 -3.76116e+05 -3.56785e+04 -4.11794e+05  4.26988e-01  1.00000e+00  2.51221e+02  0.00000e+00  4.96568e+01 
 1.02653e-02  9.19555e-03  0.00000e+00  3.47944e+00  1.95294e-04  3.60393e+02  3.60061e+02  2.94524e+00  2.96993e+00  4.35277e-01 -5.72701e+02  1.78439e+02  8.81436e+06 -9.37287e+06  7.11988e+02  0.00000e+00 -5.57798e+05 -9.43932e+04 -6.52191e+05  4.35250e-01  1.00000e+00  5.71419e+02  0.00000e+00  8.22345e+01 
 1.04795e-02  9.43408e-03  0.00000e+00  3.47944e+00  1.51770e-04  3.60853e+02  3.60062e+02  2.46540e+00  2.47993e+00  4.46837e-01 -5.39768e+03  2.29615e+02  1.82944e+07 -1.75460e+07  7.91915e+02  1.45728e+06  2.20641e+06 -2.25319e+06 -4.67844e+04  4.46817e-01  1.00000e+00  5.39589e+03  3.31588e+03  2.07904e+02 
