# Code_Saturne plot output (1D profile)
#
# Iteration output: 3607
# Time output:      2.30009e+01
#
#COLUMN_TITLES: Distance | X | Y | Z | diameter_Field2 | temp_Field1 | temp_Field2 | Velocity_Field1[Z] | Velocity_Field2[Z] | vol_f_Field2 | mass_trans_Field1 | Xd_Field2 | BK | COAL | COMP | NUCL | W1 | MT | SMBR | ALPBB | CONDNUM | GAMA | GAMANUC | epsilon_Field1
 4.56474e-03  1.39645e-04  0.00000e+00  3.47944e+00  1.00000e-05  3.59076e+02  3.60048e+02  4.19521e+00  4.19532e+00  1.20645e-03  1.23341e+02  3.48557e+03 5.93221e-268 -6.97215e+05  1.57985e+04  0.00000e+00 -6.81417e+05  2.21395e+08  2.20714e+08  1.22262e-03  1.00000e+00 -1.23077e+02  0.00000e+00  4.41322e-01 
 4.57812e-03  3.76525e-04  4.25872e-21  3.47944e+00  1.60209e-05  3.59078e+02  3.60048e+02  4.19509e+00  4.19551e+00  3.36886e-03  1.79348e+02  2.17564e+03 3.74398e-115 -8.71279e+05  9.43134e+03  0.00000e+00 -8.61848e+05  7.20805e+07  7.12186e+07  3.39234e-03  1.00000e+00 -1.78965e+02  0.00000e+00  4.44777e-01 
 4.60371e-03  6.13858e-04  0.00000e+00  3.47944e+00  2.70762e-05  3.59081e+02  3.60048e+02  4.19432e+00  4.19564e+00  6.48325e-03  1.59145e+02  1.28732e+03  1.90191e-42 -6.94064e+05  5.85541e+03  0.00000e+00 -6.88209e+05  1.97701e+07  1.90819e+07  6.50300e-03  1.00000e+00 -1.58803e+02  0.00000e+00  4.51504e-01 
 4.64138e-03  8.51483e-04  0.00000e+00  3.47944e+00  4.00783e-05  3.59085e+02  3.60048e+02  4.19303e+00  4.19604e+00  9.12377e-03  1.21667e+02  8.69690e+02  7.04013e-18 -5.06215e+05  4.02438e+03  0.00000e+00 -5.02191e+05  7.27270e+06  6.77051e+06  9.13905e-03  1.00000e+00 -1.21404e+02  0.00000e+00  4.61478e-01 
 4.69084e-03  1.08931e-03  0.00000e+00  3.47944e+00  5.34325e-05  3.59091e+02  3.60048e+02  4.19102e+00  4.19624e+00  1.11680e-02  9.50579e+01  6.52331e+02  5.78531e-08 -3.83609e+05  3.03180e+03  0.00000e+00 -3.80577e+05  3.48550e+06  3.10492e+06  1.11817e-02  1.00000e+00 -9.48508e+01  0.00000e+00  4.74774e-01 
 4.75174e-03  1.32727e-03  1.05001e-20  3.47944e+00  6.60288e-05  3.59100e+02  3.60048e+02  4.18825e+00  4.19619e+00  1.31187e-02  7.88693e+01  5.27887e+02  2.73869e-03 -3.17694e+05  2.45718e+03  0.00000e+00 -3.15237e+05  1.99338e+06  1.67814e+06  1.31324e-02  1.00000e+00 -7.86957e+01  0.00000e+00  4.91639e-01 
 4.82366e-03  1.56534e-03  0.00000e+00  3.47944e+00  7.74370e-05  3.59112e+02  3.60048e+02  4.18472e+00  4.19504e+00  1.53753e-02  7.21457e+01  4.50117e+02  9.10248e-01 -2.87360e+05  2.09822e+03  0.00000e+00 -2.85260e+05  1.32708e+06  1.04182e+06  1.53895e-02  1.00000e+00 -7.19849e+01  0.00000e+00  5.12484e-01 
 4.90611e-03  1.80349e-03  8.81027e-21  3.47944e+00  8.79912e-05  3.59128e+02  3.60048e+02  4.18042e+00  4.19297e+00  1.79651e-02  6.90245e+01  3.96127e+02  3.26231e+01 -2.73924e+05  1.84836e+03  0.00000e+00 -2.72043e+05  9.56483e+05  6.84440e+05  1.79804e-02  1.00000e+00 -6.88680e+01  0.00000e+00  5.37727e-01 
 4.99859e-03  2.04170e-03  0.00000e+00  3.47944e+00  9.81166e-05  3.59146e+02  3.60048e+02  4.17532e+00  4.19002e+00  2.09272e-02  6.77162e+01  3.55248e+02  3.71969e+02 -2.69304e+05  1.65869e+03  0.00000e+00 -2.67274e+05  7.22487e+05  4.55214e+05  2.09440e-02  1.00000e+00 -6.75597e+01  0.00000e+00  5.67878e-01 
 5.10055e-03  2.27996e-03  7.58893e-21  3.47944e+00  1.08024e-04  3.59167e+02  3.60048e+02  4.16940e+00  4.18618e+00  2.43236e-02  6.74949e+01  3.22666e+02  2.14093e+03 -2.70485e+05  1.50707e+03  0.00000e+00 -2.66837e+05  5.62786e+05  2.95949e+05  2.43420e-02  1.00000e+00 -6.73352e+01  0.00000e+00  6.03746e-01 
 5.21143e-03  2.51826e-03  7.09702e-21  3.47944e+00  1.17742e-04  3.59192e+02  3.60048e+02  4.16261e+00  4.18137e+00  2.82068e-02  6.80650e+01  2.96034e+02  7.81086e+03 -2.76294e+05  1.38287e+03  0.00000e+00 -2.67100e+05  4.49029e+05  1.81929e+05  2.82273e-02  1.00000e+00 -6.78995e+01  0.00000e+00  6.46246e-01 
 5.33068e-03  2.75659e-03  1.33300e-20  3.47944e+00  1.27193e-04  3.59219e+02  3.60048e+02  4.15489e+00  4.17553e+00  3.26519e-02  6.93003e+01  2.74038e+02  2.06314e+04 -2.86627e+05  1.27989e+03  0.00000e+00 -2.64716e+05  3.65599e+05  1.00884e+05  3.26745e-02  1.00000e+00 -6.91265e+01  0.00000e+00  6.96451e-01 
 5.45775e-03  2.99495e-03  1.25651e-20  3.47944e+00  1.36274e-04  3.59248e+02  3.60048e+02  4.14615e+00  4.16855e+00  3.77148e-02  7.11407e+01  2.55778e+02  4.31164e+04 -3.01506e+05  1.19410e+03  0.00000e+00 -2.57195e+05  3.03270e+05  4.60750e+04  3.77399e-02  1.00000e+00 -7.09559e+01  0.00000e+00  7.55607e-01 
 5.59212e-03  3.23333e-03  0.00000e+00  3.47944e+00  1.44936e-04  3.59280e+02  3.60048e+02  4.13631e+00  4.16033e+00  4.34923e-02  7.35195e+01  2.40491e+02  7.60302e+04 -3.21263e+05  1.12190e+03  0.00000e+00 -2.44111e+05  2.55528e+05  1.14170e+04  4.35198e-02  1.00000e+00 -7.33209e+01  0.00000e+00  8.25201e-01 
 5.73326e-03  3.47172e-03  0.00000e+00  3.47944e+00  1.53216e-04  3.59314e+02  3.60048e+02  4.12525e+00  4.15074e+00  5.00338e-02  7.63033e+01  2.27494e+02  1.18533e+05 -3.45686e+05  1.06025e+03  0.00000e+00 -2.26093e+05  2.18062e+05 -8.03041e+03  5.00637e-02  1.00000e+00 -7.60880e+01  0.00000e+00  9.06922e-01 
 5.88069e-03  3.71014e-03 -5.35987e-21  3.47944e+00  1.61251e-04  3.59350e+02  3.60048e+02  4.11283e+00  4.13970e+00  5.74358e-02  7.93222e+01  2.16159e+02  1.68937e+05 -3.74636e+05  1.00599e+03  0.00000e+00 -2.04693e+05  1.87626e+05 -1.70676e+04  5.74671e-02  1.00000e+00 -7.90874e+01  0.00000e+00  1.00280e+00 
 6.03395e-03  3.94857e-03  5.10973e-21  3.47944e+00  1.69250e-04  3.59387e+02  3.60048e+02  4.09888e+00  4.12708e+00  6.57395e-02  8.19890e+01  2.05943e+02  2.25173e+05 -4.07290e+05  9.56883e+02  0.00000e+00 -1.81160e+05  1.61416e+05 -1.97440e+04  6.57707e-02  1.00000e+00 -8.17333e+01  0.00000e+00  1.11514e+00 
 6.19261e-03  4.18701e-03  0.00000e+00  3.47944e+00  1.77459e-04  3.59425e+02  3.60048e+02  4.08319e+00  4.11274e+00  7.50330e-02  8.36971e+01  1.96416e+02  2.84913e+05 -4.42846e+05  9.10424e+02  0.00000e+00 -1.57022e+05  1.37670e+05 -1.93523e+04  7.50608e-02  1.00000e+00 -8.34208e+01  0.00000e+00  1.24663e+00 
 6.35626e-03  4.42546e-03  0.00000e+00  3.47944e+00  1.86081e-04  3.59463e+02  3.60048e+02  4.06553e+00  4.09648e+00  8.53658e-02  8.48295e+01  1.87315e+02  3.45355e+05 -4.80559e+05  8.65991e+02  0.00000e+00 -1.34339e+05  1.16929e+05 -1.74093e+04  8.54052e-02  1.00000e+00 -8.45318e+01  0.00000e+00  1.40025e+00 
 6.52453e-03  4.66392e-03 -8.96437e-21  3.47944e+00  1.95337e-04  3.59502e+02  3.60048e+02  4.04564e+00  4.07797e+00  9.67047e-02  8.50459e+01  1.78440e+02  4.03880e+05 -5.18570e+05  8.22226e+02  0.00000e+00 -1.13868e+05  9.85560e+04 -1.53122e+04  9.67508e-02  1.00000e+00 -8.47270e+01  0.00000e+00  1.57950e+00 
 6.69707e-03  4.90238e-03  1.72236e-20  3.47944e+00  2.05404e-04  3.59541e+02  3.60048e+02  4.02323e+00  4.05699e+00  1.08977e-01  8.42023e+01  1.69695e+02  4.57876e+05 -5.55138e+05  7.79008e+02  0.00000e+00 -9.64834e+04  8.23228e+04 -1.41606e+04  1.09031e-01  1.00000e+00 -8.38633e+01  0.00000e+00  1.78803e+00 
 6.87356e-03  5.14086e-03  8.28595e-21  3.47944e+00  2.16405e-04  3.59580e+02  3.60048e+02  3.99796e+00  4.03317e+00  1.22137e-01  8.22101e+01  1.61069e+02  5.05242e+05 -5.88935e+05  7.36026e+02  0.00000e+00 -8.29572e+04  6.80483e+04 -1.49089e+04  1.22199e-01  1.00000e+00 -8.18530e+01  0.00000e+00  2.03020e+00 
 7.05370e-03  5.37934e-03 -1.59677e-20  3.47944e+00  2.28348e-04  3.59618e+02  3.60048e+02  3.96952e+00  4.00627e+00  1.36001e-01  7.90876e+01  1.52645e+02  5.44517e+05 -6.18474e+05  6.93989e+02  0.00000e+00 -7.32632e+04  5.56992e+04 -1.75639e+04  1.36062e-01  1.00000e+00 -7.87149e+01  0.00000e+00  2.31015e+00 
 7.23722e-03  5.61783e-03  0.00000e+00  3.47944e+00  2.41118e-04  3.59656e+02  3.60048e+02  3.93763e+00  3.97597e+00  1.50370e-01  7.49318e+01  1.44561e+02  5.75360e+05 -6.43184e+05  6.53141e+02  0.00000e+00 -6.71711e+04  4.51833e+04 -2.19878e+04  1.50437e-01  1.00000e+00 -7.45461e+01  0.00000e+00  2.63328e+00 
 7.42387e-03  5.85632e-03  0.00000e+00  3.47944e+00  2.54454e-04  3.59694e+02  3.60048e+02  3.90199e+00  3.94194e+00  1.65028e-01  6.99590e+01  1.36984e+02  5.98176e+05 -6.63083e+05  6.14597e+02  0.00000e+00 -6.42927e+04  3.64059e+04 -2.78868e+04  1.65100e-01  1.00000e+00 -6.95629e+01  0.00000e+00  3.00391e+00 
 7.61342e-03  6.09482e-03  0.00000e+00  3.47944e+00  2.67928e-04  3.59731e+02  3.60048e+02  3.86251e+00  3.90401e+00  1.79680e-01  6.43713e+01  1.30096e+02  6.14813e+05 -6.79006e+05  5.78802e+02  0.00000e+00 -6.36145e+04  2.92026e+04 -3.44119e+04  1.79755e-01  1.00000e+00 -6.39669e+01  0.00000e+00  3.42996e+00 
 7.80566e-03  6.33332e-03  0.00000e+00  3.47944e+00  2.81019e-04  3.59767e+02  3.60048e+02  3.81895e+00  3.86192e+00  1.94193e-01  5.84302e+01  1.24036e+02  6.27210e+05 -6.92740e+05  5.46750e+02  0.00000e+00 -6.49833e+04  2.33670e+04 -4.16163e+04  1.94271e-01  1.00000e+00 -5.80185e+01  0.00000e+00  3.91765e+00 
 8.00039e-03  6.57182e-03  0.00000e+00  3.47944e+00  2.93085e-04  3.59803e+02  3.60049e+02  3.77132e+00  3.81554e+00  2.08324e-01  5.22926e+01  1.18930e+02  6.38540e+05 -7.06543e+05  5.18463e+02  0.00000e+00 -6.74845e+04  1.86736e+04 -4.88110e+04  2.08410e-01  1.00000e+00 -5.18736e+01  0.00000e+00  4.48189e+00 
 8.19744e-03  6.81033e-03  1.31016e-20  3.47944e+00  3.03551e-04  3.59839e+02  3.60049e+02  3.71903e+00  3.76422e+00  2.22067e-01  4.60604e+01  1.14830e+02  6.51055e+05 -7.22922e+05  4.94572e+02  0.00000e+00 -7.13727e+04  1.48799e+04 -5.64928e+04  2.22155e-01  1.00000e+00 -4.56329e+01  0.00000e+00  5.13427e+00 
 8.39664e-03  7.04884e-03  0.00000e+00  3.47944e+00  3.11795e-04  3.59875e+02  3.60049e+02  3.66216e+00  3.70793e+00  2.35220e-01  3.97176e+01  1.11794e+02  6.68316e+05 -7.44656e+05  4.74647e+02  0.00000e+00 -7.58653e+04  1.17728e+04 -6.40926e+04  2.35310e-01  1.00000e+00 -3.92792e+01  0.00000e+00  5.90548e+00 
 8.59784e-03  7.28736e-03  0.00000e+00  3.47944e+00  3.17451e-04  3.59912e+02  3.60049e+02  3.59900e+00  3.64491e+00  2.48011e-01  3.31594e+01  1.09803e+02  6.92061e+05 -7.74777e+05  4.58853e+02  0.00000e+00 -8.22565e+04  9.13196e+03 -7.31245e+04  2.48102e-01  1.00000e+00 -3.27065e+01  0.00000e+00  6.82005e+00 
 8.80092e-03  7.52587e-03  0.00000e+00  3.47944e+00  3.20056e-04  3.59949e+02  3.60049e+02  3.53034e+00  3.57584e+00  2.60283e-01  2.61531e+01  1.08910e+02  7.26518e+05 -8.16947e+05  4.46681e+02  0.00000e+00 -8.99821e+04  6.77704e+03 -8.32050e+04  2.60372e-01  1.00000e+00 -2.56810e+01  0.00000e+00  7.94207e+00 
 9.00573e-03  7.76439e-03 -1.17014e-20  3.47944e+00  3.19470e-04  3.59988e+02  3.60050e+02  3.45139e+00  3.49600e+00  2.72306e-01  1.83018e+01  1.09110e+02  7.74073e+05 -8.75338e+05  4.37825e+02  0.00000e+00 -1.00827e+05  4.49937e+03 -9.63274e+04  2.72394e-01  1.00000e+00 -1.78044e+01  0.00000e+00  9.33089e+00 
 9.21216e-03  8.00291e-03  0.00000e+00  3.47944e+00  3.15301e-04  3.60030e+02  3.60050e+02  3.36637e+00  3.40950e+00  2.83922e-01  8.99555e+00  1.10553e+02  8.42415e+05 -9.56997e+05  4.32039e+02  0.00000e+00 -1.14149e+05  2.07870e+03 -1.12070e+05  2.84005e-01  1.00000e+00 -8.46448e+00  0.00000e+00  1.11472e+01 
 9.42012e-03  8.24144e-03  0.00000e+00  3.47944e+00  3.07580e-04  3.60075e+02  3.60050e+02  3.26120e+00  3.30239e+00  2.95560e-01 -6.48176e+00  1.13329e+02  9.36936e+05 -1.07087e+06  4.29183e+02  0.00000e+00 -1.33509e+05 -1.87138e+03 -1.35381e+05  2.95644e-01  1.00000e+00  7.73899e+00  0.00000e+00  1.35474e+01 
 9.62949e-03  8.47996e-03  0.00000e+00  3.47944e+00  2.95712e-04  3.60128e+02  3.60051e+02  3.14844e+00  3.18653e+00  3.07043e-01 -4.34746e+01  1.17878e+02  1.07888e+06 -1.23708e+06  4.30027e+02  0.00000e+00 -1.57765e+05 -1.08628e+04 -1.68628e+05  3.07119e-01  1.00000e+00  4.48577e+01  0.00000e+00  1.70460e+01 
 9.84019e-03  8.71849e-03  0.00000e+00  3.47944e+00  2.79267e-04  3.60195e+02  3.60051e+02  2.99206e+00  3.02734e+00  3.18729e-01 -1.02061e+02  1.24821e+02  1.29303e+06 -1.48810e+06  4.33082e+02  0.00000e+00 -1.94638e+05 -2.55955e+04 -2.20233e+05  3.18823e-01  1.00000e+00  1.03616e+02  0.00000e+00  2.22879e+01 
 1.00521e-02  8.95702e-03  0.00000e+00  3.47944e+00  2.57070e-04  3.60296e+02  3.60051e+02  2.82154e+00  2.85367e+00  3.30409e-01 -2.12493e+02  1.35600e+02  1.66948e+06 -1.89961e+06  4.40233e+02  0.00000e+00 -2.29689e+05 -5.54750e+04 -2.85164e+05  3.30520e-01  1.00000e+00  2.14303e+02  0.00000e+00  3.19333e+01 
 1.02653e-02  9.19555e-03  0.00000e+00  3.47944e+00  2.29459e-04  3.60483e+02  3.60052e+02  2.53887e+00  2.56787e+00  3.43179e-01 -4.74905e+02  1.51918e+02  2.39295e+06 -2.60147e+06  4.39803e+02  0.00000e+00 -2.08078e+05 -1.33204e+05 -3.41282e+05  3.43309e-01  1.00000e+00  4.77098e+02  0.00000e+00  5.32117e+01 
 1.04795e-02  9.43408e-03  0.00000e+00  3.47944e+00  1.98888e-04  3.61005e+02  3.60053e+02  2.10465e+00  2.12415e+00  3.59369e-01 -4.52765e+03  1.75272e+02  4.20405e+06 -3.60554e+06  4.38966e+02  1.79106e+06  2.39001e+06 -2.41203e+06 -2.20171e+04  3.59495e-01  1.00000e+00  4.53043e+03  3.13654e+03  1.35312e+02 
