# Code_Saturne plot output (1D profile)
#
# Iteration output: 4176
# Time output:      2.30002e+01
#
#COLUMN_TITLES: Distance | X | Y | Z | diameter_Field2 | temp_Field1 | temp_Field2 | Velocity_Field1[Z] | Velocity_Field2[Z] | vol_f_Field2 | mass_trans_Field1 | Xd_Field2 | BK | COAL | COMP | NUCL | W1 | MT | SMBR | ALPBB | CONDNUM | GAMA | GAMANUC | epsilon_Field1
 4.56474e-03  1.39645e-04  0.00000e+00  3.47944e+00  9.18956e-05  3.59483e+02  3.60053e+02  4.60764e+00  4.62437e+00  5.98639e-02  1.28818e+02  3.79213e+02  4.43258e+01 -1.00091e+06  2.16602e+03  0.00000e+00 -9.98702e+05  2.89406e+05 -7.09296e+05  5.98925e-02  1.00000e+00 -1.28541e+02  0.00000e+00  4.94894e-01 
 4.57812e-03  3.76525e-04  4.25872e-21  3.47944e+00  1.21590e-04  3.59484e+02  3.60053e+02  4.60711e+00  4.63090e+00  6.07356e-02  8.95122e+01  2.86603e+02  3.64638e+03 -6.30189e+05  1.63824e+03  0.00000e+00 -6.24904e+05  1.49810e+05 -4.75094e+05  6.07628e-02  1.00000e+00 -8.93189e+01  0.00000e+00  5.00897e-01 
 4.60371e-03  6.13858e-04  0.00000e+00  3.47944e+00  1.45393e-04  3.59487e+02  3.60053e+02  4.60557e+00  4.63495e+00  6.23082e-02  7.22895e+01  2.39681e+02  2.06130e+04 -4.78682e+05  1.37131e+03  0.00000e+00 -4.56698e+05  9.86286e+04 -3.58069e+05  6.23348e-02  1.00000e+00 -7.21325e+01  0.00000e+00  5.12664e-01 
 4.64138e-03  8.51483e-04  0.00000e+00  3.47944e+00  1.63614e-04  3.59492e+02  3.60053e+02  4.60331e+00  4.63686e+00  6.45587e-02  6.37656e+01  2.12989e+02  4.76351e+04 -4.08904e+05  1.21936e+03  0.00000e+00 -3.60049e+05  7.46174e+04 -2.85432e+05  6.45853e-02  1.00000e+00 -6.36258e+01  0.00000e+00  5.30415e-01 
 4.69084e-03  1.08931e-03  0.00000e+00  3.47944e+00  1.77759e-04  3.59499e+02  3.60053e+02  4.60025e+00  4.63692e+00  6.75157e-02  5.93440e+01  1.96041e+02  7.77950e+04 -3.75706e+05  1.12273e+03  0.00000e+00 -2.96789e+05  6.11192e+04 -2.35669e+05  6.75426e-02  1.00000e+00 -5.92123e+01  0.00000e+00  5.54484e-01 
 4.75174e-03  1.32727e-03  1.05001e-20  3.47944e+00  1.88995e-04  3.59508e+02  3.60053e+02  4.59639e+00  4.63543e+00  7.12113e-02  5.71566e+01  1.84386e+02  1.08459e+05 -3.62430e+05  1.05614e+03  0.00000e+00 -2.52915e+05  5.24933e+04 -2.00422e+05  7.12387e-02  1.00000e+00 -5.70277e+01  0.00000e+00  5.85370e-01 
 4.82366e-03  1.56534e-03  0.00000e+00  3.47944e+00  1.98265e-04  3.59519e+02  3.60053e+02  4.59168e+00  4.63257e+00  7.56858e-02  5.62808e+01  1.75764e+02  1.39566e+05 -3.61537e+05  1.00666e+03  0.00000e+00 -2.20964e+05  4.63584e+04 -1.74606e+05  7.57138e-02  1.00000e+00 -5.61513e+01  0.00000e+00  6.23735e-01 
 4.90611e-03  1.80349e-03  8.81027e-21  3.47944e+00  2.06302e-04  3.59532e+02  3.60053e+02  4.58609e+00  4.62847e+00  8.09679e-02  5.61881e+01  1.68917e+02  1.71736e+05 -3.69093e+05  9.67158e+02  0.00000e+00 -1.96390e+05  4.15762e+04 -1.54814e+05  8.09966e-02  1.00000e+00 -5.60556e+01  0.00000e+00  6.70430e-01 
 4.99859e-03  2.04170e-03  0.00000e+00  3.47944e+00  2.13662e-04  3.59548e+02  3.60053e+02  4.57952e+00  4.62321e+00  8.70991e-02  5.65470e+01  1.63098e+02  2.05428e+05 -3.82847e+05  9.33414e+02  0.00000e+00 -1.76485e+05  3.75545e+04 -1.38931e+05  8.71289e-02  1.00000e+00 -5.64098e+01  0.00000e+00  7.26395e-01 
 5.10055e-03  2.27996e-03  7.58893e-21  3.47944e+00  2.20776e-04  3.59564e+02  3.60053e+02  4.57189e+00  4.61680e+00  9.40800e-02  5.70941e+01  1.57843e+02  2.40770e+05 -4.01152e+05  9.02773e+02  0.00000e+00 -1.59479e+05  3.39714e+04 -1.25508e+05  9.41103e-02  1.00000e+00 -5.69510e+01  0.00000e+00  7.92805e-01 
 5.21143e-03  2.51826e-03  7.09702e-21  3.47944e+00  2.27989e-04  3.59583e+02  3.60053e+02  4.56309e+00  4.60921e+00  1.01946e-01  5.76494e+01  1.52850e+02  2.77491e+05 -4.22861e+05  8.73532e+02  0.00000e+00 -1.44497e+05  3.06513e+04 -1.13845e+05  1.01977e-01  1.00000e+00 -5.74996e+01  0.00000e+00  8.71043e-01 
 5.33068e-03  2.75659e-03  1.33300e-20  3.47944e+00  2.35587e-04  3.59602e+02  3.60053e+02  4.55297e+00  4.60029e+00  1.10701e-01  5.80397e+01  1.47920e+02  3.14929e+05 -4.46826e+05  8.44623e+02  0.00000e+00 -1.31052e+05  2.74993e+04 -1.03553e+05  1.10733e-01  1.00000e+00 -5.78825e+01  0.00000e+00  9.62676e-01 
 5.45775e-03  2.99495e-03  1.25651e-20  3.47944e+00  2.43810e-04  3.59623e+02  3.60053e+02  4.54139e+00  4.58990e+00  1.20329e-01  5.81246e+01  1.42931e+02  3.52091e+05 -4.71875e+05  8.15210e+02  0.00000e+00 -1.18969e+05  2.44788e+04 -9.44903e+04  1.20361e-01  1.00000e+00 -5.79600e+01  0.00000e+00  1.06942e+00 
 5.59212e-03  3.23333e-03  0.00000e+00  3.47944e+00  2.52857e-04  3.59645e+02  3.60053e+02  4.52812e+00  4.57792e+00  1.30783e-01  5.77875e+01  1.37817e+02  3.87862e+05 -4.96810e+05  7.84808e+02  0.00000e+00 -1.08163e+05  2.15875e+04 -8.65753e+04  1.30817e-01  1.00000e+00 -5.76157e+01  0.00000e+00  1.19343e+00 
 5.73326e-03  3.47172e-03  0.00000e+00  3.47944e+00  2.62872e-04  3.59667e+02  3.60053e+02  4.51299e+00  4.56420e+00  1.41997e-01  5.69561e+01  1.32567e+02  4.20859e+05 -5.20401e+05  7.53531e+02  0.00000e+00 -9.87890e+04  1.88471e+04 -7.99419e+04  1.42032e-01  1.00000e+00 -5.67776e+01  0.00000e+00  1.33637e+00 
 5.88069e-03  3.71014e-03 -5.35987e-21  3.47944e+00  2.73921e-04  3.59689e+02  3.60053e+02  4.49575e+00  4.54849e+00  1.53786e-01  5.55576e+01  1.27220e+02  4.50103e+05 -5.41356e+05  7.21402e+02  0.00000e+00 -9.05319e+04  1.62876e+04 -7.42443e+04  1.53821e-01  1.00000e+00 -5.53733e+01  0.00000e+00  1.50072e+00 
 6.03395e-03  3.94857e-03  5.10973e-21  3.47944e+00  2.86003e-04  3.59712e+02  3.60053e+02  4.47619e+00  4.53061e+00  1.66051e-01  5.36351e+01  1.21845e+02  4.74664e+05 -5.58947e+05  6.89084e+02  0.00000e+00 -8.35936e+04  1.39447e+04 -6.96489e+04  1.66086e-01  1.00000e+00 -5.34460e+01  0.00000e+00  1.68833e+00 
 6.19261e-03  4.18701e-03  0.00000e+00  3.47944e+00  2.99006e-04  3.59735e+02  3.60053e+02  4.45412e+00  4.51031e+00  1.78615e-01  5.12234e+01  1.16547e+02  4.94239e+05 -5.72704e+05  6.56980e+02  0.00000e+00 -7.78083e+04  1.18400e+04 -6.59683e+04  1.78648e-01  1.00000e+00 -5.10306e+01  0.00000e+00  1.90161e+00 
 6.35626e-03  4.42546e-03  0.00000e+00  3.47944e+00  3.12715e-04  3.59758e+02  3.60053e+02  4.42940e+00  4.48743e+00  1.91315e-01  4.84358e+01  1.11438e+02  5.08921e+05 -5.82638e+05  6.25920e+02  0.00000e+00 -7.30918e+04  9.99172e+03 -6.31001e+04  1.91348e-01  1.00000e+00 -4.82401e+01  0.00000e+00  2.14258e+00 
 6.52453e-03  4.66392e-03 -8.96437e-21  3.47944e+00  3.26794e-04  3.59780e+02  3.60053e+02  4.40194e+00  4.46181e+00  2.03994e-01  4.53706e+01  1.06637e+02  5.19423e+05 -5.89299e+05  5.96347e+02  0.00000e+00 -6.92804e+04  8.39707e+03 -6.08834e+04  2.04027e-01  1.00000e+00 -4.51730e+01  0.00000e+00  2.41392e+00 
 6.69707e-03  4.90238e-03  1.72236e-20  3.47944e+00  3.40826e-04  3.59803e+02  3.60053e+02  4.37169e+00  4.43333e+00  2.16531e-01  4.21592e+01  1.02247e+02  5.26726e+05 -5.93585e+05  5.68978e+02  0.00000e+00 -6.62893e+04  7.04590e+03 -5.92434e+04  2.16562e-01  1.00000e+00 -4.19601e+01  0.00000e+00  2.71787e+00 
 6.87356e-03  5.14086e-03  8.28595e-21  3.47944e+00  3.54314e-04  3.59825e+02  3.60053e+02  4.33865e+00  4.40190e+00  2.28801e-01  3.88871e+01  9.83549e+01  5.32257e+05 -5.96724e+05  5.44143e+02  0.00000e+00 -6.39229e+04  5.91404e+03 -5.80088e+04  2.28830e-01  1.00000e+00 -3.86866e+01  0.00000e+00  3.05820e+00 
 7.05370e-03  5.37934e-03 -1.59677e-20  3.47944e+00  3.66772e-04  3.59848e+02  3.60053e+02  4.30275e+00  4.36740e+00  2.40743e-01  3.56376e+01  9.50142e+01  5.37296e+05 -6.00000e+05  5.22269e+02  0.00000e+00 -6.21816e+04  4.97362e+03 -5.72079e+04  2.40771e-01  1.00000e+00 -3.54355e+01  0.00000e+00  3.43812e+00 
 7.23722e-03  5.61783e-03  0.00000e+00  3.47944e+00  3.77709e-04  3.59870e+02  3.60053e+02  4.26400e+00  4.32971e+00  2.52246e-01  3.24380e+01  9.22633e+01  5.43404e+05 -6.04728e+05  5.03385e+02  0.00000e+00 -6.08207e+04  4.19303e+03 -5.66277e+04  2.52272e-01  1.00000e+00 -3.22338e+01  0.00000e+00  3.86419e+00 
 7.42387e-03  5.85632e-03  0.00000e+00  3.47944e+00  3.86785e-04  3.59892e+02  3.60053e+02  4.22213e+00  4.28855e+00  2.63381e-01  2.93088e+01  9.00987e+01  5.51532e+05 -6.12182e+05  4.87570e+02  0.00000e+00 -6.01628e+04  3.54058e+03 -5.66223e+04  2.63406e-01  1.00000e+00 -2.91016e+01  0.00000e+00  4.34186e+00 
 7.61342e-03  6.09482e-03  0.00000e+00  3.47944e+00  3.93662e-04  3.59914e+02  3.60053e+02  4.17714e+00  4.24381e+00  2.74021e-01  2.62196e+01  8.85248e+01  5.63102e+05 -6.23446e+05  4.74595e+02  0.00000e+00 -5.98698e+04  2.98833e+03 -5.68815e+04  2.74045e-01  1.00000e+00 -2.60084e+01  0.00000e+00  4.88293e+00 
 7.80566e-03  6.33332e-03  0.00000e+00  3.47944e+00  3.98241e-04  3.59935e+02  3.60053e+02  4.12843e+00  4.19487e+00  2.84358e-01  2.31342e+01  8.75075e+01  5.78614e+05 -6.39671e+05  4.64350e+02  0.00000e+00 -6.05928e+04  2.50838e+03 -5.80844e+04  2.84381e-01  1.00000e+00 -2.29177e+01  0.00000e+00  5.49642e+00 
 8.00039e-03  6.57182e-03  0.00000e+00  3.47944e+00  4.00328e-04  3.59957e+02  3.60054e+02  4.07597e+00  4.14164e+00  2.94225e-01  1.99862e+01  8.70517e+01  5.99637e+05 -6.61944e+05  4.56580e+02  0.00000e+00 -6.18503e+04  2.07968e+03 -5.97707e+04  2.94249e-01  1.00000e+00 -1.97630e+01  0.00000e+00  6.20384e+00 
 8.19744e-03  6.81033e-03  1.31016e-20  3.47944e+00  3.99991e-04  3.59979e+02  3.60054e+02  4.01856e+00  4.08314e+00  3.03881e-01  1.67063e+01  8.71252e+01  6.26531e+05 -6.91597e+05  4.51139e+02  0.00000e+00 -6.46156e+04  1.67998e+03 -6.29357e+04  3.03905e-01  1.00000e+00 -1.64745e+01  0.00000e+00  7.01957e+00 
 8.39664e-03  7.04884e-03  0.00000e+00  3.47944e+00  3.97067e-04  3.60001e+02  3.60054e+02  3.95698e+00  4.01995e+00  3.13114e-01  1.31728e+01  8.77672e+01  6.61756e+05 -7.30453e+05  4.47785e+02  0.00000e+00 -6.82489e+04  1.28913e+03 -6.69598e+04  3.13139e-01  1.00000e+00 -1.29304e+01  0.00000e+00  7.98588e+00 
 8.59784e-03  7.28736e-03  0.00000e+00  3.47944e+00  3.91688e-04  3.60024e+02  3.60054e+02  3.88798e+00  3.94888e+00  3.22211e-01  9.24032e+00  8.89731e+01  7.06197e+05 -7.80757e+05  4.46501e+02  0.00000e+00 -7.41135e+04  8.82464e+02 -7.32310e+04  3.22236e-01  1.00000e+00 -8.98503e+00  0.00000e+00  9.13163e+00 
 8.80092e-03  7.52587e-03  0.00000e+00  3.47944e+00  3.83612e-04  3.60048e+02  3.60055e+02  3.81452e+00  3.87284e+00  3.31019e-01  4.70894e+00  9.08467e+01  7.64258e+05 -8.46553e+05  4.47338e+02  0.00000e+00 -8.18473e+04  4.33183e+02 -8.14141e+04  3.31044e-01  1.00000e+00 -4.43764e+00  0.00000e+00  1.05435e+01 
 9.00573e-03  7.76439e-03 -1.17014e-20  3.47944e+00  3.72961e-04  3.60072e+02  3.60055e+02  3.72788e+00  3.78324e+00  3.39839e-01 -1.76230e+00  9.34417e+01  8.38667e+05 -9.32692e+05  4.49912e+02  0.00000e+00 -9.35750e+04 -2.35072e+02 -9.38101e+04  3.39868e-01  1.00000e+00  2.40369e+00  0.00000e+00  1.22922e+01 
 9.21216e-03  8.00291e-03  0.00000e+00  3.47944e+00  3.59259e-04  3.60099e+02  3.60055e+02  3.63826e+00  3.69021e+00  3.48450e-01 -1.73745e+01  9.70063e+01  9.39751e+05 -1.04899e+06  4.55026e+02  0.00000e+00 -1.08789e+05 -1.78915e+03 -1.10578e+05  3.48481e-01  1.00000e+00  1.80689e+01  0.00000e+00  1.45960e+01 
 9.42012e-03  8.24144e-03  0.00000e+00  3.47944e+00  3.42425e-04  3.60130e+02  3.60056e+02  3.52206e+00  3.57023e+00  3.57256e-01 -3.87782e+01  1.01776e+02  1.07630e+06 -1.21015e+06  4.62351e+02  0.00000e+00 -1.33386e+05 -4.00644e+03 -1.37392e+05  3.57293e-01  1.00000e+00  3.95402e+01  0.00000e+00  1.76389e+01 
 9.62949e-03  8.47996e-03  0.00000e+00  3.47944e+00  3.21468e-04  3.60168e+02  3.60056e+02  3.40383e+00  3.44695e+00  3.66038e-01 -7.11330e+01  1.08412e+02  1.27906e+06 -1.44760e+06  4.74962e+02  0.00000e+00 -1.68066e+05 -7.58322e+03 -1.75649e+05  3.66080e-01  1.00000e+00  7.19863e+01  0.00000e+00  2.21095e+01 
 9.84019e-03  8.71849e-03  0.00000e+00  3.47944e+00  2.96166e-04  3.60221e+02  3.60057e+02  3.22912e+00  3.26764e+00  3.75002e-01 -1.26130e+02  1.17675e+02  1.58560e+06 -1.81450e+06  4.89871e+02  0.00000e+00 -2.28405e+05 -1.41868e+04 -2.42592e+05  3.75050e-01  1.00000e+00  1.27108e+02  0.00000e+00  2.87630e+01 
 1.00521e-02  8.95702e-03  0.00000e+00  3.47944e+00  2.64429e-04  3.60304e+02  3.60057e+02  3.05388e+00  3.08826e+00  3.84112e-01 -2.38056e+02  1.31799e+02  2.13942e+06 -2.45436e+06  5.13894e+02  0.00000e+00 -3.14431e+05 -2.91971e+04 -3.43628e+05  3.84164e-01  1.00000e+00  2.39226e+02  0.00000e+00  4.11463e+01 
 1.02653e-02  9.19555e-03  0.00000e+00  3.47944e+00  2.26018e-04  3.60472e+02  3.60058e+02  2.73959e+00  2.76917e+00  3.94195e-01 -5.29400e+02  1.54200e+02  3.26655e+06 -3.68924e+06  5.35002e+02  0.00000e+00 -4.22154e+05 -7.38699e+04 -4.96024e+05  3.94248e-01  1.00000e+00  5.30880e+02  0.00000e+00  6.84080e+01 
 1.04795e-02  9.43408e-03  0.00000e+00  3.47944e+00  1.81211e-04  3.60974e+02  3.60059e+02  2.28130e+00  2.30039e+00  4.07700e-01 -5.02231e+03  1.92332e+02  6.45106e+06 -6.23568e+06  5.75657e+02  1.63681e+06  1.85277e+06 -1.88126e+06 -2.84889e+04  4.07743e-01  1.00000e+00  5.02434e+03  3.30155e+03  1.73753e+02 
