# Code_Saturne plot output (1D profile)
#
# Iteration output: 3258
# Time output:      2.30014e+01
#
#COLUMN_TITLES: Distance | X | Y | Z | diameter_Field2 | temp_Field1 | temp_Field2 | Velocity_Field1[Z] | Velocity_Field2[Z] | vol_f_Field2 | mass_trans_Field1 | Xd_Field2 | BK | COAL | COMP | NUCL | W1 | MT | SMBR | ALPBB | CONDNUM | GAMA | GAMANUC | epsilon_Field1
 4.56474e-03  1.39645e-04  0.00000e+00  3.47944e+00  2.40520e-04  3.59958e+02  3.60057e+02  5.13921e+00  5.19207e+00  1.86920e-01  2.25285e+01  1.44850e+02  3.09338e+05 -7.16498e+05  1.07965e+03  0.00000e+00 -4.06080e+05  6.63361e+03 -3.99446e+05  1.86934e-01  1.00000e+00 -2.25488e+01  0.00000e+00  9.45919e-01 
 4.57812e-03  3.76525e-04  4.25872e-21  3.47944e+00  2.62061e-04  3.59959e+02  3.60057e+02  5.13773e+00  5.19627e+00  1.87972e-01  2.01384e+01  1.32943e+02  3.17553e+05 -6.22051e+05  9.91609e+02  0.00000e+00 -3.03506e+05  5.41196e+03 -2.98095e+05  1.87986e-01  1.00000e+00 -2.01567e+01  0.00000e+00  9.57704e-01 
 4.60371e-03  6.13858e-04  0.00000e+00  3.47944e+00  2.76062e-04  3.59960e+02  3.60057e+02  5.13532e+00  5.19738e+00  1.89934e-01  1.88499e+01  1.26201e+02  3.23200e+05 -5.77398e+05  9.41627e+02  0.00000e+00 -2.53256e+05  4.75913e+03 -2.48497e+05  1.89948e-01  1.00000e+00 -1.88672e+01  0.00000e+00  9.80555e-01 
 4.64138e-03  8.51483e-04  0.00000e+00  3.47944e+00  2.85949e-04  3.59961e+02  3.60057e+02  5.13191e+00  5.19627e+00  1.92696e-01  1.80431e+01  1.21837e+02  3.30197e+05 -5.55969e+05  9.09031e+02  0.00000e+00 -2.24863e+05  4.33492e+03 -2.20528e+05  1.92710e-01  1.00000e+00 -1.80599e+01  0.00000e+00  1.01492e+00 
 4.69084e-03  1.08931e-03  0.00000e+00  3.47944e+00  2.94179e-04  3.59964e+02  3.60057e+02  5.12734e+00  5.19341e+00  1.96338e-01  1.74232e+01  1.18429e+02  3.38940e+05 -5.45621e+05  8.83311e+02  0.00000e+00 -2.05797e+05  3.99347e+03 -2.01803e+05  1.96352e-01  1.00000e+00 -1.74397e+01  0.00000e+00  1.06126e+00 
 4.75174e-03  1.32727e-03  1.05001e-20  3.47944e+00  3.01953e-04  3.59966e+02  3.60057e+02  5.12152e+00  5.18905e+00  2.00786e-01  1.68555e+01  1.15380e+02  3.49164e+05 -5.40943e+05  8.60079e+02  0.00000e+00 -1.90919e+05  3.68057e+03 -1.87239e+05  2.00800e-01  1.00000e+00 -1.68719e+01  0.00000e+00  1.12042e+00 
 4.82366e-03  1.56534e-03  0.00000e+00  3.47944e+00  3.09939e-04  3.59970e+02  3.60057e+02  5.11435e+00  5.18327e+00  2.06046e-01  1.62757e+01  1.12407e+02  3.60309e+05 -5.39263e+05  8.37259e+02  0.00000e+00 -1.78117e+05  3.37411e+03 -1.74743e+05  2.06060e-01  1.00000e+00 -1.62920e+01  0.00000e+00  1.19331e+00 
 4.90611e-03  1.80349e-03  8.81027e-21  3.47944e+00  3.18495e-04  3.59973e+02  3.60057e+02  5.10572e+00  5.17604e+00  2.12043e-01  1.56470e+01  1.09387e+02  3.71808e+05 -5.38927e+05  8.13939e+02  0.00000e+00 -1.66305e+05  3.06749e+03 -1.63237e+05  2.12056e-01  1.00000e+00 -1.56633e+01  0.00000e+00  1.28108e+00 
 4.99859e-03  2.04170e-03  0.00000e+00  3.47944e+00  3.27825e-04  3.59977e+02  3.60057e+02  5.09549e+00  5.16730e+00  2.18728e-01  1.49517e+01  1.06274e+02  3.83043e+05 -5.38902e+05  7.89771e+02  0.00000e+00 -1.55069e+05  2.76085e+03 -1.52308e+05  2.18742e-01  1.00000e+00 -1.49680e+01  0.00000e+00  1.38493e+00 
 5.10055e-03  2.27996e-03  7.58893e-21  3.47944e+00  3.38015e-04  3.59982e+02  3.60057e+02  5.08355e+00  5.15693e+00  2.26011e-01  1.41823e+01  1.03070e+02  3.93476e+05 -5.38442e+05  7.64774e+02  0.00000e+00 -1.44201e+05  2.45812e+03 -1.41743e+05  2.26025e-01  1.00000e+00 -1.41985e+01  0.00000e+00  1.50619e+00 
 5.21143e-03  2.51826e-03  7.09702e-21  3.47944e+00  3.49064e-04  3.59987e+02  3.60057e+02  5.06975e+00  5.14480e+00  2.33809e-01  1.33407e+01  9.98076e+01  4.02660e+05 -5.37100e+05  7.39186e+02  0.00000e+00 -1.33701e+05  2.16453e+03 -1.31537e+05  2.33823e-01  1.00000e+00 -1.33568e+01  0.00000e+00  1.64619e+00 
 5.33068e-03  2.75659e-03  1.33300e-20  3.47944e+00  3.60880e-04  3.59993e+02  3.60057e+02  5.05398e+00  5.13078e+00  2.42012e-01  1.24351e+01  9.65400e+01  4.10333e+05 -5.34641e+05  7.13402e+02  0.00000e+00 -1.23595e+05  1.88554e+03 -1.21709e+05  2.42027e-01  1.00000e+00 -1.24511e+01  0.00000e+00  1.80630e+00 
 5.45775e-03  2.99495e-03  1.25651e-20  3.47944e+00  3.73287e-04  3.59998e+02  3.60057e+02  5.03615e+00  5.11474e+00  2.50534e-01  1.14790e+01  9.33313e+01  4.16415e+05 -5.31102e+05  6.87894e+02  0.00000e+00 -1.14000e+05  1.62565e+03 -1.12374e+05  2.50549e-01  1.00000e+00 -1.14950e+01  0.00000e+00  1.98783e+00 
 5.59212e-03  3.23333e-03  0.00000e+00  3.47944e+00  3.86019e-04  3.60004e+02  3.60057e+02  5.01617e+00  5.09654e+00  2.59262e-01  1.04876e+01  9.02530e+01  4.21074e+05 -5.26711e+05  6.63189e+02  0.00000e+00 -1.04974e+05  1.38807e+03 -1.03586e+05  2.59277e-01  1.00000e+00 -1.05034e+01  0.00000e+00  2.19215e+00 
 5.73326e-03  3.47172e-03  0.00000e+00  3.47944e+00  3.98725e-04  3.60011e+02  3.60057e+02  4.99408e+00  5.07614e+00  2.67900e-01  9.47148e+00  8.73772e+01  4.24798e+05 -5.21554e+05  6.39950e+02  0.00000e+00 -9.61161e+04  1.17469e+03 -9.49414e+04  2.67913e-01  1.00000e+00 -9.48719e+00  0.00000e+00  2.42055e+00 
 5.88069e-03  3.71014e-03 -5.35987e-21  3.47944e+00  4.11062e-04  3.60017e+02  3.60057e+02  4.97012e+00  5.05325e+00  2.76731e-01  8.44211e+00  8.47547e+01  4.27877e+05 -5.16848e+05  6.18314e+02  0.00000e+00 -8.83523e+04  9.83382e+02 -8.73689e+04  2.76744e-01  1.00000e+00 -8.45773e+00  0.00000e+00  2.67507e+00 
 6.03395e-03  3.94857e-03  5.10973e-21  3.47944e+00  4.22625e-04  3.60024e+02  3.60057e+02  4.94420e+00  5.02714e+00  2.85531e-01  7.40646e+00  8.24360e+01  4.31027e+05 -5.12949e+05  5.98736e+02  0.00000e+00 -8.13234e+04  8.13480e+02 -8.05100e+04  2.85544e-01  1.00000e+00 -7.42198e+00  0.00000e+00  2.95803e+00 
 6.19261e-03  4.18701e-03  0.00000e+00  3.47944e+00  4.33054e-04  3.60030e+02  3.60057e+02  4.91584e+00  4.99800e+00  2.94245e-01  6.38575e+00  8.04510e+01  4.34807e+05 -5.10439e+05  5.81359e+02  0.00000e+00 -7.50503e+04  6.64433e+02 -7.43859e+04  2.94258e-01  1.00000e+00 -6.40125e+00  0.00000e+00  3.27167e+00 
 6.35626e-03  4.42546e-03  0.00000e+00  3.47944e+00  4.42049e-04  3.60037e+02  3.60057e+02  4.88500e+00  4.96614e+00  3.02867e-01  5.37904e+00  7.88141e+01  4.39683e+05 -5.09891e+05  5.66307e+02  0.00000e+00 -6.96407e+04  5.32935e+02 -6.91078e+04  3.02879e-01  1.00000e+00 -5.39457e+00  0.00000e+00  3.61824e+00 
 6.52453e-03  4.66392e-03 -8.96437e-21  3.47944e+00  4.49360e-04  3.60044e+02  3.60057e+02  4.85160e+00  4.93165e+00  3.11298e-01  4.37954e+00  7.75322e+01  4.46216e+05 -5.11717e+05  5.53605e+02  0.00000e+00 -6.49472e+04  4.15574e+02 -6.45316e+04  3.11310e-01  1.00000e+00 -4.39517e+00  0.00000e+00  4.00144e+00 
 6.69707e-03  4.90238e-03  1.72236e-20  3.47944e+00  4.54852e-04  3.60051e+02  3.60057e+02  4.81557e+00  4.89449e+00  3.19572e-01  3.37774e+00  7.65962e+01  4.54714e+05 -5.16360e+05  5.43186e+02  0.00000e+00 -6.11028e+04  3.08788e+02 -6.07940e+04  3.19584e-01  1.00000e+00 -3.39355e+00  0.00000e+00  4.42462e+00 
 6.87356e-03  5.14086e-03  8.28595e-21  3.47944e+00  4.58428e-04  3.60058e+02  3.60057e+02  4.77683e+00  4.85463e+00  3.27597e-01  2.36169e+00  7.59989e+01  4.65650e+05 -5.24114e+05  5.34938e+02  0.00000e+00 -5.79287e+04  2.09414e+02 -5.77193e+04  3.27609e-01  1.00000e+00 -2.37777e+00  0.00000e+00  4.89336e+00 
 7.05370e-03  5.37934e-03 -1.59677e-20  3.47944e+00  4.60121e-04  3.60065e+02  3.60058e+02  4.73522e+00  4.81192e+00  3.35457e-01  1.31834e+00  7.57197e+01  4.79182e+05 -5.35337e+05  5.28672e+02  0.00000e+00 -5.56259e+04  1.14379e+02 -5.55115e+04  3.35468e-01  1.00000e+00 -1.33476e+00  0.00000e+00  5.41246e+00 
 7.23722e-03  5.61783e-03  0.00000e+00  3.47944e+00  4.59928e-04  3.60071e+02  3.60058e+02  4.69067e+00  4.76630e+00  3.43032e-01  2.33721e-01  7.57516e+01  4.95865e+05 -5.50300e+05  5.24247e+02  0.00000e+00 -5.39111e+04  2.10071e+01 -5.38901e+04  3.43043e-01  1.00000e+00 -2.50575e-01  0.00000e+00  5.99138e+00 
 7.42387e-03  5.85632e-03  0.00000e+00  3.47944e+00  4.57989e-04  3.60078e+02  3.60058e+02  4.64283e+00  4.71739e+00  3.50466e-01 -2.14274e+00  7.60727e+01  5.15775e+05 -5.69417e+05  5.21460e+02  0.00000e+00 -5.31210e+04 -1.73531e+02 -5.32945e+04  3.50477e-01  1.00000e+00  2.10582e+00  0.00000e+00  6.63704e+00 
 7.61342e-03  6.09482e-03  0.00000e+00  3.47944e+00  4.54306e-04  3.60085e+02  3.60058e+02  4.59171e+00  4.66524e+00  3.57596e-01 -4.91926e+00  7.66897e+01  5.39780e+05 -5.93128e+05  5.20224e+02  0.00000e+00 -5.28282e+04 -3.97412e+02 -5.32256e+04  3.57606e-01  1.00000e+00  4.88116e+00  0.00000e+00  7.36607e+00 
 7.80566e-03  6.33332e-03  0.00000e+00  3.47944e+00  4.49038e-04  3.60092e+02  3.60058e+02  4.53652e+00  4.60901e+00  3.64630e-01 -7.95927e+00  7.75899e+01  5.68005e+05 -6.22162e+05  5.20385e+02  0.00000e+00 -5.36366e+04 -6.39794e+02 -5.42764e+04  3.64640e-01  1.00000e+00  7.91980e+00  0.00000e+00  8.18861e+00 
 8.00039e-03  6.57182e-03  0.00000e+00  3.47944e+00  4.42100e-04  3.60099e+02  3.60059e+02  4.47774e+00  4.54917e+00  3.71365e-01 -1.13659e+01  7.88080e+01  6.02021e+05 -6.57545e+05  5.21966e+02  0.00000e+00 -5.50016e+04 -9.12381e+02 -5.59140e+04  3.71374e-01  1.00000e+00  1.13249e+01  0.00000e+00  9.13584e+00 
 8.19744e-03  6.81033e-03  1.31016e-20  3.47944e+00  4.33637e-04  3.60106e+02  3.60059e+02  4.41303e+00  4.48328e+00  3.78066e-01 -1.52852e+01  8.03465e+01  6.42144e+05 -7.00654e+05  5.24868e+02  0.00000e+00 -5.79861e+04 -1.22977e+03 -5.92159e+04  3.78075e-01  1.00000e+00  1.52423e+01  0.00000e+00  1.02223e+01 
 8.39664e-03  7.04884e-03  0.00000e+00  3.47944e+00  4.23418e-04  3.60113e+02  3.60059e+02  4.34546e+00  4.41426e+00  3.84452e-01 -1.99291e+01  8.22861e+01  6.91468e+05 -7.53733e+05  5.29452e+02  0.00000e+00 -6.17357e+04 -1.61572e+03 -6.33514e+04  3.84460e-01  1.00000e+00  1.98841e+01  0.00000e+00  1.15125e+01 
 8.59784e-03  7.28736e-03  0.00000e+00  3.47944e+00  4.11589e-04  3.60122e+02  3.60059e+02  4.26972e+00  4.33581e+00  3.90891e-01 -2.55913e+01  8.46515e+01  7.51182e+05 -8.19498e+05  5.35321e+02  0.00000e+00 -6.77802e+04 -2.10012e+03 -6.98803e+04  3.90900e-01  1.00000e+00  2.55440e+01  0.00000e+00  1.30477e+01 
 8.80092e-03  7.52587e-03  0.00000e+00  3.47944e+00  3.97811e-04  3.60131e+02  3.60060e+02  4.19019e+00  4.25265e+00  3.97127e-01 -3.27756e+01  8.75840e+01  8.27135e+05 -9.02633e+05  5.43072e+02  0.00000e+00 -7.49550e+04 -2.74006e+03 -7.76951e+04  3.97133e-01  1.00000e+00  3.27256e+01  0.00000e+00  1.49683e+01 
 9.00573e-03  7.76439e-03 -1.17014e-20  3.47944e+00  3.82272e-04  3.60143e+02  3.60060e+02  4.09313e+00  4.15155e+00  4.03532e-01 -4.23027e+01  9.11450e+01  9.21474e+05 -1.00880e+06  5.52225e+02  0.00000e+00 -8.67788e+04 -3.62290e+03 -9.04017e+04  4.03538e-01  1.00000e+00  4.22495e+01  0.00000e+00  1.73249e+01 
 9.21216e-03  8.00291e-03  0.00000e+00  3.47944e+00  3.64251e-04  3.60157e+02  3.60061e+02  3.99732e+00  4.05141e+00  4.09791e-01 -5.56690e+01  9.56550e+01  1.04814e+06 -1.15029e+06  5.64844e+02  0.00000e+00 -1.01580e+05 -4.92829e+03 -1.06509e+05  4.09794e-01  1.00000e+00  5.56119e+01  0.00000e+00  2.04628e+01 
 9.42012e-03  8.24144e-03  0.00000e+00  3.47944e+00  3.43897e-04  3.60176e+02  3.60061e+02  3.86589e+00  3.91545e+00  4.16293e-01 -7.55453e+01  1.01318e+02  1.21599e+06 -1.34309e+06  5.78839e+02  0.00000e+00 -1.26520e+05 -6.97466e+03 -1.33494e+05  4.16297e-01  1.00000e+00  7.54834e+01  0.00000e+00  2.45693e+01 
 9.62949e-03  8.47996e-03  0.00000e+00  3.47944e+00  3.19919e-04  3.60203e+02  3.60062e+02  3.74405e+00  3.78881e+00  4.22817e-01 -1.07886e+02  1.08912e+02  1.46550e+06 -1.62551e+06  6.00167e+02  0.00000e+00 -1.59417e+05 -1.05439e+04 -1.69961e+05  4.22820e-01  1.00000e+00  1.07818e+02  0.00000e+00  3.07163e+01 
 9.84019e-03  8.71849e-03  0.00000e+00  3.47944e+00  2.92345e-04  3.60245e+02  3.60062e+02  3.54708e+00  3.58710e+00  4.29662e-01 -1.65908e+02  1.19186e+02  1.84089e+06 -2.05928e+06  6.22395e+02  0.00000e+00 -2.17767e+05 -1.74646e+04 -2.35232e+05  4.29667e-01  1.00000e+00  1.65832e+02  0.00000e+00  3.99097e+01 
 1.00521e-02  8.95702e-03  0.00000e+00  3.47944e+00  2.58738e-04  3.60319e+02  3.60063e+02  3.36143e+00  3.39675e+00  4.36680e-01 -2.90143e+02  1.34669e+02  2.52281e+06 -2.81734e+06  6.60671e+02  0.00000e+00 -2.93870e+05 -3.39607e+04 -3.27831e+05  4.36686e-01  1.00000e+00  2.90056e+02  0.00000e+00  5.72558e+01 
 1.02653e-02  9.19555e-03  0.00000e+00  3.47944e+00  2.19675e-04  3.60480e+02  3.60064e+02  3.00045e+00  3.02971e+00  4.44867e-01 -6.24665e+02  1.58619e+02  3.88600e+06 -4.25493e+06  6.90638e+02  0.00000e+00 -3.68239e+05 -8.45456e+04 -4.52784e+05  4.44878e-01  1.00000e+00  6.24562e+02  0.00000e+00  9.47595e+01 
 1.04795e-02  9.43408e-03  0.00000e+00  3.47944e+00  1.77108e-04  3.60995e+02  3.60065e+02  2.50642e+00  2.52477e+00  4.54473e-01 -5.45539e+03  1.96746e+02  7.61115e+06 -6.78562e+06  7.37586e+02  1.05745e+06  1.88372e+06 -1.89002e+06 -6.29215e+03  4.54479e-01  1.00000e+00  5.45527e+03  3.44217e+03  2.39793e+02 
