# Code_Saturne plot output (1D profile)
#
# Iteration output: 4025
# Time output:      2.30003e+01
#
#COLUMN_TITLES: Distance | X | Y | Z | diameter_Field2 | temp_Field1 | temp_Field2 | Velocity_Field1[Z] | Velocity_Field2[Z] | vol_f_Field2 | mass_trans_Field1 | Xd_Field2 | BK | COAL | COMP | NUCL | W1 | MT | SMBR | ALPBB | CONDNUM | GAMA | GAMANUC | epsilon_Field1
 4.56474e-03  1.39645e-04  0.00000e+00  3.47944e+00  4.10318e-05  3.59610e+02  3.60050e+02  4.55458e+00  4.56005e+00  4.45709e-02  2.21405e+02  8.49369e+02  4.78233e-19 -3.68904e+06  4.65237e+03  0.00000e+00 -3.68439e+06  2.73843e+06 -9.45965e+05  4.45831e-02  1.00000e+00 -2.20889e+02  0.00000e+00  4.05209e-01 
 4.57812e-03  3.76525e-04  4.25872e-21  3.47944e+00  7.54740e-05  3.59608e+02  3.60050e+02  4.55470e+00  4.56793e+00  4.56632e-02  9.66419e+01  4.61763e+02  4.56766e-02 -1.34069e+06  2.52630e+03  0.00000e+00 -1.33816e+06  6.33552e+05 -7.04609e+05  4.56770e-02  1.00000e+00 -9.64139e+01  0.00000e+00  4.09788e-01 
 4.60371e-03  6.13858e-04  0.00000e+00  3.47944e+00  1.03239e-04  3.59609e+02  3.60050e+02  4.55361e+00  4.57341e+00  4.72036e-02  6.53950e+01  3.37577e+02  1.91061e+02 -8.16075e+05  1.84877e+03  0.00000e+00 -8.14036e+05  3.03190e+05 -5.10846e+05  4.72179e-02  1.00000e+00 -6.52401e+01  0.00000e+00  4.18741e-01 
 4.64138e-03  8.51483e-04  0.00000e+00  3.47944e+00  1.25654e-04  3.59611e+02  3.60050e+02  4.55186e+00  4.57691e+00  4.93156e-02  5.25189e+01  2.77358e+02  4.54803e+03 -6.14482e+05  1.52025e+03  0.00000e+00 -6.08413e+05  1.91489e+05 -4.16924e+05  4.93305e-02  1.00000e+00 -5.23938e+01  0.00000e+00  4.32256e-01 
 4.69084e-03  1.08931e-03  0.00000e+00  3.47944e+00  1.44086e-04  3.59615e+02  3.60050e+02  4.54938e+00  4.57862e+00  5.20030e-02  4.60604e+01  2.41878e+02  2.21382e+04 -5.18665e+05  1.32657e+03  0.00000e+00 -4.95200e+05  1.38887e+05 -3.56314e+05  5.20184e-02  1.00000e+00 -4.59494e+01  0.00000e+00  4.50608e-01 
 4.75174e-03  1.32727e-03  1.05001e-20  3.47944e+00  1.58999e-04  3.59622e+02  3.60050e+02  4.54617e+00  4.57870e+00  5.53188e-02  4.27818e+01  2.19190e+02  5.50812e+04 -4.73048e+05  1.20257e+03  0.00000e+00 -4.16764e+05  1.09891e+05 -3.06873e+05  5.53346e-02  1.00000e+00 -4.26771e+01  0.00000e+00  4.74224e-01 
 4.82366e-03  1.56534e-03  0.00000e+00  3.47944e+00  1.70712e-04  3.59631e+02  3.60050e+02  4.54221e+00  4.57722e+00  5.93015e-02  4.14029e+01  2.04151e+02  9.84584e+04 -4.57024e+05  1.12023e+03  0.00000e+00 -3.57445e+05  9.23969e+04 -2.65049e+05  5.93179e-02  1.00000e+00 -4.12996e+01  0.00000e+00  5.03672e-01 
 4.90611e-03  1.80349e-03  8.81027e-21  3.47944e+00  1.79712e-04  3.59642e+02  3.60050e+02  4.53747e+00  4.57427e+00  6.40000e-02  4.11790e+01  1.93927e+02  1.47781e+05 -4.61070e+05  1.06408e+03  0.00000e+00 -3.12225e+05  8.08829e+04 -2.31342e+05  6.40169e-02  1.00000e+00 -4.10736e+01  0.00000e+00  5.39626e-01 
 4.99859e-03  2.04170e-03  0.00000e+00  3.47944e+00  1.86602e-04  3.59655e+02  3.60050e+02  4.53189e+00  4.56994e+00  6.94755e-02  4.15875e+01  1.86767e+02  2.01528e+05 -4.80317e+05  1.02455e+03  0.00000e+00 -2.77764e+05  7.24641e+04 -2.05300e+05  6.94938e-02  1.00000e+00 -4.14778e+01  0.00000e+00  5.83023e-01 
 5.10055e-03  2.27996e-03  7.58893e-21  3.47944e+00  1.91958e-04  3.59669e+02  3.60050e+02  4.52541e+00  4.56431e+00  7.57769e-02  4.25085e+01  1.81556e+02  2.60020e+05 -5.12089e+05  9.95528e+02  0.00000e+00 -2.51074e+05  6.60093e+04 -1.85064e+05  7.57962e-02  1.00000e+00 -4.23922e+01  0.00000e+00  6.34891e-01 
 5.21143e-03  2.51826e-03  7.09702e-21  3.47944e+00  1.96266e-04  3.59686e+02  3.60050e+02  4.51794e+00  4.55743e+00  8.29534e-02  4.37401e+01  1.77571e+02  3.24307e+05 -5.54998e+05  9.73120e+02  0.00000e+00 -2.29718e+05  6.06780e+04 -1.69040e+05  8.29738e-02  1.00000e+00 -4.36153e+01  0.00000e+00  6.96541e-01 
 5.33068e-03  2.75659e-03  1.33300e-20  3.47944e+00  1.99914e-04  3.59703e+02  3.60050e+02  4.50935e+00  4.54926e+00  9.10567e-02  4.51107e+01  1.74331e+02  3.95404e+05 -6.08310e+05  9.54627e+02  0.00000e+00 -2.11952e+05  5.59628e+04 -1.55989e+05  9.10786e-02  1.00000e+00 -4.49758e+01  0.00000e+00  7.69461e-01 
 5.45775e-03  2.99495e-03  1.25651e-20  3.47944e+00  2.03209e-04  3.59722e+02  3.60050e+02  4.49953e+00  4.53970e+00  1.00103e-01  4.64658e+01  1.71504e+02  4.74006e+05 -6.71353e+05  9.38204e+02  0.00000e+00 -1.96409e+05  5.15766e+04 -1.44833e+05  1.00126e-01  1.00000e+00 -4.63193e+01  0.00000e+00  8.55439e-01 
 5.59212e-03  3.23333e-03  0.00000e+00  3.47944e+00  2.06405e-04  3.59742e+02  3.60050e+02  4.48831e+00  4.52872e+00  1.10129e-01  4.76705e+01  1.68848e+02  5.60251e+05 -7.43604e+05  9.22499e+02  0.00000e+00 -1.82431e+05  4.73444e+04 -1.35086e+05  1.10151e-01  1.00000e+00 -4.75111e+01  0.00000e+00  9.56528e-01 
 5.73326e-03  3.47172e-03  0.00000e+00  3.47944e+00  2.09713e-04  3.59762e+02  3.60050e+02  4.47549e+00  4.51601e+00  1.21129e-01  4.85850e+01  1.66185e+02  6.53448e+05 -8.24065e+05  9.06549e+02  0.00000e+00 -1.69710e+05  4.31701e+04 -1.26540e+05  1.21151e-01  1.00000e+00 -4.84118e+01  0.00000e+00  1.07484e+00 
 5.88069e-03  3.71014e-03 -5.35987e-21  3.47944e+00  2.13307e-04  3.59783e+02  3.60050e+02  4.46087e+00  4.50147e+00  1.33022e-01  4.90690e+01  1.63385e+02  7.52576e+05 -9.11084e+05  8.89391e+02  0.00000e+00 -1.57618e+05  3.90237e+04 -1.18594e+05  1.33044e-01  1.00000e+00 -4.88813e+01  0.00000e+00  1.21326e+00 
 6.03395e-03  3.94857e-03  5.10973e-21  3.47944e+00  2.17335e-04  3.59804e+02  3.60050e+02  4.44418e+00  4.48491e+00  1.45716e-01  4.90209e+01  1.60357e+02  8.55262e+05 -1.00239e+06  8.70844e+02  0.00000e+00 -1.46258e+05  3.49195e+04 -1.11339e+05  1.45739e-01  1.00000e+00 -4.88185e+01  0.00000e+00  1.37405e+00 
 6.19261e-03  4.18701e-03  0.00000e+00  3.47944e+00  2.21903e-04  3.59825e+02  3.60050e+02  4.42516e+00  4.46607e+00  1.59063e-01  4.83471e+01  1.57057e+02  9.59035e+05 -1.09534e+06  8.50438e+02  0.00000e+00 -1.35457e+05  3.08894e+04 -1.04568e+05  1.59088e-01  1.00000e+00 -4.81304e+01  0.00000e+00  1.56027e+00 
 6.35626e-03  4.42546e-03  0.00000e+00  3.47944e+00  2.27085e-04  3.59846e+02  3.60050e+02  4.40354e+00  4.44468e+00  1.72929e-01  4.70384e+01  1.53472e+02  1.06102e+06 -1.18720e+06  8.28326e+02  0.00000e+00 -1.25349e+05  2.70013e+04 -9.83475e+04  1.72957e-01  1.00000e+00 -4.68080e+01  0.00000e+00  1.77503e+00 
 6.52453e-03  4.66392e-03 -8.96437e-21  3.47944e+00  2.32901e-04  3.59866e+02  3.60050e+02  4.37905e+00  4.42048e+00  1.87166e-01  4.51015e+01  1.49640e+02  1.15840e+06 -1.27542e+06  8.04485e+02  0.00000e+00 -1.16213e+05  2.33118e+04 -9.29011e+04  1.87193e-01  1.00000e+00 -4.48587e+01  0.00000e+00  2.02161e+00 
 6.69707e-03  4.90238e-03  1.72236e-20  3.47944e+00  2.39323e-04  3.59885e+02  3.60050e+02  4.35147e+00  4.39323e+00  2.01618e-01  4.26112e+01  1.45625e+02  1.24862e+06 -1.35782e+06  7.79373e+02  0.00000e+00 -1.08425e+05  1.98861e+04 -8.85386e+04  2.01642e-01  1.00000e+00 -4.23572e+01  0.00000e+00  2.30305e+00 
 6.87356e-03  5.14086e-03  8.28595e-21  3.47944e+00  2.46226e-04  3.59904e+02  3.60050e+02  4.32063e+00  4.36276e+00  2.16051e-01  3.96483e+01  1.41543e+02  1.33063e+06 -1.43304e+06  7.53246e+02  0.00000e+00 -1.01653e+05  1.67718e+04 -8.48816e+04  2.16075e-01  1.00000e+00 -3.93846e+01  0.00000e+00  2.62362e+00 
 7.05370e-03  5.37934e-03 -1.59677e-20  3.47944e+00  2.53451e-04  3.59922e+02  3.60050e+02  4.28637e+00  4.32894e+00  2.30275e-01  3.63333e+01  1.37508e+02  1.40350e+06 -1.50027e+06  7.27114e+02  0.00000e+00 -9.60484e+04  1.39976e+04 -8.20509e+04  2.30298e-01  1.00000e+00 -3.60614e+01  0.00000e+00  2.98560e+00 
 7.23722e-03  5.61783e-03  0.00000e+00  3.47944e+00  2.60735e-04  3.59939e+02  3.60050e+02  4.24872e+00  4.29168e+00  2.44117e-01  3.27787e+01  1.33667e+02  1.46860e+06 -1.56071e+06  7.01571e+02  0.00000e+00 -9.14021e+04  1.15675e+04 -7.98346e+04  2.44140e-01  1.00000e+00 -3.24997e+01  0.00000e+00  3.39416e+00 
 7.42387e-03  5.85632e-03  0.00000e+00  3.47944e+00  2.67815e-04  3.59956e+02  3.60050e+02  4.20752e+00  4.25085e+00  2.57458e-01  2.90992e+01  1.30134e+02  1.52771e+06 -1.61607e+06  6.77451e+02  0.00000e+00 -8.76822e+04  9.46724e+03 -7.82150e+04  2.57481e-01  1.00000e+00 -2.88140e+01  0.00000e+00  3.85387e+00 
 7.61342e-03  6.09482e-03  0.00000e+00  3.47944e+00  2.74344e-04  3.59972e+02  3.60050e+02  4.16283e+00  4.20642e+00  2.70225e-01  2.53756e+01  1.27037e+02  1.58456e+06 -1.67004e+06  6.55165e+02  0.00000e+00 -8.48242e+04  7.66568e+03 -7.71585e+04  2.70249e-01  1.00000e+00 -2.50845e+01  0.00000e+00  4.37408e+00 
 7.80566e-03  6.33332e-03  0.00000e+00  3.47944e+00  2.80055e-04  3.59987e+02  3.60050e+02  4.11434e+00  4.15806e+00  2.82439e-01  2.16569e+01  1.24447e+02  1.64201e+06 -1.72594e+06  6.35259e+02  0.00000e+00 -8.32974e+04  6.11786e+03 -7.71795e+04  2.82462e-01  1.00000e+00 -2.13596e+01  0.00000e+00  4.96298e+00 
 8.00039e-03  6.57182e-03  0.00000e+00  3.47944e+00  2.84583e-04  3.60002e+02  3.60051e+02  4.06203e+00  4.10564e+00  2.94023e-01  1.79536e+01  1.22468e+02  1.70563e+06 -1.78877e+06  6.17898e+02  0.00000e+00 -8.25260e+04  4.77881e+03 -7.77472e+04  2.94047e-01  1.00000e+00 -1.76494e+01  0.00000e+00  5.63900e+00 
 8.19744e-03  6.81033e-03  1.31016e-20  3.47944e+00  2.87754e-04  3.60016e+02  3.60051e+02  4.00505e+00  4.04835e+00  3.05134e-01  1.42368e+01  1.21118e+02  1.77825e+06 -1.86260e+06  6.03326e+02  0.00000e+00 -8.37456e+04  3.59297e+03 -8.01526e+04  3.05158e-01  1.00000e+00 -1.39246e+01  0.00000e+00  6.41726e+00 
 8.39664e-03  7.04884e-03  0.00000e+00  3.47944e+00  2.89224e-04  3.60030e+02  3.60051e+02  3.94358e+00  3.98624e+00  3.15679e-01  1.04464e+01  1.20504e+02  1.86757e+06 -1.95415e+06  5.91531e+02  0.00000e+00 -8.59951e+04  2.51224e+03 -8.34829e+04  3.15705e-01  1.00000e+00 -1.01240e+01  0.00000e+00  7.33459e+00 
 8.59784e-03  7.28736e-03  0.00000e+00  3.47944e+00  2.88939e-04  3.60044e+02  3.60051e+02  3.87540e+00  3.91715e+00  3.25864e-01  6.46785e+00  1.20623e+02  1.97691e+06 -2.06855e+06  5.82554e+02  0.00000e+00 -9.10659e+04  1.47580e+03 -8.95901e+04  3.25891e-01  1.00000e+00 -6.13305e+00  0.00000e+00  8.42072e+00 
 8.80092e-03  7.52587e-03  0.00000e+00  3.47944e+00  2.86563e-04  3.60058e+02  3.60052e+02  3.80206e+00  3.84249e+00  3.35649e-01  2.14406e+00  1.21624e+02  2.11815e+06 -2.21711e+06  5.76511e+02  0.00000e+00 -9.83742e+04  4.22458e+02 -9.79518e+04  3.35679e-01  1.00000e+00 -1.79347e+00  0.00000e+00  9.75223e+00 
 9.00573e-03  7.76439e-03 -1.17014e-20  3.47944e+00  2.82127e-04  3.60072e+02  3.60052e+02  3.71716e+00  3.75600e+00  3.45229e-01 -6.30868e+00  1.23537e+02  2.29839e+06 -2.40901e+06  5.72836e+02  0.00000e+00 -1.10051e+05 -1.65298e+03 -1.11704e+05  3.45261e-01  1.00000e+00  7.10611e+00  0.00000e+00  1.14006e+01 
 9.21216e-03  8.00291e-03  0.00000e+00  3.47944e+00  2.75095e-04  3.60088e+02  3.60052e+02  3.62738e+00  3.66422e+00  3.54532e-01 -1.98432e+01  1.26696e+02  2.54420e+06 -2.67023e+06  5.72539e+02  0.00000e+00 -1.25458e+05 -4.80713e+03 -1.30265e+05  3.54565e-01  1.00000e+00  2.06933e+01  0.00000e+00  1.35597e+01 
 9.42012e-03  8.24144e-03  0.00000e+00  3.47944e+00  2.65387e-04  3.60106e+02  3.60053e+02  3.51454e+00  3.54904e+00  3.63871e-01 -3.82787e+01  1.31331e+02  2.87677e+06 -3.03002e+06  5.75256e+02  0.00000e+00 -1.52671e+05 -9.19659e+03 -1.61868e+05  3.63902e-01  1.00000e+00  3.91968e+01  0.00000e+00  1.64149e+01 
 9.62949e-03  8.47996e-03  0.00000e+00  3.47944e+00  2.52084e-04  3.60130e+02  3.60053e+02  3.39577e+00  3.42685e+00  3.73176e-01 -6.65991e+01  1.38263e+02  3.37255e+06 -3.56480e+06  5.84236e+02  0.00000e+00 -1.91659e+05 -1.62843e+04 -2.07943e+05  3.73207e-01  1.00000e+00  6.76105e+01  0.00000e+00  2.05827e+01 
 9.84019e-03  8.71849e-03  0.00000e+00  3.47944e+00  2.34929e-04  3.60164e+02  3.60053e+02  3.22703e+00  3.25492e+00  3.82511e-01 -1.16439e+02  1.48361e+02  4.12341e+06 -4.38646e+06  5.96686e+02  0.00000e+00 -2.62448e+05 -2.96465e+04 -2.92095e+05  3.82540e-01  1.00000e+00  1.17579e+02  0.00000e+00  2.67954e+01 
 1.00521e-02  8.95702e-03  0.00000e+00  3.47944e+00  2.11916e-04  3.60224e+02  3.60054e+02  3.05165e+00  3.07677e+00  3.92011e-01 -2.23521e+02  1.64473e+02  5.49209e+06 -5.85102e+06  6.19749e+02  0.00000e+00 -3.58313e+05 -6.13301e+04 -4.19643e+05  3.92046e-01  1.00000e+00  2.24862e+02  0.00000e+00  3.82698e+01 
 1.02653e-02  9.19555e-03  0.00000e+00  3.47944e+00  1.82674e-04  3.60357e+02  3.60055e+02  2.74777e+00  2.76930e+00  4.02151e-01 -5.24077e+02  1.90805e+02  8.31137e+06 -8.74555e+06  6.42407e+02  0.00000e+00 -4.33546e+05 -1.62149e+05 -5.95695e+05  4.02185e-01  1.00000e+00  5.25743e+02  0.00000e+00  6.35540e+01 
 1.04795e-02  9.43408e-03  0.00000e+00  3.47944e+00  1.48333e-04  3.60803e+02  3.60056e+02  2.29565e+00  2.30963e+00  4.15924e-01 -5.08228e+03  2.34981e+02  1.62475e+07 -1.51321e+07  6.84915e+02  1.89974e+06  3.01582e+06 -3.07439e+06 -5.85791e+04  4.15974e-01  1.00000e+00  5.08451e+03  3.20542e+03  1.60759e+02 
