# Code_Saturne plot output (1D profile)
#
# Iteration output: 7943
# Time output:      2.30004e+01
#
#COLUMN_TITLES: Distance | X | Y | Z | diameter_Field2 | temp_Field1 | temp_Field2 | Velocity_Field1[Z] | Velocity_Field2[Z] | vol_f_Field2 | mass_trans_Field1 | Xd_Field2 | BK | COAL | COMP | NUCL | W1 | MT | SMBR | ALPBB | CONDNUM | GAMA | GAMANUC | epsilon_Field1
 4.56474e-03  1.39645e-04  0.00000e+00  3.47944e+00  8.99070e-04  3.60259e+02  3.60098e+02  7.39184e+00  7.55808e+00  5.89240e-01 -2.69102e+01  3.86720e+01  1.66649e+05 -1.69458e+05  7.29813e+02  0.00000e+00 -2.07870e+03 -2.95500e+02 -2.37420e+03  5.89239e-01  1.00000e+00  2.68885e+01  0.00000e+00  7.00567e+00 
 4.57812e-03  3.76525e-04  4.25872e-21  3.47944e+00  8.97485e-04  3.60258e+02  3.60098e+02  7.39090e+00  7.55740e+00  5.89287e-01 -2.69631e+01  3.87402e+01  1.67373e+05 -1.70211e+05  7.31082e+02  0.00000e+00 -2.10652e+03 -2.96579e+02 -2.40310e+03  5.89287e-01  1.00000e+00  2.69413e+01  0.00000e+00  7.03740e+00 
 4.60371e-03  6.13858e-04  0.00000e+00  3.47944e+00  8.94340e-04  3.60258e+02  3.60098e+02  7.38710e+00  7.55336e+00  5.89372e-01 -2.70452e+01  3.88765e+01  1.68815e+05 -1.71734e+05  7.33362e+02  0.00000e+00 -2.18594e+03 -2.98485e+02 -2.48443e+03  5.89371e-01  1.00000e+00  2.70233e+01  0.00000e+00  7.09953e+00 
 4.64138e-03  8.51483e-04  0.00000e+00  3.47944e+00  8.89718e-04  3.60258e+02  3.60098e+02  7.38174e+00  7.54720e+00  5.89527e-01 -2.71517e+01  3.90784e+01  1.70953e+05 -1.74015e+05  7.36697e+02  0.00000e+00 -2.32544e+03 -3.01138e+02 -2.62658e+03  5.89525e-01  1.00000e+00  2.71297e+01  0.00000e+00  7.19232e+00 
 4.69084e-03  1.08931e-03  0.00000e+00  3.47944e+00  8.83619e-04  3.60257e+02  3.60098e+02  7.37439e+00  7.53863e+00  5.89740e-01 -2.72887e+01  3.93482e+01  1.73826e+05 -1.77099e+05  7.41104e+02  0.00000e+00 -2.53189e+03 -3.04635e+02 -2.83652e+03  5.89739e-01  1.00000e+00  2.72665e+01  0.00000e+00  7.31687e+00 
 4.75174e-03  1.32727e-03  1.05001e-20  3.47944e+00  8.76113e-04  3.60256e+02  3.60098e+02  7.36522e+00  7.52789e+00  5.90025e-01 -2.74574e+01  3.96853e+01  1.77449e+05 -1.81007e+05  7.46599e+02  0.00000e+00 -2.81152e+03 -3.08994e+02 -3.12052e+03  5.90023e-01  1.00000e+00  2.74349e+01  0.00000e+00  7.47437e+00 
 4.82366e-03  1.56534e-03  0.00000e+00  3.47944e+00  8.67260e-04  3.60255e+02  3.60098e+02  7.35412e+00  7.51489e+00  5.90378e-01 -2.76581e+01  4.00905e+01  1.81855e+05 -1.85772e+05  7.53168e+02  0.00000e+00 -3.16445e+03 -3.14241e+02 -3.47869e+03  5.90375e-01  1.00000e+00  2.76353e+01  0.00000e+00  7.66648e+00 
 4.90611e-03  1.80349e-03  8.81027e-21  3.47944e+00  8.57159e-04  3.60254e+02  3.60098e+02  7.34109e+00  7.49964e+00  5.90812e-01 -2.78905e+01  4.05630e+01  1.87069e+05 -1.91421e+05  7.60772e+02  0.00000e+00 -3.59041e+03 -3.20379e+02 -3.91079e+03  5.90809e-01  1.00000e+00  2.78673e+01  0.00000e+00  7.89528e+00 
 4.99859e-03  2.04170e-03  0.00000e+00  3.47944e+00  8.45919e-04  3.60253e+02  3.60098e+02  7.32607e+00  7.48211e+00  5.91329e-01 -2.81534e+01  4.11020e+01  1.93124e+05 -1.97981e+05  7.69404e+02  0.00000e+00 -4.08797e+03 -3.27407e+02 -4.41537e+03  5.91325e-01  1.00000e+00  2.81298e+01  0.00000e+00  8.16274e+00 
 5.10055e-03  2.27996e-03  7.58893e-21  3.47944e+00  8.33653e-04  3.60252e+02  3.60098e+02  7.30897e+00  7.46223e+00  5.91951e-01 -2.84459e+01  4.17068e+01  2.00059e+05 -2.05474e+05  7.78930e+02  0.00000e+00 -4.63576e+03 -3.35323e+02 -4.97108e+03  5.91946e-01  1.00000e+00  2.84218e+01  0.00000e+00  8.47297e+00 
 5.21143e-03  2.51826e-03  7.09702e-21  3.47944e+00  8.20481e-04  3.60251e+02  3.60098e+02  7.28975e+00  7.43999e+00  5.92661e-01 -2.87672e+01  4.23765e+01  2.07916e+05 -2.13939e+05  7.89416e+02  0.00000e+00 -5.23370e+03 -3.44139e+02 -5.57784e+03  5.92655e-01  1.00000e+00  2.87425e+01  0.00000e+00  8.82776e+00 
 5.33068e-03  2.75659e-03  1.33300e-20  3.47944e+00  8.06507e-04  3.60249e+02  3.60098e+02  7.26831e+00  7.41533e+00  5.93485e-01 -2.91163e+01  4.31108e+01  2.16749e+05 -2.23417e+05  8.00764e+02  0.00000e+00 -5.86738e+03 -3.53856e+02 -6.22124e+03  5.93479e-01  1.00000e+00  2.90910e+01  0.00000e+00  9.23221e+00 
 5.45775e-03  2.99495e-03  1.25651e-20  3.47944e+00  7.91838e-04  3.60247e+02  3.60098e+02  7.24454e+00  7.38816e+00  5.94399e-01 -2.94936e+01  4.39096e+01  2.26623e+05 -2.33961e+05  8.13006e+02  0.00000e+00 -6.52473e+03 -3.64517e+02 -6.88925e+03  5.94392e-01  1.00000e+00  2.94676e+01  0.00000e+00  9.68950e+00 
 5.59212e-03  3.23333e-03  0.00000e+00  3.47944e+00  7.76557e-04  3.60246e+02  3.60098e+02  7.21839e+00  7.35843e+00  5.95440e-01 -2.98986e+01  4.47738e+01  2.37610e+05 -2.45647e+05  8.26083e+02  0.00000e+00 -7.21103e+03 -3.76133e+02 -7.58717e+03  5.95432e-01  1.00000e+00  2.98719e+01  0.00000e+00  1.02061e+01 
 5.73326e-03  3.47172e-03  0.00000e+00  3.47944e+00  7.60750e-04  3.60244e+02  3.60099e+02  7.18965e+00  7.32598e+00  5.96579e-01 -3.03337e+01  4.57043e+01  2.49799e+05 -2.58565e+05  8.39998e+02  0.00000e+00 -7.92573e+03 -3.88789e+02 -8.31452e+03  5.96570e-01  1.00000e+00  3.03061e+01  0.00000e+00  1.07862e+01 
 5.88069e-03  3.71014e-03 -5.35987e-21  3.47944e+00  7.44474e-04  3.60242e+02  3.60099e+02  7.15829e+00  7.29076e+00  5.97854e-01 -3.07988e+01  4.67037e+01  2.63293e+05 -2.72835e+05  8.54742e+02  0.00000e+00 -8.68709e+03 -4.02517e+02 -9.08961e+03  5.97844e-01  1.00000e+00  3.07704e+01  0.00000e+00  1.14381e+01 
 6.03395e-03  3.94857e-03  5.10973e-21  3.47944e+00  7.27781e-04  3.60240e+02  3.60099e+02  7.12411e+00  7.25260e+00  5.99221e-01 -3.12991e+01  4.77752e+01  2.78229e+05 -2.88616e+05  8.70338e+02  0.00000e+00 -9.51648e+03 -4.17480e+02 -9.93396e+03  5.99211e-01  1.00000e+00  3.12697e+01  0.00000e+00  1.21672e+01 
 6.19261e-03  4.18701e-03  0.00000e+00  3.47944e+00  7.10678e-04  3.60238e+02  3.60099e+02  7.08708e+00  7.21149e+00  6.00673e-01 -3.18386e+01  4.89252e+01  2.94817e+05 -3.06098e+05  8.86841e+02  0.00000e+00 -1.03940e+04 -4.33839e+02 -1.08279e+04  6.00662e-01  1.00000e+00  3.18081e+01  0.00000e+00  1.29859e+01 
 6.35626e-03  4.42546e-03  0.00000e+00  3.47944e+00  6.93258e-04  3.60236e+02  3.60100e+02  7.04676e+00  7.16703e+00  6.02184e-01 -3.24243e+01  5.01549e+01  3.13189e+05 -3.25457e+05  9.04190e+02  0.00000e+00 -1.13644e+04 -4.51780e+02 -1.18161e+04  6.02173e-01  1.00000e+00  3.23926e+01  0.00000e+00  1.38998e+01 
 6.52453e-03  4.66392e-03 -8.96437e-21  3.47944e+00  6.75522e-04  3.60233e+02  3.60100e+02  7.00335e+00  7.11940e+00  6.03784e-01 -3.30605e+01  5.14720e+01  3.33604e+05 -3.46936e+05  9.22471e+02  0.00000e+00 -1.24102e+04 -4.71481e+02 -1.28816e+04  6.03773e-01  1.00000e+00  3.30276e+01  0.00000e+00  1.49262e+01 
 6.69707e-03  4.90238e-03  1.72236e-20  3.47944e+00  6.57554e-04  3.60231e+02  3.60100e+02  6.95615e+00  7.06794e+00  6.05426e-01 -3.37586e+01  5.28789e+01  3.56247e+05 -3.70792e+05  9.41605e+02  0.00000e+00 -1.36027e+04 -4.93245e+02 -1.40960e+04  6.05414e-01  1.00000e+00  3.37243e+01  0.00000e+00  1.60722e+01 
 6.87356e-03  5.14086e-03  8.28595e-21  3.47944e+00  6.39327e-04  3.60229e+02  3.60101e+02  6.90563e+00  7.01311e+00  6.07167e-01 -3.45285e+01  5.43868e+01  3.81498e+05 -3.97368e+05  9.61782e+02  0.00000e+00 -1.49082e+04 -5.17384e+02 -1.54256e+04  6.07155e-01  1.00000e+00  3.44928e+01  0.00000e+00  1.73664e+01 
 7.05370e-03  5.37934e-03 -1.59677e-20  3.47944e+00  6.20922e-04  3.60227e+02  3.60101e+02  6.85046e+00  6.95360e+00  6.08925e-01 -3.53905e+01  5.59994e+01  4.09625e+05 -4.27039e+05  9.82869e+02  0.00000e+00 -1.64314e+04 -5.44439e+02 -1.69759e+04  6.08910e-01  1.00000e+00  3.53532e+01  0.00000e+00  1.88148e+01 
 7.23722e-03  5.61783e-03  0.00000e+00  3.47944e+00  6.02270e-04  3.60225e+02  3.60101e+02  6.79195e+00  6.89071e+00  6.10795e-01 -3.63645e+01  5.77343e+01  4.41201e+05 -4.60329e+05  1.00526e+03  0.00000e+00 -1.81222e+04 -5.74975e+02 -1.86972e+04  6.10780e-01  1.00000e+00  3.63254e+01  0.00000e+00  2.04616e+01 
 7.42387e-03  5.85632e-03  0.00000e+00  3.47944e+00  5.83450e-04  3.60223e+02  3.60102e+02  6.72728e+00  6.82161e+00  6.12666e-01 -3.74887e+01  5.95970e+01  4.76645e+05 -4.97803e+05  1.02851e+03  0.00000e+00 -2.01299e+04 -6.09995e+02 -2.07399e+04  6.12651e-01  1.00000e+00  3.74476e+01  0.00000e+00  2.23168e+01 
 7.61342e-03  6.09482e-03  0.00000e+00  3.47944e+00  5.64340e-04  3.60221e+02  3.60102e+02  6.65988e+00  6.74977e+00  6.14646e-01 -3.88024e+01  6.16158e+01  5.16882e+05 -5.40347e+05  1.05361e+03  0.00000e+00 -2.24113e+04 -6.50640e+02 -2.30619e+04  6.14633e-01  1.00000e+00  3.87592e+01  0.00000e+00  2.44478e+01 
 7.80566e-03  6.33332e-03  0.00000e+00  3.47944e+00  5.45025e-04  3.60220e+02  3.60103e+02  6.58302e+00  6.66840e+00  6.16613e-01 -4.03797e+01  6.38001e+01  5.62582e+05 -5.88852e+05  1.07900e+03  0.00000e+00 -2.51910e+04 -6.98843e+02 -2.58898e+04  6.16601e-01  1.00000e+00  4.03342e+01  0.00000e+00  2.68742e+01 
 8.00039e-03  6.57182e-03  0.00000e+00  3.47944e+00  5.25285e-04  3.60219e+02  3.60104e+02  6.50608e+00  6.58694e+00  6.18743e-01 -4.23040e+01  6.61985e+01  6.15427e+05 -6.44841e+05  1.10688e+03  0.00000e+00 -2.83066e+04 -7.57046e+02 -2.90636e+04  6.18734e-01  1.00000e+00  4.22559e+01  0.00000e+00  2.97227e+01 
 8.19744e-03  6.81033e-03  1.31016e-20  3.47944e+00  5.05259e-04  3.60218e+02  3.60104e+02  6.41233e+00  6.48857e+00  6.20764e-01 -4.47326e+01  6.88232e+01  6.76435e+05 -7.10013e+05  1.13479e+03  0.00000e+00 -3.24433e+04 -8.29533e+02 -3.32728e+04  6.20755e-01  1.00000e+00  4.46816e+01  0.00000e+00  3.29944e+01 
 8.39664e-03  7.04884e-03  0.00000e+00  3.47944e+00  4.84538e-04  3.60218e+02  3.60105e+02  6.32568e+00  6.39729e+00  6.23027e-01 -4.78514e+01  7.17672e+01  7.49057e+05 -7.87178e+05  1.16767e+03  0.00000e+00 -3.69528e+04 -9.21971e+02 -3.78747e+04  6.23019e-01  1.00000e+00  4.77972e+01  0.00000e+00  3.69657e+01 
 8.59784e-03  7.28736e-03  0.00000e+00  3.47944e+00  4.63392e-04  3.60219e+02  3.60106e+02  6.20643e+00  6.27320e+00  6.25159e-01 -5.20342e+01  7.50433e+01  8.34799e+05 -8.79615e+05  1.19863e+03  0.00000e+00 -4.36179e+04 -1.04477e+03 -4.46627e+04  6.25153e-01  1.00000e+00  5.19763e+01  0.00000e+00  4.16115e+01 
 8.80092e-03  7.52587e-03  0.00000e+00  3.47944e+00  4.41060e-04  3.60221e+02  3.60106e+02  6.11058e+00  6.17259e+00  6.27653e-01 -5.77570e+01  7.88440e+01  9.41574e+05 -9.93565e+05  1.24030e+03  0.00000e+00 -5.07509e+04 -1.21361e+03 -5.19645e+04  6.27649e-01  1.00000e+00  5.76948e+01  0.00000e+00  4.75392e+01 
 9.00573e-03  7.76439e-03 -1.17014e-20  3.47944e+00  4.18064e-04  3.60225e+02  3.60107e+02  5.95087e+00  6.00768e+00  6.29910e-01 -6.60243e+01  8.31827e+01  1.07221e+06 -1.13613e+06  1.27601e+03  0.00000e+00 -6.26481e+04 -1.45851e+03 -6.41066e+04  6.29906e-01  1.00000e+00  6.59571e+01  0.00000e+00  5.46660e+01 
 9.21216e-03  8.00291e-03  0.00000e+00  3.47944e+00  3.93024e-04  3.60232e+02  3.60108e+02  5.84511e+00  5.89696e+00  6.32682e-01 -7.83774e+01  8.84834e+01  1.24642e+06 -1.32391e+06  1.33402e+03  0.00000e+00 -7.61505e+04 -1.83382e+03 -7.79843e+04  6.32675e-01  1.00000e+00  7.83041e+01  0.00000e+00  6.44371e+01 
 9.42012e-03  8.24144e-03  0.00000e+00  3.47944e+00  3.66803e-04  3.60243e+02  3.60109e+02  5.61594e+00  5.66161e+00  6.35222e-01 -9.81494e+01  9.48112e+01  1.47313e+06 -1.57627e+06  1.37775e+03  0.00000e+00 -1.01756e+05 -2.45113e+03 -1.04207e+05  6.35208e-01  1.00000e+00  9.80687e+01  0.00000e+00  7.68785e+01 
 9.62949e-03  8.47996e-03  0.00000e+00  3.47944e+00  3.37006e-04  3.60262e+02  3.60110e+02  5.48867e+00  5.52929e+00  6.38474e-01 -1.32290e+02  1.03195e+02  1.81009e+06 -1.94858e+06  1.46428e+03  0.00000e+00 -1.37033e+05 -3.57812e+03 -1.40612e+05  6.38451e-01  1.00000e+00  1.32200e+02  0.00000e+00  9.58408e+01 
 9.84019e-03  8.71849e-03  0.00000e+00  3.47944e+00  3.04486e-04  3.60298e+02  3.60112e+02  5.15010e+00  5.18403e+00  6.41491e-01 -1.98127e+02  1.14221e+02  2.31350e+06 -2.52303e+06  1.52295e+03  0.00000e+00 -2.08002e+05 -5.90416e+03 -2.13907e+05  6.41469e-01  1.00000e+00  1.98024e+02  0.00000e+00  1.23637e+02 
 1.00521e-02  8.95702e-03  0.00000e+00  3.47944e+00  2.64949e-04  3.60367e+02  3.60113e+02  4.94996e+00  4.97976e+00  6.45557e-01 -3.51304e+02  1.31268e+02  3.24782e+06 -3.57641e+06  1.67026e+03  0.00000e+00 -3.26923e+05 -1.19550e+04 -3.38878e+05  6.45577e-01  1.00000e+00  3.51181e+02  0.00000e+00  1.76930e+02 
 1.02653e-02  9.19555e-03  0.00000e+00  3.47944e+00  2.17139e-04  3.60538e+02  3.60115e+02  4.36739e+00  4.39125e+00  6.48773e-01 -8.29519e+02  1.60177e+02  5.30835e+06 -5.88540e+06  1.79108e+03  0.00000e+00 -5.75265e+05 -3.42709e+04 -6.09536e+05  6.48854e-01  1.00000e+00  8.29362e+02  0.00000e+00  2.93133e+02 
 1.04795e-02  9.43408e-03  0.00000e+00  3.47944e+00  1.57503e-04  3.61165e+02  3.60118e+02  3.72533e+00  3.74063e+00  6.55972e-01 -7.69982e+03  2.20833e+02  1.21642e+07 -1.23406e+07  2.14370e+03  1.53753e+06  1.36331e+06 -1.37974e+06 -1.64288e+04  6.56085e-01  1.00000e+00  7.69960e+03  4.21525e+03  7.43825e+02 
