# Code_Saturne plot output (1D profile)
#
# Iteration output: 18524
# Time output:      1.33813e+01
#
#COLUMN_TITLES: Distance | X | Y | Z | diameter_Field2 | temp_Field1 | temp_Field2 | Velocity_Field1[Z] | Velocity_Field2[Z] | vol_f_Field2 | mass_trans_Field1 | Xd_Field2 | BK | COAL | COMP | NUCL | W1 | MT | SMBR | ALPBB | CONDNUM | GAMA | GAMANUC | epsilon_Field1
 4.56474e-03  1.39645e-04  0.00000e+00  3.47944e+00  1.11002e-03  3.60310e+02  3.60129e+02  1.05135e+01  1.07205e+01  7.99116e-01 -3.28351e+01  3.13031e+01  2.95913e+04 -9.18063e+04  2.37872e+03  0.00000e+00 -5.98363e+04 -2.89742e+02 -6.01260e+04  8.00831e-01  1.00000e+00  3.27698e+01  0.00000e+00  8.18622e+00 
 4.57812e-03  3.76525e-04  4.25872e-21  3.47944e+00  1.10955e-03  3.60309e+02  3.60131e+02  1.05135e+01  1.07198e+01  8.05500e-01 -3.34343e+01  3.13172e+01  2.88791e+04 -9.18110e+04  2.32331e+03  0.00000e+00 -6.06086e+04 -2.93104e+02 -6.09017e+04  8.06536e-01  1.00000e+00  3.33680e+01  0.00000e+00  8.27977e+00 
 4.60371e-03  6.13858e-04  0.00000e+00  3.47944e+00  1.10823e-03  3.60309e+02  3.60134e+02  1.05158e+01  1.07201e+01  8.11843e-01 -3.40981e+01  3.13561e+01  2.82569e+04 -9.16512e+04  2.24678e+03  0.00000e+00 -6.11475e+04 -2.97229e+02 -6.14447e+04  8.12215e-01  1.00000e+00  3.40306e+01  0.00000e+00  8.41928e+00 
 4.64138e-03  8.51483e-04  0.00000e+00  3.47944e+00  1.10549e-03  3.60309e+02  3.60139e+02  1.05134e+01  1.07147e+01  8.16599e-01 -3.45808e+01  3.14362e+01  2.79848e+04 -9.14680e+04  2.15968e+03  0.00000e+00 -6.13236e+04 -3.00762e+02 -6.16244e+04  8.16217e-01  1.00000e+00  3.45125e+01  0.00000e+00  8.59616e+00 
 4.69084e-03  1.08931e-03  0.00000e+00  3.47944e+00  1.10129e-03  3.60308e+02  3.60145e+02  1.05063e+01  1.07036e+01  8.21350e-01 -3.51250e+01  3.15593e+01  2.78077e+04 -9.15770e+04  2.07620e+03  0.00000e+00 -6.16930e+04 -3.05269e+02 -6.19983e+04  8.20149e-01  1.00000e+00  3.50557e+01  0.00000e+00  8.80647e+00 
 4.75174e-03  1.32727e-03  1.05001e-20  3.47944e+00  1.09615e-03  3.60308e+02  3.60152e+02  1.05052e+01  1.06978e+01  8.32977e-01 -3.66244e+01  3.17106e+01  2.65698e+04 -9.25834e+04  1.99470e+03  0.00000e+00 -6.40189e+04 -3.15637e+02 -6.43345e+04  8.31207e-01  1.00000e+00  3.65525e+01  0.00000e+00  9.05516e+00 
 4.82366e-03  1.56534e-03  0.00000e+00  3.47944e+00  1.08913e-03  3.60308e+02  3.60160e+02  1.04977e+01  1.06866e+01  8.12220e-01 -3.34253e+01  3.19192e+01  3.08030e+04 -9.06591e+04  1.94389e+03  0.00000e+00 -5.79122e+04 -2.98254e+02 -5.82105e+04  8.08295e-01  1.00000e+00  3.33591e+01  0.00000e+00  9.30703e+00 
 4.90611e-03  1.80349e-03  8.81027e-21  3.47944e+00  1.07887e-03  3.60307e+02  3.60171e+02  1.04998e+01  1.06868e+01  7.66215e-01 -3.20291e+01  3.22280e+01  3.92603e+04 -8.77605e+04  1.97737e+03  0.00000e+00 -4.65228e+04 -3.06477e+02 -4.68293e+04  7.61247e-01  1.00000e+00  3.19653e+01  0.00000e+00  9.50474e+00 
 4.99859e-03  2.04170e-03  0.00000e+00  3.47944e+00  1.07045e-03  3.60307e+02  3.60189e+02  1.04836e+01  1.06673e+01  7.61659e-01 -3.22273e+01  3.24902e+01  4.08039e+04 -8.94501e+04  2.11193e+03  0.00000e+00 -4.65343e+04 -3.12992e+02 -4.68473e+04  7.56289e-01  1.00000e+00  3.21634e+01  0.00000e+00  9.64217e+00 
 5.10055e-03  2.27996e-03  7.58893e-21  3.47944e+00  1.06340e-03  3.60306e+02  3.60209e+02  1.04722e+01  1.06513e+01  7.62894e-01 -3.24079e+01  3.27159e+01  4.12238e+04 -9.15544e+04  2.21230e+03  0.00000e+00 -4.81183e+04 -3.16503e+02 -4.84348e+04  7.57374e-01  1.00000e+00  3.23438e+01  0.00000e+00  9.75251e+00 
 5.21143e-03  2.51826e-03  7.09702e-21  3.47944e+00  1.05635e-03  3.60306e+02  3.60233e+02  1.04701e+01  1.06444e+01  7.60602e-01 -3.23828e+01  3.29459e+01  4.21905e+04 -9.33821e+04  2.40855e+03  0.00000e+00 -4.87831e+04 -3.19394e+02 -4.91025e+04  7.55268e-01  1.00000e+00  3.23191e+01  0.00000e+00  9.85774e+00 
 5.33068e-03  2.75659e-03  1.33300e-20  3.47944e+00  1.04851e-03  3.60304e+02  3.60262e+02  1.04821e+01  1.06530e+01  7.57466e-01 -3.24466e+01  3.32065e+01  4.33999e+04 -9.54239e+04  2.68060e+03  0.00000e+00 -4.93434e+04 -3.23868e+02 -4.96673e+04  7.52221e-01  1.00000e+00  3.23828e+01  0.00000e+00  9.96674e+00 
 5.45775e-03  2.99495e-03  1.25651e-20  3.47944e+00  1.04037e-03  3.60303e+02  3.60297e+02  1.04931e+01  1.06609e+01  7.57797e-01 -3.26547e+01  3.34840e+01  4.40746e+04 -9.79860e+04  3.03088e+03  0.00000e+00 -5.08806e+04 -3.28503e+02 -5.12091e+04  7.52659e-01  1.00000e+00  3.25907e+01  0.00000e+00  1.00930e+01 
 5.59212e-03  3.23333e-03  0.00000e+00  3.47944e+00  1.03198e-03  3.60302e+02  3.60338e+02  1.04998e+01  1.06641e+01  7.60619e-01 -3.29119e+01  3.37770e+01  4.43667e+04 -1.00800e+05  3.44175e+03  0.00000e+00 -5.29916e+04 -3.32688e+02 -5.33243e+04  7.55618e-01  1.00000e+00  3.28476e+01  0.00000e+00  1.02476e+01 
 5.73326e-03  3.47172e-03  0.00000e+00  3.47944e+00  1.02312e-03  3.60300e+02  3.60385e+02  1.05020e+01  1.06625e+01  7.64927e-01 -3.31866e+01  3.40936e+01  4.44701e+04 -1.03754e+05  3.87996e+03  0.00000e+00 -5.54042e+04 -3.36598e+02 -5.57408e+04  7.60107e-01  1.00000e+00  3.31221e+01  0.00000e+00  1.04433e+01 
 5.88069e-03  3.71014e-03 -5.35987e-21  3.47944e+00  1.01363e-03  3.60299e+02  3.60437e+02  1.05011e+01  1.06578e+01  7.70456e-01 -3.34792e+01  3.44395e+01  4.44435e+04 -1.06791e+05  4.29433e+03  0.00000e+00 -5.80537e+04 -3.40398e+02 -5.83941e+04  7.65862e-01  1.00000e+00  3.34142e+01  0.00000e+00  1.06887e+01 
 6.03395e-03  3.94857e-03  5.10973e-21  3.47944e+00  1.00349e-03  3.60297e+02  3.60494e+02  1.05017e+01  1.06546e+01  7.76837e-01 -3.37875e+01  3.48174e+01  4.43579e+04 -1.09753e+05  4.67025e+03  0.00000e+00 -6.07247e+04 -3.44234e+02 -6.10689e+04  7.72523e-01  1.00000e+00  3.37221e+01  0.00000e+00  1.09950e+01 
 6.19261e-03  4.18701e-03  0.00000e+00  3.47944e+00  9.92881e-04  3.60295e+02  3.60556e+02  1.04984e+01  1.06474e+01  7.84744e-01 -3.40844e+01  3.52215e+01  4.40812e+04 -1.12506e+05  4.96592e+03  0.00000e+00 -6.34588e+04 -3.47501e+02 -6.38063e+04  7.80806e-01  1.00000e+00  3.40184e+01  0.00000e+00  1.13905e+01 
 6.35626e-03  4.42546e-03  0.00000e+00  3.47944e+00  9.81589e-04  3.60293e+02  3.60621e+02  1.04906e+01  1.06356e+01  7.92215e-01 -3.43588e+01  3.56610e+01  4.40345e+04 -1.14593e+05  5.16968e+03  0.00000e+00 -6.53885e+04 -3.51031e+02 -6.57395e+04  7.88720e-01  1.00000e+00  3.42923e+01  0.00000e+00  1.19150e+01 
 6.52453e-03  4.66392e-03 -8.96437e-21  3.47944e+00  9.69570e-04  3.60290e+02  3.60688e+02  1.04731e+01  1.06141e+01  8.02592e-01 -3.45847e+01  3.61387e+01  4.35347e+04 -1.16140e+05  5.25288e+03  0.00000e+00 -6.73523e+04 -3.53074e+02 -6.77054e+04  7.99665e-01  1.00000e+00  3.45176e+01  0.00000e+00  1.26355e+01 
 6.69707e-03  4.90238e-03  1.72236e-20  3.47944e+00  9.56563e-04  3.60288e+02  3.60759e+02  1.04456e+01  1.05823e+01  8.14086e-01 -3.61588e+01  3.66683e+01  4.29695e+04 -1.16368e+05  5.21174e+03  0.00000e+00 -6.81868e+04 -3.68762e+02 -6.85555e+04  8.11906e-01  1.00000e+00  3.60879e+01  0.00000e+00  1.36504e+01 
 6.87356e-03  5.14086e-03  8.28595e-21  3.47944e+00  9.41933e-04  3.60285e+02  3.60836e+02  1.04094e+01  1.05415e+01  8.25740e-01 -3.83855e+01  3.72801e+01  4.25580e+04 -1.14707e+05  5.07749e+03  0.00000e+00 -6.70720e+04 -3.91571e+02 -6.74636e+04  8.24807e-01  1.00000e+00  3.83092e+01  0.00000e+00  1.51012e+01 
 7.05370e-03  5.37934e-03 -1.59677e-20  3.47944e+00  9.24928e-04  3.60282e+02  3.60919e+02  1.03426e+01  1.04699e+01  8.34992e-01 -4.10631e+01  3.80113e+01  4.30278e+04 -1.10561e+05  4.81632e+03  0.00000e+00 -6.27165e+04 -4.21190e+02 -6.31377e+04  8.35826e-01  1.00000e+00  4.09802e+01  0.00000e+00  1.71885e+01 
 7.23722e-03  5.61783e-03  0.00000e+00  3.47944e+00  9.04717e-04  3.60279e+02  3.61006e+02  1.02412e+01  1.03629e+01  8.38742e-01 -4.33548e+01  3.89096e+01  4.55252e+04 -1.03794e+05  4.45233e+03  0.00000e+00 -5.38162e+04 -4.51684e+02 -5.42679e+04  8.41670e-01  1.00000e+00  4.32662e+01  0.00000e+00  2.01902e+01 
 7.42387e-03  5.85632e-03  0.00000e+00  3.47944e+00  8.80730e-04  3.60276e+02  3.61096e+02  1.01019e+01  1.02171e+01  8.36680e-01 -4.49859e+01  4.00213e+01  5.06328e+04 -9.50095e+04  4.00993e+03  0.00000e+00 -4.03668e+04 -4.81256e+02 -4.08481e+04  8.42366e-01  1.00000e+00  4.48933e+01  0.00000e+00  2.45049e+01 
 7.61342e-03  6.09482e-03  0.00000e+00  3.47944e+00  8.52594e-04  3.60274e+02  3.61187e+02  9.92724e+00  1.00349e+01  8.29061e-01 -4.59711e+01  4.13963e+01  5.91229e+04 -8.54049e+04  3.51356e+03  0.00000e+00 -2.27684e+04 -5.10916e+02 -2.32793e+04  8.38306e-01  1.00000e+00  4.58763e+01  0.00000e+00  3.05657e+01 
 7.80566e-03  6.33332e-03  0.00000e+00  3.47944e+00  8.20272e-04  3.60273e+02  3.61278e+02  9.73826e+00  9.83833e+00  8.17295e-01 -4.66499e+01  4.30830e+01  7.17201e+04 -7.65398e+04  2.93065e+03  0.00000e+00 -1.88903e+03 -5.44743e+02 -2.43377e+03  8.30783e-01  1.00000e+00  4.65543e+01  0.00000e+00  3.84836e+01 
 8.00039e-03  6.57182e-03  0.00000e+00  3.47944e+00  7.83355e-04  3.60272e+02  3.61363e+02  9.57510e+00  9.66836e+00  7.98176e-01 -4.59969e+01  4.51685e+01  9.21415e+04 -7.05518e+04  2.17831e+03  0.00000e+00  2.37680e+04 -5.74980e+02  2.31931e+04  8.15096e-01  1.00000e+00  4.59042e+01  0.00000e+00  4.77850e+01 
 8.19744e-03  6.81033e-03  1.31016e-20  3.47944e+00  7.42306e-04  3.60271e+02  3.61441e+02  9.47340e+00  9.56102e+00  7.71740e-01 -4.64333e+01  4.77187e+01  1.22672e+05 -7.18579e+04  1.19706e+03  0.00000e+00  5.20112e+04 -6.33967e+02  5.13773e+04  7.90888e-01  1.00000e+00  4.63411e+01  0.00000e+00  5.70695e+01 
 8.39664e-03  7.04884e-03  0.00000e+00  3.47944e+00  6.97336e-04  3.60270e+02  3.61516e+02  9.36659e+00  9.44876e+00  7.31582e-01 -5.21903e+01  5.08501e+01  1.69865e+05 -8.77816e+04  5.86366e+02  0.00000e+00  8.26699e+04 -8.03892e+02  8.18660e+04  7.50185e-01  1.00000e+00  5.20862e+01  0.00000e+00  6.39593e+01 
 8.59784e-03  7.28736e-03  0.00000e+00  3.47944e+00  6.50047e-04  3.60269e+02  3.61610e+02  9.16056e+00  9.23290e+00  6.93025e-01 -5.97280e+01  5.46217e+01  2.26400e+05 -1.23114e+05  1.82201e+03  0.00000e+00  1.05109e+05 -1.04888e+03  1.04060e+05  7.09588e-01  1.00000e+00  5.96074e+01  0.00000e+00  6.77903e+01 
 8.80092e-03  7.52587e-03  0.00000e+00  3.47944e+00  6.03527e-04  3.60268e+02  3.61776e+02  8.94571e+00  9.00983e+00  6.69235e-01 -6.85316e+01  5.89694e+01  2.83611e+05 -1.86625e+05  8.58112e+03  0.00000e+00  1.05567e+05 -1.35975e+03  1.04207e+05  6.81826e-01  1.00000e+00  6.83909e+01  0.00000e+00  6.87171e+01 
 9.00573e-03  7.76439e-03 -1.17014e-20  3.47944e+00  5.59985e-04  3.60266e+02  3.62202e+02  8.77454e+00  8.82889e+00  6.63118e-01 -7.63042e+01  6.39281e+01  3.30648e+05 -3.04072e+05  3.45219e+04  0.00000e+00  6.10981e+04 -1.68225e+03  5.94158e+04  6.69807e-01  1.00000e+00  7.61475e+01  0.00000e+00  6.51956e+01 
 9.21216e-03  8.00291e-03  0.00000e+00  3.47944e+00  5.26459e-04  3.60265e+02  3.63895e+02  8.64273e+00  8.68851e+00  6.85506e-01 -8.88525e+01  6.95207e+01  3.33357e+05 -4.96478e+05  1.39113e+05  0.00000e+00 -2.40088e+04 -2.08706e+03 -2.60959e+04  6.86709e-01  1.00000e+00  8.86936e+01  0.00000e+00  5.69389e+01 
 9.42012e-03  8.24144e-03  0.00000e+00  3.47944e+00  5.08081e-04  3.60265e+02  3.67444e+02  8.59671e+00  8.63520e+00  7.52536e-01 -9.95972e+01  7.50930e+01  2.82816e+05 -7.50237e+05  2.43009e+05  0.00000e+00 -2.24413e+05 -2.37880e+03 -2.26791e+05  7.32901e-01  1.00000e+00  9.94513e+01  0.00000e+00  4.76541e+01 
 9.62949e-03  8.47996e-03  0.00000e+00  3.47944e+00  5.08102e-04  3.60266e+02  3.69742e+02  8.77520e+00  8.81204e+00  9.10342e-01 -1.07253e+02  7.69298e+01  1.44422e+05 -1.09160e+06  1.46928e+05  0.00000e+00 -8.00250e+05 -2.28617e+03 -8.02536e+05  8.60301e-01  1.00000e+00  1.07055e+02  0.00000e+00  4.31424e+01 
 9.84019e-03  8.71849e-03  0.00000e+00  3.47944e+00  5.24487e-04  3.60277e+02  3.71704e+02  9.09648e+00  9.11311e+00  8.99804e-01 -1.21910e+02  7.59803e+01  1.05811e+05 -1.17816e+06  9.88714e+04  0.00000e+00 -9.73480e+05 -2.55340e+03 -9.76033e+05  8.98344e-01  1.00000e+00  1.21676e+02  0.00000e+00  4.49663e+01 
 1.00521e-02  8.95702e-03  0.00000e+00  3.47944e+00  5.29119e-04  3.60328e+02  3.74300e+02  8.62998e+00  8.66845e+00  8.86652e-01 -1.29015e+02  7.71405e+01  1.13137e+05 -1.28185e+06  8.86415e+04  0.00000e+00 -1.08007e+06 -2.83256e+03 -1.08291e+06  8.92717e-01  1.00000e+00  1.28801e+02  0.00000e+00  4.75317e+01 
 1.02653e-02  9.19555e-03  0.00000e+00  3.47944e+00  5.05626e-04  3.60450e+02  3.78780e+02  6.26298e+00  6.33497e+00  8.81669e-01 -1.77989e+02  8.38341e+01  1.12868e+05 -1.32177e+06  1.01774e+05  0.00000e+00 -1.10713e+06 -4.06103e+03 -1.11119e+06  8.88778e-01  1.00000e+00  1.77782e+02  0.00000e+00  5.11574e+01 
 1.04795e-02  9.43408e-03  0.00000e+00  3.47944e+00  6.42552e-04  3.60801e+02  3.93167e+02  1.66910e+00  1.67058e+00  8.75326e-01 -1.77108e+02  7.29607e+01  6.58717e+04 -9.11847e+05  1.14956e+05  1.42831e+05 -7.31019e+05 -3.66954e+03 -7.34689e+05  8.62301e-01  1.00000e+00  1.77011e+02  0.00000e+00  9.20508e+01 
