# Code_Saturne plot output (1D profile)
#
# Iteration output: 2403
# Time output:      2.30080e+01
#
#COLUMN_TITLES: Distance | X | Y | Z | diameter_Field2 | temp_Field1 | temp_Field2 | Velocity_Field1[Z] | Velocity_Field2[Z] | vol_f_Field2 | mass_trans_Field1 | Xd_Field2 | BK | COAL | COMP | NUCL | W1 | MT | SMBR | ALPBB | CONDNUM | GAMA | GAMANUC | epsilon_Field1
 4.56474e-03  1.39645e-04  0.00000e+00  3.47944e+00  3.17316e-04  3.59982e+02  3.60057e+02  5.10327e+00  5.17237e+00  1.98667e-01  1.38727e+01  1.09794e+02  2.41432e+05 -6.40250e+05  8.43064e+02  0.00000e+00 -3.97975e+05  4.74255e+03 -3.93233e+05  1.98672e-01  1.00000e+00 -1.38732e+01  0.00000e+00  1.40429e+00 
 4.57812e-03  3.76525e-04  4.25872e-21  3.47944e+00  3.51520e-04  3.59982e+02  3.60057e+02  5.10088e+00  5.17863e+00  1.99500e-01  1.20838e+01  9.91101e+01  2.25380e+05 -5.34617e+05  7.61916e+02  0.00000e+00 -3.08475e+05  3.71349e+03 -3.04762e+05  1.99505e-01  1.00000e+00 -1.20843e+01  0.00000e+00  1.41918e+00 
 4.60371e-03  6.13858e-04  0.00000e+00  3.47944e+00  3.75189e-04  3.59983e+02  3.60057e+02  5.09774e+00  5.18125e+00  2.01022e-01  1.10429e+01  9.28577e+01  2.15757e+05 -4.79782e+05  7.14288e+02  0.00000e+00 -2.63311e+05  3.15543e+03 -2.60155e+05  2.01028e-01  1.00000e+00 -1.10434e+01  0.00000e+00  1.44760e+00 
 4.64138e-03  8.51483e-04  0.00000e+00  3.47944e+00  3.96005e-04  3.59985e+02  3.60057e+02  5.09340e+00  5.18169e+00  2.03064e-01  1.02095e+01  8.79766e+01  2.08618e+05 -4.41038e+05  6.76860e+02  0.00000e+00 -2.31743e+05  2.73613e+03 -2.29007e+05  2.03071e-01  1.00000e+00 -1.02099e+01  0.00000e+00  1.49015e+00 
 4.69084e-03  1.08931e-03  0.00000e+00  3.47944e+00  4.17150e-04  3.59987e+02  3.60057e+02  5.08791e+00  5.17880e+00  2.05744e-01  9.36568e+00  8.35171e+01  2.02140e+05 -4.08308e+05  6.42677e+02  0.00000e+00 -2.05525e+05  2.35171e+03 -2.03173e+05  2.05752e-01  1.00000e+00 -9.36606e+00  0.00000e+00  1.54702e+00 
 4.75174e-03  1.32727e-03  1.05001e-20  3.47944e+00  4.39739e-04  3.59990e+02  3.60057e+02  5.08118e+00  5.17282e+00  2.08957e-01  8.52737e+00  7.92270e+01  1.95689e+05 -3.78278e+05  6.09275e+02  0.00000e+00 -1.81980e+05  1.99999e+03 -1.79980e+05  2.08965e-01  1.00000e+00 -8.52773e+00  0.00000e+00  1.61879e+00 
 4.82366e-03  1.56534e-03  0.00000e+00  3.47944e+00  4.64179e-04  3.59993e+02  3.60057e+02  5.07305e+00  5.16452e+00  2.12810e-01  7.70355e+00  7.50555e+01  1.88975e+05 -3.50098e+05  5.76496e+02  0.00000e+00 -1.60546e+05  1.68066e+03 -1.58866e+05  2.12817e-01  1.00000e+00 -7.70389e+00  0.00000e+00  1.70603e+00 
 4.90611e-03  1.80349e-03  8.81027e-21  3.47944e+00  4.90322e-04  3.59997e+02  3.60057e+02  5.06341e+00  5.15425e+00  2.17217e-01  6.90292e+00  7.10538e+01  1.82091e+05 -3.23616e+05  5.44881e+02  0.00000e+00 -1.40980e+05  1.39679e+03 -1.39584e+05  2.17221e-01  1.00000e+00 -6.90324e+00  0.00000e+00  1.80995e+00 
 4.99859e-03  2.04170e-03  0.00000e+00  3.47944e+00  5.17699e-04  3.60002e+02  3.60057e+02  5.05218e+00  5.14217e+00  2.22151e-01  6.13670e+00  6.72963e+01  1.75250e+05 -2.99100e+05  5.15045e+02  0.00000e+00 -1.23335e+05  1.14998e+03 -1.22185e+05  2.22153e-01  1.00000e+00 -6.13701e+00  0.00000e+00  1.93183e+00 
 5.10055e-03  2.27996e-03  7.58893e-21  3.47944e+00  5.45558e-04  3.60007e+02  3.60057e+02  5.03926e+00  5.12828e+00  2.27562e-01  5.41247e+00  6.38599e+01  1.68756e+05 -2.76902e+05  4.87609e+02  0.00000e+00 -1.07658e+05  9.39593e+02 -1.06719e+05  2.27563e-01  1.00000e+00 -5.41276e+00  0.00000e+00  2.07314e+00 
 5.21143e-03  2.51826e-03  7.09702e-21  3.47944e+00  5.72993e-04  3.60013e+02  3.60057e+02  5.02454e+00  5.11252e+00  2.33431e-01  4.73287e+00  6.08023e+01  1.62903e+05 -2.57353e+05  4.63030e+02  0.00000e+00 -9.39872e+04  7.62618e+02 -9.32246e+04  2.33432e-01  1.00000e+00 -4.73315e+00  0.00000e+00  2.23539e+00 
 5.33068e-03  2.75659e-03  1.33300e-20  3.47944e+00  5.99029e-04  3.60019e+02  3.60057e+02  5.00793e+00  5.09482e+00  2.39689e-01  4.09430e+00  5.81597e+01  1.57959e+05 -2.40638e+05  4.41570e+02  0.00000e+00 -8.22371e+04  6.14579e+02 -8.16225e+04  2.39689e-01  1.00000e+00 -4.09457e+00  0.00000e+00  2.42027e+00 
 5.45775e-03  2.99495e-03  1.25651e-20  3.47944e+00  6.22770e-04  3.60026e+02  3.60057e+02  4.98935e+00  5.07511e+00  2.46295e-01  3.48874e+00  5.59427e+01  1.54108e+05 -2.26837e+05  4.23295e+02  0.00000e+00 -7.23051e+04  4.90213e+02 -7.18149e+04  2.46295e-01  1.00000e+00 -3.48900e+00  0.00000e+00  2.62951e+00 
 5.59212e-03  3.23333e-03  0.00000e+00  3.47944e+00  6.43484e-04  3.60033e+02  3.60057e+02  4.96868e+00  5.05328e+00  2.53177e-01  2.90430e+00  5.41419e+01  1.51464e+05 -2.15888e+05  4.08112e+02  0.00000e+00 -6.40159e+04  3.84226e+02 -6.36317e+04  2.53177e-01  1.00000e+00 -2.90456e+00  0.00000e+00  2.86505e+00 
 5.73326e-03  3.47172e-03  0.00000e+00  3.47944e+00  6.60682e-04  3.60041e+02  3.60057e+02  4.94586e+00  5.02927e+00  2.60198e-01  2.32659e+00  5.27326e+01  1.50082e+05 -2.07590e+05  3.95856e+02  0.00000e+00 -5.71121e+04  2.91704e+02 -5.68204e+04  2.60197e-01  1.00000e+00 -2.32685e+00  0.00000e+00  3.12883e+00 
 5.88069e-03  3.71014e-03 -5.35987e-21  3.47944e+00  6.74158e-04  3.60049e+02  3.60057e+02  4.92078e+00  5.00300e+00  2.67450e-01  1.74190e+00  5.16787e+01  1.49915e+05 -2.01849e+05  3.86139e+02  0.00000e+00 -5.15479e+04  2.08237e+02 -5.13396e+04  2.67448e-01  1.00000e+00 -1.74216e+00  0.00000e+00  3.42315e+00 
 6.03395e-03  3.94857e-03  5.10973e-21  3.47944e+00  6.83905e-04  3.60058e+02  3.60057e+02  4.89337e+00  4.97440e+00  2.74781e-01  1.13451e+00  5.09423e+01  1.50941e+05 -1.98369e+05  3.78705e+02  0.00000e+00 -4.70491e+04  1.30137e+02 -4.69190e+04  2.74779e-01  1.00000e+00 -1.13477e+00  0.00000e+00  3.75029e+00 
 6.19261e-03  4.18701e-03  0.00000e+00  3.47944e+00  6.90088e-04  3.60067e+02  3.60057e+02  4.86355e+00  4.94340e+00  2.82166e-01  4.90148e-01  5.04859e+01  1.53111e+05 -1.96957e+05  3.73210e+02  0.00000e+00 -4.34724e+04  5.42787e+01 -4.34182e+04  2.82164e-01  1.00000e+00 -4.90413e-01  0.00000e+00  4.11326e+00 
 6.35626e-03  4.42546e-03  0.00000e+00  3.47944e+00  6.93007e-04  3.60076e+02  3.60057e+02  4.83125e+00  4.90992e+00  2.89575e-01 -5.51706e-01  5.02734e+01  1.56362e+05 -1.97416e+05  3.69373e+02  0.00000e+00 -4.06845e+04 -5.91866e+01 -4.07437e+04  2.89573e-01  1.00000e+00  5.51119e-01  0.00000e+00  4.51492e+00 
 6.52453e-03  4.66392e-03 -8.96437e-21  3.47944e+00  6.92978e-04  3.60086e+02  3.60057e+02  4.79638e+00  4.87390e+00  2.96907e-01 -2.30213e+00  5.02757e+01  1.60687e+05 -1.99556e+05  3.66935e+02  0.00000e+00 -3.85020e+04 -2.41075e+02 -3.87431e+04  2.96905e-01  1.00000e+00  2.30152e+00  0.00000e+00  4.95963e+00 
 6.69707e-03  4.90238e-03  1.72236e-20  3.47944e+00  6.90367e-04  3.60096e+02  3.60057e+02  4.75882e+00  4.83520e+00  3.04212e-01 -4.23881e+00  5.04660e+01  1.66033e+05 -2.03298e+05  3.65671e+02  0.00000e+00 -3.68991e+04 -4.34913e+02 -3.73340e+04  3.04210e-01  1.00000e+00  4.23818e+00  0.00000e+00  5.45121e+00 
 6.87356e-03  5.14086e-03  8.28595e-21  3.47944e+00  6.85444e-04  3.60106e+02  3.60058e+02  4.71852e+00  4.79377e+00  3.11362e-01 -6.39985e+00  5.08287e+01  1.72471e+05 -2.08540e+05  3.65418e+02  0.00000e+00 -3.57035e+04 -6.46204e+02 -3.63497e+04  3.11360e-01  1.00000e+00  6.39921e+00  0.00000e+00  5.99652e+00 
 7.05370e-03  5.37934e-03 -1.59677e-20  3.47944e+00  6.78525e-04  3.60117e+02  3.60058e+02  4.67521e+00  4.74937e+00  3.18464e-01 -8.83024e+00  5.13472e+01  1.79978e+05 -2.15328e+05  3.66017e+02  0.00000e+00 -3.49831e+04 -8.80634e+02 -3.58637e+04  3.18462e-01  1.00000e+00  8.82957e+00  0.00000e+00  6.60081e+00 
 7.23722e-03  5.61783e-03  0.00000e+00  3.47944e+00  6.69758e-04  3.60128e+02  3.60058e+02  4.62892e+00  4.70202e+00  3.25351e-01 -1.15816e+01  5.20195e+01  1.88739e+05 -2.23658e+05  3.67399e+02  0.00000e+00 -3.45510e+04 -1.14538e+03 -3.56964e+04  3.25352e-01  1.00000e+00  1.15809e+01  0.00000e+00  7.27556e+00 
 7.42387e-03  5.85632e-03  0.00000e+00  3.47944e+00  6.59379e-04  3.60139e+02  3.60058e+02  4.57910e+00  4.65116e+00  3.32205e-01 -1.47216e+01  5.28386e+01  1.98770e+05 -2.33737e+05  3.69457e+02  0.00000e+00 -3.45975e+04 -1.44836e+03 -3.60459e+04  3.32206e-01  1.00000e+00  1.47209e+01  0.00000e+00  8.02815e+00 
 7.61342e-03  6.09482e-03  0.00000e+00  3.47944e+00  6.47395e-04  3.60151e+02  3.60058e+02  4.52603e+00  4.59709e+00  3.38803e-01 -1.83341e+01  5.38169e+01  2.10432e+05 -2.45692e+05  3.72206e+02  0.00000e+00 -3.48875e+04 -1.80140e+03 -3.66889e+04  3.38804e-01  1.00000e+00  1.83334e+01  0.00000e+00  8.87874e+00 
 7.80566e-03  6.33332e-03  0.00000e+00  3.47944e+00  6.33991e-04  3.60164e+02  3.60059e+02  4.46848e+00  4.53855e+00  3.45404e-01 -2.25350e+01  5.49551e+01  2.23784e+05 -2.59942e+05  3.75565e+02  0.00000e+00 -3.57829e+04 -2.21777e+03 -3.80007e+04  3.45405e-01  1.00000e+00  2.25342e+01  0.00000e+00  9.83785e+00 
 8.00039e-03  6.57182e-03  0.00000e+00  3.47944e+00  6.19037e-04  3.60178e+02  3.60059e+02  4.40749e+00  4.47663e+00  3.51724e-01 -2.74775e+01  5.62829e+01  2.39486e+05 -2.76806e+05  3.79647e+02  0.00000e+00 -3.69401e+04 -2.71978e+03 -3.96599e+04  3.51725e-01  1.00000e+00  2.74766e+01  0.00000e+00  1.09430e+01 
 8.19744e-03  6.81033e-03  1.31016e-20  3.47944e+00  6.02710e-04  3.60192e+02  3.60059e+02  4.34007e+00  4.40827e+00  3.58109e-01 -3.33778e+01  5.78079e+01  2.57662e+05 -2.97031e+05  3.84328e+02  0.00000e+00 -3.89852e+04 -3.33284e+03 -4.23180e+04  3.58110e-01  1.00000e+00  3.33769e+01  0.00000e+00  1.22096e+01 
 8.39664e-03  7.04884e-03  0.00000e+00  3.47944e+00  5.84718e-04  3.60208e+02  3.60059e+02  4.26963e+00  4.33697e+00  3.64209e-01 -4.05490e+01  5.95870e+01  2.79541e+05 -3.21306e+05  3.89917e+02  0.00000e+00 -4.13746e+04 -4.10363e+03 -4.54783e+04  3.64210e-01  1.00000e+00  4.05481e+01  0.00000e+00  1.37130e+01 
 8.59784e-03  7.28736e-03  0.00000e+00  3.47944e+00  5.65252e-04  3.60226e+02  3.60060e+02  4.18837e+00  4.25483e+00  3.70451e-01 -4.94375e+01  6.16396e+01  3.05416e+05 -3.51022e+05  3.96094e+02  0.00000e+00 -4.52094e+04 -5.08828e+03 -5.02977e+04  3.70453e-01  1.00000e+00  4.94365e+01  0.00000e+00  1.54775e+01 
 8.80092e-03  7.52587e-03  0.00000e+00  3.47944e+00  5.43777e-04  3.60247e+02  3.60060e+02  4.10646e+00  4.17215e+00  3.76448e-01 -6.07704e+01  6.40743e+01  3.37766e+05 -3.87750e+05  4.03701e+02  0.00000e+00 -4.95810e+04 -6.39820e+03 -5.59792e+04  3.76450e-01  1.00000e+00  6.07694e+01  0.00000e+00  1.76697e+01 
 9.00573e-03  7.76439e-03 -1.17014e-20  3.47944e+00  5.20525e-04  3.60272e+02  3.60061e+02  4.00361e+00  4.06852e+00  3.82674e-01 -7.56144e+01  6.69371e+01  3.77427e+05 -4.34370e+05  4.11718e+02  0.00000e+00 -5.65320e+04 -8.18146e+03 -6.47134e+04  3.82676e-01  1.00000e+00  7.56133e+01  0.00000e+00  2.03388e+01 
 9.21216e-03  8.00291e-03  0.00000e+00  3.47944e+00  4.94563e-04  3.60302e+02  3.60061e+02  3.90695e+00  3.97115e+00  3.88768e-01 -9.59741e+01  7.04515e+01  4.30071e+05 -4.94854e+05  4.22507e+02  0.00000e+00 -6.43605e+04 -1.07583e+04 -7.51188e+04  3.88770e-01  1.00000e+00  9.59729e+01  0.00000e+00  2.39036e+01 
 9.42012e-03  8.24144e-03  0.00000e+00  3.47944e+00  4.66219e-04  3.60341e+02  3.60061e+02  3.76709e+00  3.83056e+00  3.95192e-01 -1.25032e+02  7.47354e+01  4.98664e+05 -5.76093e+05  4.32852e+02  0.00000e+00 -7.69961e+04 -1.46261e+04 -9.16222e+04  3.95194e-01  1.00000e+00  1.25030e+02  0.00000e+00  2.85316e+01 
 9.62949e-03  8.47996e-03  0.00000e+00  3.47944e+00  4.33910e-04  3.60393e+02  3.60062e+02  3.64654e+00  3.70881e+00  4.01713e-01 -1.69893e+02  8.03009e+01  5.99005e+05 -6.89351e+05  4.49031e+02  0.00000e+00 -8.98971e+04 -2.10073e+04 -1.10904e+05  4.01714e-01  1.00000e+00  1.69892e+02  0.00000e+00  3.55098e+01 
 9.84019e-03  8.71849e-03  0.00000e+00  3.47944e+00  3.98352e-04  3.60470e+02  3.60063e+02  3.43793e+00  3.49682e+00  4.08778e-01 -2.43829e+02  8.74701e+01  7.45107e+05 -8.52324e+05  4.61529e+02  0.00000e+00 -1.06756e+05 -3.22736e+04 -1.39029e+05  4.08781e-01  1.00000e+00  2.43828e+02  0.00000e+00  4.59540e+01 
 1.00521e-02  8.95702e-03  0.00000e+00  3.47944e+00  3.57735e-04  3.60595e+02  3.60063e+02  3.25500e+00  3.30679e+00  4.16157e-01 -3.84151e+02  9.74024e+01  9.96595e+05 -1.08752e+06  4.82812e+02  0.00000e+00 -9.04424e+04 -5.56165e+04 -1.46059e+05  4.16159e-01  1.00000e+00  3.84149e+02  0.00000e+00  6.60052e+01 
 1.02653e-02  9.19555e-03  0.00000e+00  3.47944e+00  3.18632e-04  3.60839e+02  3.60064e+02  2.86889e+00  2.90892e+00  4.24891e-01 -6.83828e+02  1.09358e+02  1.41785e+06 -1.32517e+06  4.75426e+02  0.00000e+00  9.31536e+04 -1.08869e+05 -1.57153e+04  4.24897e-01  1.00000e+00  6.83826e+02  0.00000e+00  1.09106e+02 
 1.04795e-02  9.43408e-03  0.00000e+00  3.47944e+00  3.13282e-04  3.61501e+02  3.60066e+02  2.36816e+00  2.39268e+00  4.33290e-01 -4.84594e+03  1.11227e+02  1.78630e+06 -9.44002e+05  4.11079e+02  5.65179e+05  1.40789e+06 -1.36812e+06  3.97749e+04  4.33296e-01  1.00000e+00  4.84593e+03  3.49815e+03  2.77095e+02 
