# Code_Saturne plot output (1D profile)
#
# Iteration output: 2646
# Time output:      2.30024e+01
#
#COLUMN_TITLES: Distance | X | Y | Z | diameter_Field2 | temp_Field1 | temp_Field2 | Velocity_Field1[Z] | Velocity_Field2[Z] | vol_f_Field2 | mass_trans_Field1 | Xd_Field2 | BK | COAL | COMP | NUCL | W1 | MT | SMBR | ALPBB | CONDNUM | GAMA | GAMANUC | epsilon_Field1
 4.56474e-03  1.39645e-04  0.00000e+00  3.47944e+00  3.39899e-05  3.58775e+02  3.60047e+02  4.23242e+00  4.23547e+00  6.64862e-03  1.14853e+02  1.02550e+03  1.51085e-35 -5.49869e+05  4.93655e+03  0.00000e+00 -5.44933e+05  5.97255e+06  5.42762e+06  6.63609e-03  1.00000e+00 -1.14861e+02  0.00000e+00  3.17008e-01 
 4.57812e-03  3.76525e-04  4.25872e-21  3.47944e+00  4.76244e-05  3.58778e+02  3.60047e+02  4.23204e+00  4.23701e+00  7.15831e-03  7.77995e+01  7.31904e+02  1.45488e-16 -3.35383e+05  3.50749e+03  0.00000e+00 -3.31876e+05  2.68190e+06  2.35003e+06  7.14554e-03  1.00000e+00 -7.78050e+01  0.00000e+00  3.20273e-01 
 4.60371e-03  6.13858e-04  0.00000e+00  3.47944e+00  5.95452e-05  3.58786e+02  3.60047e+02  4.23075e+00  4.23779e+00  7.83630e-03  6.26260e+01  5.85379e+02  8.41531e-09 -2.52717e+05  2.80338e+03  0.00000e+00 -2.49913e+05  1.57716e+06  1.32725e+06  7.82310e-03  1.00000e+00 -6.26304e+01  0.00000e+00  3.26622e-01 
 4.64138e-03  8.51483e-04  0.00000e+00  3.47944e+00  6.97735e-05  3.58799e+02  3.60047e+02  4.22878e+00  4.23762e+00  8.77752e-03  5.63711e+01  4.99566e+02  8.22106e-05 -2.18056e+05  2.39264e+03  0.00000e+00 -2.15663e+05  1.08151e+06  8.65845e+05  8.76374e-03  1.00000e+00 -5.63751e+01  0.00000e+00  3.36143e-01 
 4.69084e-03  1.08931e-03  0.00000e+00  3.47944e+00  7.90019e-05  3.58816e+02  3.60047e+02  4.22610e+00  4.23661e+00  9.99533e-03  5.37829e+01  4.41211e+02  2.43173e-02 -2.03277e+05  2.11341e+03  0.00000e+00 -2.01163e+05  8.00199e+05  5.99036e+05  9.98082e-03  1.00000e+00 -5.37868e+01  0.00000e+00  3.48987e-01 
 4.75174e-03  1.32727e-03  1.05001e-20  3.47944e+00  8.76646e-05  3.58839e+02  3.60047e+02  4.22270e+00  4.23481e+00  1.15168e-02  5.31084e+01  3.97612e+02  1.24648e+00 -1.98926e+05  1.90471e+03  0.00000e+00 -1.97020e+05  6.17945e+05  4.20925e+05  1.15014e-02  1.00000e+00 -5.31124e+01  0.00000e+00  3.65375e-01 
 4.82366e-03  1.56534e-03  0.00000e+00  3.47944e+00  9.59861e-05  3.58865e+02  3.60047e+02  4.21858e+00  4.23225e+00  1.33781e-02  5.36124e+01  3.63141e+02  2.27221e+01 -2.01250e+05  1.73952e+03  0.00000e+00 -1.99488e+05  4.90411e+05  2.90923e+05  1.33617e-02  1.00000e+00 -5.36164e+01  0.00000e+00  3.85616e-01 
 4.90611e-03  1.80349e-03  8.81027e-21  3.47944e+00  1.04057e-04  3.58896e+02  3.60047e+02  4.21371e+00  4.22891e+00  1.56238e-02  5.49531e+01  3.34974e+02  2.08988e+02 -2.08670e+05  1.60430e+03  0.00000e+00 -2.06856e+05  3.96996e+05  1.90139e+05  1.56063e-02  1.00000e+00 -5.49574e+01  0.00000e+00  4.10107e-01 
 4.99859e-03  2.04170e-03  0.00000e+00  3.47944e+00  1.11873e-04  3.58932e+02  3.60047e+02  4.20808e+00  4.22474e+00  1.83067e-02  5.69704e+01  3.11571e+02  1.17744e+03 -2.20653e+05  1.49168e+03  0.00000e+00 -2.17984e+05  3.26681e+05  1.08698e+05  1.82879e-02  1.00000e+00 -5.69749e+01  0.00000e+00  4.39339e-01 
 5.10055e-03  2.27996e-03  7.58893e-21  3.47944e+00  1.19351e-04  3.58971e+02  3.60047e+02  4.20165e+00  4.21968e+00  2.14860e-02  5.96072e+01  2.92051e+02  4.58349e+03 -2.37305e+05  1.39745e+03  0.00000e+00 -2.31324e+05  2.72955e+05  4.16308e+04  2.14659e-02  1.00000e+00 -5.96121e+01  0.00000e+00  4.73920e-01 
 5.21143e-03  2.51826e-03  7.09702e-21  3.47944e+00  1.26346e-04  3.59014e+02  3.60047e+02  4.19437e+00  4.21366e+00  2.52303e-02  6.28734e+01  2.75882e+02  1.33920e+04 -2.59251e+05  1.31905e+03  0.00000e+00 -2.44540e+05  2.31590e+05 -1.29499e+04  2.52089e-02  1.00000e+00 -6.28788e+01  0.00000e+00  5.14570e-01 
 5.33068e-03  2.75659e-03  1.33300e-20  3.47944e+00  1.32691e-04  3.59061e+02  3.60047e+02  4.18619e+00  4.20657e+00  2.96124e-02  6.68069e+01  2.62690e+02  3.12754e+04 -2.87499e+05  1.25468e+03  0.00000e+00 -2.54969e+05  1.99621e+05 -5.53473e+04  2.95897e-02  1.00000e+00 -6.68129e+01  0.00000e+00  5.62159e-01 
 5.45775e-03  2.99495e-03  1.25651e-20  3.47944e+00  1.38247e-04  3.59110e+02  3.60047e+02  4.17705e+00  4.19834e+00  3.47138e-02  7.14485e+01  2.52133e+02  6.14364e+04 -3.23387e+05  1.20267e+03  0.00000e+00 -2.60748e+05  1.74785e+05 -8.59632e+04  3.46899e-02  1.00000e+00 -7.14553e+01  0.00000e+00  6.17708e-01 
 5.59212e-03  3.23333e-03  0.00000e+00  3.47944e+00  1.42951e-04  3.59162e+02  3.60047e+02  4.16688e+00  4.18888e+00  4.06181e-02  7.67970e+01  2.43835e+02  1.05889e+05 -3.68413e+05  1.16123e+03  0.00000e+00 -2.61363e+05  1.55265e+05 -1.06097e+05  4.05930e-02  1.00000e+00 -7.68047e+01  0.00000e+00  6.82431e-01 
 5.73326e-03  3.47172e-03  0.00000e+00  3.47944e+00  1.46834e-04  3.59216e+02  3.60047e+02  4.15558e+00  4.17811e+00  4.74120e-02  8.27938e+01  2.37387e+02  1.65645e+05 -4.24157e+05  1.12834e+03  0.00000e+00 -2.57384e+05  1.39603e+05 -1.17781e+05  4.73858e-02  1.00000e+00 -8.28026e+01  0.00000e+00  7.57761e-01 
 5.88069e-03  3.71014e-03 -5.35987e-21  3.47944e+00  1.50001e-04  3.59272e+02  3.60047e+02  4.14306e+00  4.16596e+00  5.51788e-02  8.93105e+01  2.32376e+02  2.41323e+05 -4.92177e+05  1.10202e+03  0.00000e+00 -2.49752e+05  1.26655e+05 -1.23096e+05  5.51517e-02  1.00000e+00 -8.93206e+01  0.00000e+00  8.45395e-01 
 6.03395e-03  3.94857e-03  5.10973e-21  3.47944e+00  1.52603e-04  3.59328e+02  3.60047e+02  4.12919e+00  4.15235e+00  6.39960e-02  9.59650e+01  2.28414e+02  3.33576e+05 -5.73943e+05  1.08038e+03  0.00000e+00 -2.39287e+05  1.15336e+05 -1.23951e+05  6.39684e-02  1.00000e+00 -9.59767e+01  0.00000e+00  9.47340e-01 
 6.19261e-03  4.18701e-03  0.00000e+00  3.47944e+00  1.54803e-04  3.59385e+02  3.60047e+02  4.11382e+00  4.13717e+00  7.39268e-02  1.01506e+02  2.25167e+02  4.43138e+05 -6.70736e+05  1.06179e+03  0.00000e+00 -2.26536e+05  1.04102e+05 -1.22434e+05  7.38990e-02  1.00000e+00 -1.01519e+02  0.00000e+00  1.06596e+00 
 6.35626e-03  4.42546e-03  0.00000e+00  3.47944e+00  1.56739e-04  3.59441e+02  3.60047e+02  4.09678e+00  4.12028e+00  8.50110e-02  1.06471e+02  2.22386e+02  5.70424e+05 -7.83674e+05  1.04502e+03  0.00000e+00 -2.12205e+05  9.37801e+04 -1.18425e+05  8.49835e-02  1.00000e+00 -1.06486e+02  0.00000e+00  1.20403e+00 
 6.52453e-03  4.66392e-03 -8.96437e-21  3.47944e+00  1.58543e-04  3.59496e+02  3.60047e+02  4.07784e+00  4.10136e+00  9.72509e-02  1.10505e+02  2.19857e+02  7.15493e+05 -9.13311e+05  1.02902e+03  0.00000e+00 -1.96789e+05  8.41122e+04 -1.12677e+05  9.72240e-02  1.00000e+00 -1.10522e+02  0.00000e+00  1.36481e+00 
 6.69707e-03  4.90238e-03  1.72236e-20  3.47944e+00  1.60340e-04  3.59550e+02  3.60047e+02  4.05675e+00  4.08027e+00  1.10634e-01  1.13283e+02  2.17393e+02  8.77721e+05 -1.05964e+06  1.01287e+03  0.00000e+00 -1.80906e+05  7.49443e+04 -1.05962e+05  1.10609e-01  1.00000e+00 -1.13303e+02  0.00000e+00  1.55203e+00 
 6.87356e-03  5.14086e-03  8.28595e-21  3.47944e+00  1.62242e-04  3.59602e+02  3.60047e+02  4.03324e+00  4.05671e+00  1.25077e-01  1.14493e+02  2.14845e+02  1.05567e+06 -1.22151e+06  9.95815e+02  0.00000e+00 -1.64840e+05  6.62115e+04 -9.86282e+04  1.25053e-01  1.00000e+00 -1.14515e+02  0.00000e+00  1.77008e+00 
 7.05370e-03  5.37934e-03 -1.59677e-20  3.47944e+00  1.64346e-04  3.59651e+02  3.60047e+02  4.00694e+00  4.03037e+00  1.40506e-01  1.13937e+02  2.12095e+02  1.24661e+06 -1.39717e+06  9.77255e+02  0.00000e+00 -1.49583e+05  5.79030e+04 -9.16796e+04  1.40483e-01  1.00000e+00 -1.13961e+02  0.00000e+00  2.02371e+00 
 7.23722e-03  5.61783e-03  0.00000e+00  3.47944e+00  1.66712e-04  3.59698e+02  3.60047e+02  3.97750e+00  4.00088e+00  1.56677e-01  1.11445e+02  2.09084e+02  1.44727e+06 -1.58297e+06  9.56795e+02  0.00000e+00 -1.34741e+05  5.00695e+04 -8.46714e+04  1.56656e-01  1.00000e+00 -1.11472e+02  0.00000e+00  2.31877e+00 
 7.42387e-03  5.85632e-03  0.00000e+00  3.47944e+00  1.69391e-04  3.59742e+02  3.60047e+02  3.94449e+00  3.96785e+00  1.73485e-01  1.07089e+02  2.05778e+02  1.65282e+06 -1.77585e+06  9.34353e+02  0.00000e+00 -1.22095e+05  4.27642e+04 -7.93311e+04  1.73464e-01  1.00000e+00 -1.07117e+02  0.00000e+00  2.66083e+00 
 7.61342e-03  6.09482e-03  0.00000e+00  3.47944e+00  1.72367e-04  3.59783e+02  3.60047e+02  3.90755e+00  3.93087e+00  1.90600e-01  1.00970e+02  2.02226e+02  1.85963e+06 -1.97148e+06  9.10021e+02  0.00000e+00 -1.10940e+05  3.60667e+04 -7.48733e+04  1.90583e-01  1.00000e+00 -1.01001e+02  0.00000e+00  3.05768e+00 
 7.80566e-03  6.33332e-03  0.00000e+00  3.47944e+00  1.75604e-04  3.59821e+02  3.60047e+02  3.86629e+00  3.88958e+00  2.07866e-01  9.33888e+01  1.98499e+02  2.06323e+06 -2.16708e+06  8.84257e+02  0.00000e+00 -1.02970e+05  3.00247e+04 -7.29451e+04  2.07851e-01  1.00000e+00 -9.34220e+01  0.00000e+00  3.51629e+00 
 8.00039e-03  6.57182e-03  0.00000e+00  3.47944e+00  1.78973e-04  3.59856e+02  3.60047e+02  3.82044e+00  3.84369e+00  2.24941e-01  8.46594e+01  1.94763e+02  2.26286e+06 -2.36089e+06  8.57630e+02  0.00000e+00 -9.71656e+04  2.46791e+04 -7.24865e+04  2.24931e-01  1.00000e+00 -8.46945e+01  0.00000e+00  4.04814e+00 
 8.19744e-03  6.81033e-03  1.31016e-20  3.47944e+00  1.82339e-04  3.59888e+02  3.60048e+02  3.76963e+00  3.79281e+00  2.41729e-01  7.51636e+01  1.91169e+02  2.45785e+06 -2.55404e+06  8.30971e+02  0.00000e+00 -9.53514e+04  2.00140e+04 -7.53374e+04  2.41720e-01  1.00000e+00 -7.52003e+01  0.00000e+00  4.66460e+00 
 8.39664e-03  7.04884e-03  0.00000e+00  3.47944e+00  1.85438e-04  3.59917e+02  3.60048e+02  3.71362e+00  3.73667e+00  2.57915e-01  6.52117e+01  1.87974e+02  2.65425e+06 -2.75085e+06  8.05127e+02  0.00000e+00 -9.57907e+04  1.60034e+04 -7.97874e+04  2.57911e-01  1.00000e+00 -6.52500e+01  0.00000e+00  5.38786e+00 
 8.59784e-03  7.28736e-03  0.00000e+00  3.47944e+00  1.88060e-04  3.59944e+02  3.60048e+02  3.65174e+00  3.67460e+00  2.73583e-01  5.50384e+01  1.85354e+02  2.85693e+06 -2.95924e+06  7.80917e+02  0.00000e+00 -1.01530e+05  1.25573e+04 -8.89727e+04  2.73578e-01  1.00000e+00 -5.50784e+01  0.00000e+00  6.24157e+00 
 8.80092e-03  7.52587e-03  0.00000e+00  3.47944e+00  1.89816e-04  3.59970e+02  3.60048e+02  3.58363e+00  3.60617e+00  2.88501e-01  4.47363e+01  1.83640e+02  3.08224e+06 -3.19343e+06  7.59130e+02  0.00000e+00 -1.10434e+05  9.59135e+03 -1.00843e+05  2.88498e-01  1.00000e+00 -4.47780e+01  0.00000e+00  7.27742e+00 
 9.00573e-03  7.76439e-03 -1.17014e-20  3.47944e+00  1.90456e-04  3.59994e+02  3.60048e+02  3.50715e+00  3.52923e+00  3.02923e-01  3.41822e+01  1.83024e+02  3.34257e+06 -3.47096e+06  7.40471e+02  0.00000e+00 -1.27647e+05  6.95875e+03 -1.20688e+05  3.02913e-01  1.00000e+00 -3.42256e+01  0.00000e+00  8.55217e+00 
 9.21216e-03  8.00291e-03  0.00000e+00  3.47944e+00  1.89459e-04  3.60017e+02  3.60049e+02  3.42243e+00  3.44383e+00  3.16708e-01  2.30209e+01  1.83989e+02  3.67293e+06 -3.82557e+06  7.25742e+02  0.00000e+00 -1.51914e+05  4.50943e+03 -1.47404e+05  3.16697e-01  1.00000e+00 -2.30666e+01  0.00000e+00  1.01979e+01 
 9.42012e-03  8.24144e-03  0.00000e+00  3.47944e+00  1.86518e-04  3.60040e+02  3.60049e+02  3.32284e+00  3.34337e+00  3.30172e-01  1.03844e+01  1.86891e+02  4.10721e+06 -4.29971e+06  7.15176e+02  0.00000e+00 -1.91788e+05  1.98737e+03 -1.89801e+05  3.30154e-01  1.00000e+00 -1.04330e+01  0.00000e+00  1.23813e+01 
 9.62949e-03  8.47996e-03  0.00000e+00  3.47944e+00  1.80911e-04  3.60065e+02  3.60049e+02  3.21009e+00  3.22928e+00  3.43328e-01 -1.19264e+01  1.92685e+02  4.73838e+06 -4.98893e+06  7.10853e+02  0.00000e+00 -2.49836e+05 -2.23389e+03 -2.52070e+05  3.43313e-01  1.00000e+00  1.18277e+01  0.00000e+00  1.55248e+01 
 9.84019e-03  8.71849e-03  0.00000e+00  3.47944e+00  1.72125e-04  3.60096e+02  3.60050e+02  3.06435e+00  3.08215e+00  3.56389e-01 -6.34569e+01  2.02521e+02  5.69659e+06 -6.04369e+06  7.12450e+02  0.00000e+00 -3.46379e+05 -1.21151e+04 -3.58495e+05  3.56369e-01  1.00000e+00  6.33500e+01  0.00000e+00  2.02842e+01 
 1.00521e-02  8.95702e-03  0.00000e+00  3.47944e+00  1.58732e-04  3.60143e+02  3.60050e+02  2.89285e+00  2.90908e+00  3.69319e-01 -1.66446e+02  2.19611e+02  7.42296e+06 -7.90233e+06  7.24048e+02  0.00000e+00 -4.78641e+05 -3.32837e+04 -5.11924e+05  3.69310e-01  1.00000e+00  1.66327e+02  0.00000e+00  2.89335e+01 
 1.02653e-02  9.19555e-03  0.00000e+00  3.47944e+00  1.40369e-04  3.60247e+02  3.60051e+02  2.62621e+00  2.64024e+00  3.83183e-01 -4.61478e+02  2.48343e+02  1.09627e+07 -1.15558e+07  7.36211e+02  0.00000e+00 -5.92421e+05 -1.00613e+05 -6.93034e+05  3.83173e-01  1.00000e+00  4.61341e+02  0.00000e+00  4.81310e+01 
 1.04795e-02  9.43408e-03  0.00000e+00  3.47944e+00  1.18451e-04  3.60631e+02  3.60052e+02  2.20073e+00  2.20970e+00  3.99561e-01 -5.02233e+03  2.94300e+02  2.08429e+07 -1.97269e+07  7.60083e+02  1.56559e+06  2.68230e+06 -2.78322e+06 -1.00922e+05  3.99593e-01  1.00000e+00  5.02217e+03  3.13404e+03  1.21716e+02 
