# Code_Saturne plot output (1D profile)
#
# Iteration output: 3710
# Time output:      2.30008e+01
#
#COLUMN_TITLES: Distance | X | Y | Z | diameter_Field2 | temp_Field1 | temp_Field2 | Velocity_Field1[Z] | Velocity_Field2[Z] | vol_f_Field2 | mass_trans_Field1 | Xd_Field2 | BK | COAL | COMP | NUCL | W1 | MT | SMBR | ALPBB | CONDNUM | GAMA | GAMANUC | epsilon_Field1
 4.56474e-03  1.39645e-04  0.00000e+00  3.47944e+00  1.00000e-05  3.58903e+02  3.60048e+02  4.16294e+00  4.16302e+00  9.65270e-06  1.11812e+00  3.48557e+03  0.00000e+00 -2.85798e+03  1.10423e+04  0.00000e+00  8.18429e+03  1.90515e+08  1.90523e+08  9.47423e-06  1.00000e+00 -1.11490e+00  0.00000e+00  2.93300e-01 
 4.57812e-03  3.76525e-04  4.25872e-21  3.47944e+00  1.00000e-05  3.58908e+02  3.60048e+02  4.16269e+00  4.16282e+00  5.73731e-05  7.35075e+00  3.48557e+03  0.00000e+00 -1.72191e+04  1.03463e+04  0.00000e+00 -6.87279e+03  2.08428e+08  2.08421e+08  5.69318e-05  1.00000e+00 -7.32952e+00  0.00000e+00  2.95647e-01 
 4.60371e-03  6.13858e-04  0.00000e+00  3.47944e+00  1.43190e-05  3.58919e+02  3.60048e+02  4.16177e+00  4.16209e+00  3.29203e-04  2.53289e+01  2.43422e+03 4.88011e-187 -5.49785e+04  9.24848e+03  0.00000e+00 -4.57301e+04  8.63355e+07  8.62898e+07  3.30622e-04  1.00000e+00 -2.52552e+01  0.00000e+00  3.00277e-01 
 4.64138e-03  8.51483e-04  0.00000e+00  3.47944e+00  2.00712e-05  3.58931e+02  3.60048e+02  4.16045e+00  4.16116e+00  1.13209e-03  5.19950e+01  1.73660e+03 1.20901e-100 -1.07773e+05  7.29292e+03  0.00000e+00 -1.00480e+05  3.68092e+07  3.67088e+07  1.13553e-03  1.00000e+00 -5.18422e+01  0.00000e+00  3.07271e-01 
 4.69084e-03  1.08931e-03  0.00000e+00  3.47944e+00  2.70925e-05  3.58948e+02  3.60048e+02  4.15872e+00  4.16015e+00  2.54718e-03  7.25407e+01  1.28654e+03  3.97713e-56 -1.47501e+05  5.67006e+03  0.00000e+00 -1.41831e+05  1.69196e+07  1.67778e+07  2.55291e-03  1.00000e+00 -7.23245e+01  0.00000e+00  3.16718e-01 
 4.75174e-03  1.32727e-03  1.05001e-20  3.47944e+00  3.50396e-05  3.58967e+02  3.60048e+02  4.15658e+00  4.15907e+00  4.33920e-03  8.08526e+01  9.94750e+02  1.54868e-32 -1.64503e+05  4.48136e+03  0.00000e+00 -1.60022e+05  8.56389e+06  8.40387e+06  4.34630e-03  1.00000e+00 -8.06073e+01  0.00000e+00  3.28733e-01 
 4.82366e-03  1.56534e-03  0.00000e+00  3.47944e+00  4.34299e-05  3.58990e+02  3.60048e+02  4.15399e+00  4.15780e+00  6.22393e-03  8.07363e+01  8.02572e+02  1.73170e-19 -1.66245e+05  3.65009e+03  0.00000e+00 -1.62595e+05  4.81199e+06  4.64940e+06  6.23152e-03  1.00000e+00 -8.04862e+01  0.00000e+00  3.43483e-01 
 4.90611e-03  1.80349e-03  8.81027e-21  3.47944e+00  5.18198e-05  3.59016e+02  3.60048e+02  4.15085e+00  4.15609e+00  8.05945e-03  7.78277e+01  6.72632e+02  7.16424e-12 -1.62025e+05  3.07165e+03  0.00000e+00 -1.58954e+05  3.00281e+06  2.84385e+06  8.06745e-03  1.00000e+00 -7.75806e+01  0.00000e+00  3.61211e-01 
 4.99859e-03  2.04170e-03  0.00000e+00  3.47944e+00  5.99477e-05  3.59045e+02  3.60048e+02  4.14709e+00  4.15411e+00  1.00094e-02  7.37185e+01  5.81435e+02  3.83435e-07 -1.59868e+05  2.65819e+03  0.00000e+00 -1.57210e+05  1.97985e+06  1.82264e+06  1.00180e-02  1.00000e+00 -7.34778e+01  0.00000e+00  3.82238e-01 
 5.10055e-03  2.27996e-03  7.58893e-21  3.47944e+00  6.76406e-05  3.59077e+02  3.60048e+02  4.14267e+00  4.15135e+00  1.23410e-02  7.28563e+01  5.15307e+02  4.82205e-04 -1.63660e+05  2.35547e+03  0.00000e+00 -1.61305e+05  1.40657e+06  1.24526e+06  1.23505e-02  1.00000e+00 -7.26107e+01  0.00000e+00  4.07072e-01 
 5.21143e-03  2.51826e-03  7.09702e-21  3.47944e+00  7.49782e-05  3.59113e+02  3.60048e+02  4.13754e+00  4.14782e+00  1.51400e-02  7.37296e+01  4.64877e+02  7.03292e-02 -1.72111e+05  2.12513e+03  0.00000e+00 -1.69986e+05  1.04673e+06  8.76746e+05  1.51502e-02  1.00000e+00 -7.34718e+01  0.00000e+00  4.36255e-01 
 5.33068e-03  2.75659e-03  1.33300e-20  3.47944e+00  8.21412e-05  3.59152e+02  3.60048e+02  4.13166e+00  4.14350e+00  1.84719e-02  7.55012e+01  4.24339e+02  2.77467e+00 -1.83953e+05  1.93987e+03  0.00000e+00 -1.82011e+05  8.01909e+05  6.19899e+05  1.84827e-02  1.00000e+00 -7.52261e+01  0.00000e+00  4.70391e-01 
 5.45775e-03  2.99495e-03  1.25651e-20  3.47944e+00  8.92210e-05  3.59193e+02  3.60048e+02  4.12498e+00  4.13834e+00  2.24186e-02  7.78531e+01  3.90667e+02  4.55649e+01 -1.98787e+05  1.78575e+03  0.00000e+00 -1.96956e+05  6.27204e+05  4.30248e+05  2.24303e-02  1.00000e+00 -7.75559e+01  0.00000e+00  5.10187e-01 
 5.59212e-03  3.23333e-03  0.00000e+00  3.47944e+00  9.62196e-05  3.59238e+02  3.60048e+02  4.11741e+00  4.13223e+00  2.70716e-02  8.06309e+01  3.62252e+02  3.98356e+02 -2.16753e+05  1.65528e+03  0.00000e+00 -2.14699e+05  4.98724e+05  2.84025e+05  2.70854e-02  1.00000e+00 -8.03068e+01  0.00000e+00  5.56732e-01 
 5.73326e-03  3.47172e-03  0.00000e+00  3.47944e+00  1.03062e-04  3.59285e+02  3.60048e+02  4.10886e+00  4.12506e+00  3.25336e-02  8.37734e+01  3.38200e+02  2.16363e+03 -2.38398e+05  1.54436e+03  0.00000e+00 -2.34690e+05  4.02470e+05  1.67780e+05  3.25489e-02  1.00000e+00 -8.34165e+01  0.00000e+00  6.11469e-01 
 5.88069e-03  3.71014e-03 -5.35987e-21  3.47944e+00  1.09606e-04  3.59334e+02  3.60048e+02  4.09922e+00  4.11667e+00  3.89058e-02  8.72735e+01  3.18009e+02  8.11078e+03 -2.64614e+05  1.45085e+03  0.00000e+00 -2.55052e+05  3.29618e+05  7.45658e+04  3.89214e-02  1.00000e+00 -8.68770e+01  0.00000e+00  6.75978e-01 
 6.03395e-03  3.94857e-03  5.10973e-21  3.47944e+00  1.15661e-04  3.59385e+02  3.60048e+02  4.08835e+00  4.10689e+00  4.62965e-02  9.11708e+01  3.01361e+02  2.27600e+04 -2.96773e+05  1.37333e+03  0.00000e+00 -2.72640e+05  2.74142e+05  1.50234e+03  4.63138e-02  1.00000e+00 -9.07261e+01  0.00000e+00  7.52217e-01 
 6.19261e-03  4.18701e-03  0.00000e+00  3.47944e+00  1.21039e-04  3.59437e+02  3.60048e+02  4.07611e+00  4.09556e+00  5.48201e-02  9.55050e+01  2.87972e+02  5.10580e+04 -3.36635e+05  1.31046e+03  0.00000e+00 -2.84267e+05  2.31664e+05 -5.26027e+04  5.48402e-02  1.00000e+00 -9.50012e+01  0.00000e+00  8.42624e-01 
 6.35626e-03  4.42546e-03  0.00000e+00  3.47944e+00  1.25610e-04  3.59489e+02  3.60048e+02  4.06231e+00  4.08246e+00  6.45843e-02  9.99615e+01  2.77492e+02  9.66607e+04 -3.86154e+05  1.26053e+03  0.00000e+00 -2.88232e+05  1.98238e+05 -8.99944e+04  6.46071e-02  1.00000e+00 -9.93868e+01  0.00000e+00  9.50037e-01 
 6.52453e-03  4.66392e-03 -8.96437e-21  3.47944e+00  1.29341e-04  3.59542e+02  3.60048e+02  4.04672e+00  4.06740e+00  7.56807e-02  1.03415e+02  2.69487e+02  1.61415e+05 -4.47357e+05  1.22143e+03  0.00000e+00 -2.84721e+05  1.69880e+05 -1.14842e+05  7.57055e-02  1.00000e+00 -1.02762e+02  0.00000e+00  1.07790e+00 
 6.69707e-03  4.90238e-03  1.72236e-20  3.47944e+00  1.32265e-04  3.59594e+02  3.60048e+02  4.02910e+00  4.05010e+00  8.81621e-02  1.06493e+02  2.63529e+02  2.45800e+05 -5.22287e+05  1.19104e+03  0.00000e+00 -2.75296e+05  1.46755e+05 -1.28541e+05  8.81879e-02  1.00000e+00 -1.05747e+02  0.00000e+00  1.23030e+00 
 6.87356e-03  5.14086e-03  8.28595e-21  3.47944e+00  1.34495e-04  3.59644e+02  3.60048e+02  4.00914e+00  4.03019e+00  1.02056e-01  1.08838e+02  2.59162e+02  3.49785e+05 -6.12819e+05  1.16726e+03  0.00000e+00 -2.61866e+05  1.27320e+05 -1.34546e+05  1.02084e-01  1.00000e+00 -1.07987e+02  0.00000e+00  1.41185e+00 
 7.05370e-03  5.37934e-03 -1.59677e-20  3.47944e+00  1.36177e-04  3.59693e+02  3.60048e+02  3.98651e+00  4.00747e+00  1.17327e-01  1.10064e+02  2.55960e+02  4.73357e+05 -7.20387e+05  1.14807e+03  0.00000e+00 -2.45882e+05  1.10502e+05 -1.35380e+05  1.17357e-01  1.00000e+00 -1.09092e+02  0.00000e+00  1.62819e+00 
 7.23722e-03  5.61783e-03  0.00000e+00  3.47944e+00  1.37468e-04  3.59740e+02  3.60048e+02  3.96078e+00  3.98151e+00  1.33904e-01  1.09820e+02  2.53557e+02  6.16266e+05 -8.46044e+05  1.13168e+03  0.00000e+00 -2.28646e+05  9.55842e+04 -1.33062e+05  1.33937e-01  1.00000e+00 -1.08715e+02  0.00000e+00  1.88569e+00 
 7.42387e-03  5.85632e-03  0.00000e+00  3.47944e+00  1.38501e-04  3.59783e+02  3.60048e+02  3.93153e+00  3.95191e+00  1.51628e-01  1.07834e+02  2.51666e+02  7.77944e+05 -9.90096e+05  1.11658e+03  0.00000e+00 -2.11035e+05  8.21415e+04 -1.28893e+05  1.51663e-01  1.00000e+00 -1.06585e+02  0.00000e+00  2.19192e+00 
 7.61342e-03  6.09482e-03  0.00000e+00  3.47944e+00  1.39390e-04  3.59824e+02  3.60048e+02  3.89824e+00  3.91821e+00  1.70294e-01  1.03964e+02  2.50062e+02  9.56931e+05 -1.15213e+06  1.10168e+03  0.00000e+00 -1.94093e+05  6.99305e+04 -1.24162e+05  1.70331e-01  1.00000e+00 -1.02562e+02  0.00000e+00  2.55506e+00 
 7.80566e-03  6.33332e-03  0.00000e+00  3.47944e+00  1.40210e-04  3.59860e+02  3.60049e+02  3.86046e+00  3.87995e+00  1.89644e-01  9.82339e+01  2.48600e+02  1.15137e+06 -1.33112e+06  1.08613e+03  0.00000e+00 -1.78661e+05  5.88460e+04 -1.19815e+05  1.89681e-01  1.00000e+00 -9.66744e+01  0.00000e+00  2.98498e+00 
 8.00039e-03  6.57182e-03  0.00000e+00  3.47944e+00  1.41003e-04  3.59894e+02  3.60049e+02  3.81768e+00  3.83665e+00  2.09374e-01  9.08155e+01  2.47203e+02  1.35881e+06 -1.52554e+06  1.06951e+03  0.00000e+00 -1.65657e+05  4.88478e+04 -1.16809e+05  2.09413e-01  1.00000e+00 -8.90966e+01  0.00000e+00  3.49259e+00 
 8.19744e-03  6.81033e-03  1.31016e-20  3.47944e+00  1.41760e-04  3.59924e+02  3.60049e+02  3.76946e+00  3.78787e+00  2.29198e-01  8.20308e+01  2.45883e+02  1.57747e+06 -1.73445e+06  1.05172e+03  0.00000e+00 -1.55930e+05  3.99299e+04 -1.16001e+05  2.29238e-01  1.00000e+00 -8.01533e+01  0.00000e+00  4.09210e+00 
 8.39664e-03  7.04884e-03  0.00000e+00  3.47944e+00  1.42426e-04  3.59950e+02  3.60049e+02  3.71526e+00  3.73307e+00  2.48819e-01  7.22570e+01  2.44733e+02  1.80656e+06 -1.95785e+06  1.03300e+03  0.00000e+00 -1.50261e+05  3.20742e+04 -1.18187e+05  2.48860e-01  1.00000e+00 -7.02231e+01  0.00000e+00  4.80122e+00 
 8.59784e-03  7.28736e-03  0.00000e+00  3.47944e+00  1.42896e-04  3.59974e+02  3.60049e+02  3.65469e+00  3.67186e+00  2.68064e-01  6.18974e+01  2.43930e+02  2.04797e+06 -2.19894e+06  1.01387e+03  0.00000e+00 -1.49953e+05  2.52309e+04 -1.24722e+05  2.68107e-01  1.00000e+00 -5.97084e+01  0.00000e+00  5.64609e+00 
 8.80092e-03  7.52587e-03  0.00000e+00  3.47944e+00  1.42999e-04  3.59994e+02  3.60049e+02  3.58681e+00  3.60330e+00  2.86687e-01  5.12485e+01  2.43756e+02  2.30763e+06 -2.46415e+06  9.95217e+02  0.00000e+00 -1.55525e+05  1.93088e+04 -1.36216e+05  2.86733e-01  1.00000e+00 -4.89029e+01  0.00000e+00  6.66518e+00 
 9.00573e-03  7.76439e-03 -1.17014e-20  3.47944e+00  1.42529e-04  3.60012e+02  3.60050e+02  3.51091e+00  3.52665e+00  3.04724e-01  4.04733e+01  2.44561e+02  2.59673e+06 -2.76738e+06  9.78002e+02  0.00000e+00 -1.69675e+05  1.41489e+04 -1.55526e+05  3.04772e-01  1.00000e+00 -3.79634e+01  0.00000e+00  7.92031e+00 
 9.21216e-03  8.00291e-03  0.00000e+00  3.47944e+00  1.41198e-04  3.60028e+02  3.60050e+02  3.42515e+00  3.44004e+00  3.22077e-01  2.94529e+01  2.46867e+02  2.93640e+06 -3.13166e+06  9.63416e+02  0.00000e+00 -1.94303e+05  9.52545e+03 -1.84777e+05  3.22128e-01  1.00000e+00 -2.67611e+01  0.00000e+00  9.51490e+00 
 9.42012e-03  8.24144e-03  0.00000e+00  3.47944e+00  1.38704e-04  3.60043e+02  3.60050e+02  3.32648e+00  3.34038e+00  3.39017e-01  1.76274e+01  2.51308e+02  3.36003e+06 -3.59734e+06  9.52542e+02  0.00000e+00 -2.36359e+05  5.06765e+03 -2.31292e+05  3.39073e-01  1.00000e+00 -1.47212e+01  0.00000e+00  1.16253e+01 
 9.62949e-03  8.47996e-03  0.00000e+00  3.47944e+00  1.34612e-04  3.60058e+02  3.60050e+02  3.21293e+00  3.22572e+00  3.55569e-01  3.54631e+00  2.58949e+02  3.93843e+06 -4.23864e+06  9.45534e+02  0.00000e+00 -2.99263e+05  1.24940e+02 -2.99139e+05  3.55640e-01  1.00000e+00 -3.69450e-01  0.00000e+00  1.46219e+01 
 9.84019e-03  8.71849e-03  0.00000e+00  3.47944e+00  1.28512e-04  3.60075e+02  3.60051e+02  3.06808e+00  3.07921e+00  3.71856e-01 -3.60838e+01  2.71243e+02  4.78172e+06 -5.18158e+06  9.47137e+02  0.00000e+00 -3.98910e+05 -1.44907e+04 -4.13401e+05  3.71946e-01  1.00000e+00  4.27816e+01  0.00000e+00  1.91333e+01 
 1.00521e-02  8.95702e-03  0.00000e+00  3.47944e+00  1.19604e-04  3.60103e+02  3.60051e+02  2.89426e+00  2.90405e+00  3.87784e-01 -1.25520e+02  2.91447e+02  6.21883e+06 -6.74823e+06  9.54473e+02  0.00000e+00 -5.28446e+05 -4.64296e+04 -5.74876e+05  3.87886e-01  1.00000e+00  1.33036e+02  0.00000e+00  2.70795e+01 
 1.02653e-02  9.19555e-03  0.00000e+00  3.47944e+00  1.07642e-04  3.60174e+02  3.60052e+02  2.63863e+00  2.64691e+00  4.04225e-01 -4.13408e+02  3.23837e+02  9.12552e+06 -9.69912e+06  9.58116e+02  0.00000e+00 -5.72643e+05 -1.57029e+05 -7.29672e+05  4.04328e-01  1.00000e+00  4.22104e+02  0.00000e+00  4.47571e+01 
 1.04795e-02  9.43408e-03  0.00000e+00  3.47944e+00  9.38520e-05  3.60495e+02  3.60053e+02  2.21908e+00  2.22421e+00  4.24496e-01 -5.20856e+03  3.71426e+02  1.71350e+07 -1.61991e+07  9.61051e+02  2.90274e+06  3.83958e+06 -3.96524e+06 -1.25662e+05  4.24567e-01  1.00000e+00  5.21889e+03  3.16333e+03  1.11923e+02 
